/*--------------------------------*- C++ -*----------------------------------*\
| =========                 |                                                 |
| \\      /  F ield         | OpenFOAM: The Open Source CFD Toolbox           |
|  \\    /   O peration     | Version:  2406                                  |
|   \\  /    A nd           | Website:  www.openfoam.com                      |
|    \\/     M anipulation  |                                                 |
\*---------------------------------------------------------------------------*/
FoamFile
{
    version     2.0;
    format      ascii;
    arch        "LSB;label=32;scalar=64";
    class       surfaceScalarField;
    location    "10000";
    object      phi;
}
// * * * * * * * * * * * * * * * * * * * * * * * * * * * * * * * * * * * * * //

dimensions      [0 3 -1 0 0 0 0];

oriented        oriented;

internalField   nonuniform List<scalar> 
7080
(
1.32767e-06
-1.32762e-06
2.90349e-06
-1.57581e-06
4.28902e-06
-1.38554e-06
5.53357e-06
-1.24455e-06
6.73821e-06
-1.20463e-06
7.96444e-06
-1.22624e-06
9.22908e-06
-1.26464e-06
1.05167e-05
-1.2876e-06
1.17933e-05
-1.27657e-06
1.30169e-05
-1.2236e-06
1.4145e-05
-1.12819e-06
1.51398e-05
-9.94777e-07
1.59707e-05
-8.30834e-07
1.6616e-05
-6.45312e-07
1.70634e-05
-4.47475e-07
1.73095e-05
-2.46058e-07
1.73582e-05
-4.87446e-08
1.72202e-05
1.38037e-07
1.69109e-05
3.0935e-07
1.64492e-05
4.61646e-07
1.58567e-05
5.92525e-07
1.51561e-05
7.0056e-07
1.43709e-05
7.85251e-07
1.35237e-05
8.47149e-07
1.26355e-05
8.88243e-07
1.17229e-05
9.12619e-07
1.07957e-05
9.27166e-07
9.85384e-06
9.41854e-07
8.88491e-06
9.68929e-07
7.86442e-06
1.02049e-06
6.75975e-06
1.10467e-06
5.53804e-06
1.22171e-06
4.17553e-06
1.36251e-06
2.6641e-06
1.51143e-06
1.01086e-06
1.65323e-06
-7.68823e-07
1.77969e-06
-2.65906e-06
1.89024e-06
-4.64444e-06
1.98538e-06
-6.7043e-06
2.05986e-06
-8.80333e-06
2.09903e-06
-1.08857e-05
2.08239e-06
-1.28768e-05
1.99111e-06
-1.46919e-05
1.81508e-06
-1.62483e-05
1.5564e-06
-1.74768e-05
1.22851e-06
-1.83292e-05
8.52359e-07
-1.87807e-05
4.51524e-07
-1.88289e-05
4.82363e-08
-1.84903e-05
-3.38679e-07
-1.77956e-05
-6.94655e-07
-1.67857e-05
-1.00995e-06
-1.55068e-05
-1.2789e-06
-1.40068e-05
-1.49998e-06
-1.23296e-05
-1.67717e-06
-1.05072e-05
-1.82237e-06
-8.54956e-06
-1.95768e-06
-6.43856e-06
-2.11101e-06
-4.14762e-06
-2.29094e-06
-1.7654e-06
-2.38222e-06
-1.7654e-06
1.60943e-06
-2.93705e-06
4.40987e-06
-4.37626e-06
7.56972e-06
-4.54538e-06
1.08261e-05
-4.5009e-06
1.41312e-05
-4.5098e-06
1.74862e-05
-4.58117e-06
2.08771e-05
-4.65557e-06
2.42622e-05
-4.67272e-06
2.75766e-05
-4.59096e-06
3.07425e-05
-4.38948e-06
3.36794e-05
-4.06505e-06
3.63121e-05
-3.62755e-06
3.85768e-05
-3.09556e-06
4.04241e-05
-2.4926e-06
4.18207e-05
-1.84405e-06
4.27495e-05
-1.17483e-06
4.32085e-05
-5.07788e-07
4.32094e-05
1.3716e-07
4.27752e-05
7.43539e-07
4.19382e-05
1.29863e-06
4.07375e-05
1.7933e-06
3.92165e-05
2.22153e-06
3.74212e-05
2.5805e-06
3.53974e-05
2.87103e-06
3.3187e-05
3.09859e-06
3.08247e-05
3.27496e-06
2.83319e-05
3.41996e-06
2.57115e-05
3.56227e-06
2.29429e-05
3.73748e-06
1.99814e-05
3.98201e-06
1.67633e-05
4.32272e-06
1.32199e-05
4.7652e-06
9.29565e-06
5.28671e-06
4.9673e-06
5.83978e-06
2.52765e-07
6.36777e-06
-4.78764e-06
6.82009e-06
-1.0059e-05
7.16156e-06
-1.54392e-05
7.36564e-06
-2.07815e-05
7.40213e-06
-2.59174e-05
7.23494e-06
-3.0667e-05
6.83195e-06
-3.48548e-05
6.1789e-06
-3.83281e-05
5.28838e-06
-4.09714e-05
4.19979e-06
-4.27146e-05
2.97164e-06
-4.35327e-05
1.67053e-06
-4.3442e-05
3.60759e-07
-4.24925e-05
-9.01251e-07
-4.07609e-05
-2.07026e-06
-3.83414e-05
-3.11421e-06
-3.53383e-05
-4.01306e-06
-3.18595e-05
-4.75768e-06
-2.80092e-05
-5.3502e-06
-2.38809e-05
-5.80554e-06
-1.95511e-05
-6.15218e-06
-1.50822e-05
-6.42659e-06
-1.05459e-05
-6.64721e-06
-6.10534e-06
-6.73154e-06
-2.21008e-06
-6.27749e-06
-3.97548e-06
1.25567e-06
-4.19273e-06
4.20311e-06
-7.32369e-06
8.11656e-06
-8.45883e-06
1.25537e-05
-8.93802e-06
1.72898e-05
-9.24594e-06
2.2201e-05
-9.49232e-06
2.71942e-05
-9.64877e-06
3.21776e-05
-9.65616e-06
3.70528e-05
-9.4661e-06
4.17167e-05
-9.05344e-06
4.60683e-05
-8.41663e-06
5.0014e-05
-7.57326e-06
5.3473e-05
-6.55454e-06
5.63802e-05
-5.3998e-06
5.8688e-05
-4.15187e-06
6.03666e-05
-2.85342e-06
6.14032e-05
-1.54442e-06
6.18008e-05
-2.60387e-07
6.15762e-05
9.68101e-07
6.07585e-05
2.11639e-06
5.93859e-05
3.16587e-06
5.75038e-05
4.10358e-06
5.51619e-05
4.92241e-06
5.2411e-05
5.62194e-06
4.92993e-05
6.2103e-06
4.58674e-05
6.7069e-06
4.21418e-05
7.14548e-06
3.81284e-05
7.57576e-06
3.3805e-05
8.06081e-06
2.91199e-05
8.66717e-06
2.39961e-05
9.44646e-06
1.83489e-05
1.04125e-05
1.21121e-05
1.15235e-05
5.26915e-06
1.26827e-05
-2.12456e-06
1.37615e-05
-9.9322e-06
1.46277e-05
-1.79455e-05
1.51748e-05
-2.59045e-05
1.53247e-05
-3.35217e-05
1.50193e-05
-4.05088e-05
1.4222e-05
-4.66063e-05
1.29294e-05
-5.16085e-05
1.11811e-05
-5.53786e-05
9.05848e-06
-5.78512e-05
6.67238e-06
-5.90249e-05
4.1454e-06
-5.89495e-05
1.5951e-06
-5.77124e-05
-8.76396e-07
-5.54274e-05
-3.18625e-06
-5.22245e-05
-5.27309e-06
-4.82426e-05
-7.09612e-06
-4.36247e-05
-8.63095e-06
-3.8514e-05
-9.8684e-06
-3.30497e-05
-1.08145e-05
-2.73645e-05
-1.14908e-05
-2.15873e-05
-1.19293e-05
-1.58584e-05
-1.21555e-05
-1.0368e-05
-1.21376e-05
-5.43976e-06
-1.16598e-05
-1.66744e-06
-1.00498e-05
-5.64292e-06
8.85354e-07
-5.07808e-06
3.56184e-06
-1.00002e-05
7.58123e-06
-1.24782e-05
1.25085e-05
-1.38653e-05
1.80235e-05
-1.47609e-05
2.38955e-05
-1.53644e-05
2.9946e-05
-1.56993e-05
3.60228e-05
-1.57329e-05
4.19877e-05
-1.5431e-05
4.77131e-05
-1.47788e-05
5.30823e-05
-1.37858e-05
5.7992e-05
-1.2483e-05
6.23542e-05
-1.09168e-05
6.60976e-05
-9.14321e-06
6.91679e-05
-7.22222e-06
7.15278e-05
-5.21323e-06
7.31554e-05
-3.17202e-06
7.40435e-05
-1.14857e-06
7.41979e-05
8.13692e-07
7.36356e-05
2.67873e-06
7.23833e-05
4.4182e-06
7.04752e-05
6.01169e-06
6.79506e-05
7.44693e-06
6.48515e-05
8.72111e-06
6.12183e-05
9.84341e-06
5.70862e-05
1.0839e-05
5.24781e-05
1.17536e-05
4.73978e-05
1.2656e-05
4.18229e-05
1.36357e-05
3.57011e-05
1.4789e-05
2.89555e-05
1.61921e-05
2.15041e-05
1.78639e-05
1.32937e-05
1.97339e-05
4.34157e-06
2.16348e-05
-5.2308e-06
2.33339e-05
-1.5182e-05
2.45789e-05
-2.51733e-05
2.51661e-05
-3.48099e-05
2.49614e-05
-4.36918e-05
2.39011e-05
-5.14635e-05
2.19938e-05
-5.78551e-05
1.9321e-05
-6.27019e-05
1.60279e-05
-6.59439e-05
1.23005e-05
-6.76085e-05
8.33694e-06
-6.7785e-05
4.3219e-06
-6.66008e-05
4.10889e-07
-6.4204e-05
-3.27319e-06
-6.07506e-05
-6.63966e-06
-5.63968e-05
-9.62684e-06
-5.12996e-05
-1.21934e-05
-4.56165e-05
-1.43141e-05
-3.9507e-05
-1.59779e-05
-3.31334e-05
-1.71881e-05
-2.6664e-05
-1.79602e-05
-2.02806e-05
-1.83127e-05
-1.4196e-05
-1.82402e-05
-8.68527e-06
-1.76483e-05
-4.12976e-06
-1.62153e-05
-1.04966e-06
-1.31299e-05
-6.69258e-06
6.43088e-07
-5.72117e-06
2.99749e-06
-1.23546e-05
6.85869e-06
-1.63394e-05
1.18766e-05
-1.88832e-05
1.77114e-05
-2.05957e-05
2.40733e-05
-2.17262e-05
3.07205e-05
-2.23465e-05
3.74489e-05
-2.24613e-05
4.4083e-05
-2.20651e-05
5.04714e-05
-2.11672e-05
5.64845e-05
-1.97988e-05
6.20128e-05
-1.80113e-05
6.6967e-05
-1.58709e-05
7.12758e-05
-1.3452e-05
7.48853e-05
-1.08317e-05
7.77568e-05
-8.08471e-06
7.9865e-05
-5.28024e-06
8.11964e-05
-2.47991e-06
8.17468e-05
2.63301e-07
8.15205e-05
2.90498e-06
8.05292e-05
5.40952e-06
7.879e-05
7.75087e-06
7.63242e-05
9.91273e-06
7.31552e-05
1.18901e-05
6.93062e-05
1.36925e-05
6.47962e-05
1.5349e-05
5.96357e-05
1.69141e-05
5.38199e-05
1.84719e-05
4.73226e-05
2.01331e-05
4.00932e-05
2.20184e-05
3.20636e-05
2.42217e-05
2.317e-05
2.67575e-05
1.33933e-05
2.95106e-05
2.80878e-06
3.22193e-05
-8.37377e-06
3.45164e-05
-1.97967e-05
3.60018e-05
-3.09979e-05
3.63673e-05
-4.14779e-05
3.54414e-05
-5.07758e-05
3.3199e-05
-5.85338e-05
2.97518e-05
-6.45341e-05
2.53213e-05
-6.87016e-05
2.01954e-05
-7.10798e-05
1.46786e-05
-7.17923e-05
9.04948e-06
-7.10056e-05
3.53516e-06
-6.89001e-05
-1.69451e-06
-6.56531e-05
-6.52028e-06
-6.14299e-05
-1.08629e-05
-5.6387e-05
-1.46697e-05
-5.06776e-05
-1.79028e-05
-4.44576e-05
-2.05341e-05
-3.78912e-05
-2.25443e-05
-3.1156e-05
-2.39233e-05
-2.44486e-05
-2.46676e-05
-1.7992e-05
-2.47693e-05
-1.20468e-05
-2.41854e-05
-6.92378e-06
-2.27713e-05
-2.98655e-06
-2.01526e-05
-6.08602e-07
-1.55079e-05
-7.30118e-06
5.36105e-07
-6.25727e-06
2.6711e-06
-1.44896e-05
6.34678e-06
-2.00151e-05
1.12989e-05
-2.38353e-05
1.72059e-05
-2.65027e-05
2.37566e-05
-2.8277e-05
3.06736e-05
-2.92635e-05
3.77171e-05
-2.95048e-05
4.46836e-05
-2.90316e-05
5.14031e-05
-2.78868e-05
5.77363e-05
-2.6132e-05
6.35714e-05
-2.38464e-05
6.88211e-05
-2.11206e-05
7.34194e-05
-1.80504e-05
7.7318e-05
-1.47303e-05
8.04828e-05
-1.12495e-05
8.28911e-05
-7.68848e-06
8.45283e-05
-4.11712e-06
8.53859e-05
-5.94328e-07
8.54594e-05
2.83149e-06
8.4747e-05
6.12198e-06
8.32488e-05
9.24906e-06
8.09661e-05
1.21954e-05
7.79001e-05
1.4956e-05
7.40508e-05
1.75417e-05
6.9415e-05
1.99849e-05
6.39828e-05
2.23463e-05
5.77342e-05
2.47204e-05
5.06347e-05
2.72326e-05
4.26349e-05
3.00182e-05
3.36799e-05
3.31766e-05
2.37352e-05
3.67022e-05
1.28309e-05
4.04148e-05
1.11563e-06
4.39346e-05
-1.11029e-05
4.67349e-05
-2.3357e-05
4.8256e-05
-3.50879e-05
4.80981e-05
-4.5737e-05
4.60905e-05
-5.48401e-05
4.23021e-05
-6.20922e-05
3.70039e-05
-6.73678e-05
3.0597e-05
-7.06992e-05
2.35268e-05
-7.2228e-05
1.62075e-05
-7.21525e-05
8.97392e-06
-7.06836e-05
2.06635e-06
-6.80197e-05
-4.35842e-06
-6.43339e-05
-1.02062e-05
-5.97759e-05
-1.54208e-05
-5.44832e-05
-1.99624e-05
-4.85916e-05
-2.37944e-05
-4.22459e-05
-2.68798e-05
-3.56084e-05
-2.91818e-05
-2.88657e-05
-3.06659e-05
-2.22338e-05
-3.12995e-05
-1.59614e-05
-3.10417e-05
-1.03322e-05
-2.98146e-05
-5.65936e-06
-2.74441e-05
-2.25983e-06
-2.35521e-05
-3.75353e-07
-1.73923e-05
-7.67653e-06
5.31161e-07
-6.78843e-06
2.58173e-06
-1.65401e-05
6.14864e-06
-2.3582e-05
1.10227e-05
-2.87095e-05
1.69073e-05
-3.23872e-05
2.34899e-05
-3.48596e-05
3.04772e-05
-3.62508e-05
3.76097e-05
-3.66372e-05
4.46665e-05
-3.60885e-05
5.14666e-05
-3.46869e-05
5.78659e-05
-3.25313e-05
6.37539e-05
-2.97344e-05
6.90492e-05
-2.64159e-05
7.36941e-05
-2.26953e-05
7.76498e-05
-1.8686e-05
8.08914e-05
-1.44911e-05
8.34033e-05
-1.02004e-05
8.51754e-05
-5.88926e-06
8.62002e-05
-1.61913e-06
8.64697e-05
2.56197e-06
8.59739e-05
6.6178e-06
8.46999e-05
1.0523e-05
8.26316e-05
1.42638e-05
7.97489e-05
1.78388e-05
7.60278e-05
2.12628e-05
7.14399e-05
2.45728e-05
6.59515e-05
2.78346e-05
5.95224e-05
3.11495e-05
5.21055e-05
3.46495e-05
4.36507e-05
3.8473e-05
3.4118e-05
4.27093e-05
2.35079e-05
4.73124e-05
1.19076e-05
5.20151e-05
-4.55946e-07
5.62982e-05
-1.31812e-05
5.94602e-05
-2.57129e-05
6.07877e-05
-3.74336e-05
5.98188e-05
-4.7775e-05
5.64319e-05
-5.63175e-05
5.08446e-05
-6.28435e-05
4.35299e-05
-6.73331e-05
3.50865e-05
-6.99166e-05
2.61104e-05
-7.08086e-05
1.70994e-05
-7.02468e-05
8.41216e-06
-6.84519e-05
2.71418e-07
-6.56077e-05
-7.20256e-06
-6.18602e-05
-1.39537e-05
-5.73281e-05
-1.99528e-05
-5.212e-05
-2.51705e-05
-4.63483e-05
-2.9566e-05
-4.01433e-05
-3.30849e-05
-3.36621e-05
-3.5663e-05
-2.70955e-05
-3.72325e-05
-2.06708e-05
-3.77242e-05
-1.46503e-05
-3.70622e-05
-9.32494e-06
-3.514e-05
-4.99648e-06
-3.17725e-05
-1.93745e-06
-2.66111e-05
-3.05391e-07
-1.90244e-05
-7.98192e-06
5.89207e-07
-7.37764e-06
2.66733e-06
-1.86182e-05
6.22215e-06
-2.71369e-05
1.10647e-05
-3.3552e-05
1.69147e-05
-3.82372e-05
2.3464e-05
-4.14089e-05
3.04142e-05
-4.3201e-05
3.74971e-05
-4.37201e-05
4.44843e-05
-4.30757e-05
5.11908e-05
-4.13933e-05
5.74733e-05
-3.88138e-05
6.32266e-05
-3.54878e-05
6.83781e-05
-3.15673e-05
7.28809e-05
-2.71981e-05
7.67082e-05
-2.25133e-05
7.98464e-05
-1.76293e-05
8.22901e-05
-1.26441e-05
8.40374e-05
-7.63648e-06
8.50855e-05
-2.66722e-06
8.5428e-05
2.21941e-06
8.50523e-05
6.99353e-06
8.3938e-05
1.16373e-05
8.20565e-05
1.61452e-05
7.9371e-05
2.05243e-05
7.58363e-05
2.47975e-05
7.14002e-05
2.90088e-05
6.60048e-05
3.32301e-05
5.9588e-05
3.75663e-05
5.20879e-05
4.21496e-05
4.34515e-05
4.71093e-05
3.36539e-05
5.25069e-05
2.27313e-05
5.8235e-05
1.08285e-05
6.39179e-05
-1.7538e-06
6.88805e-05
-1.45371e-05
7.22435e-05
-2.691e-05
7.31605e-05
-3.82375e-05
7.11464e-05
-4.79839e-05
6.61783e-05
-5.58055e-05
5.86662e-05
-6.15836e-05
4.9308e-05
-6.53946e-05
3.88976e-05
-6.74412e-05
2.8157e-05
-6.79762e-05
1.76344e-05
-6.72429e-05
7.67885e-06
-6.54424e-05
-1.52901e-06
-6.27241e-05
-9.92091e-06
-5.91941e-05
-1.74837e-05
-5.49347e-05
-2.42123e-05
-5.00227e-05
-3.00825e-05
-4.45475e-05
-3.50412e-05
-3.86244e-05
-3.90081e-05
-3.24043e-05
-4.18831e-05
-2.60791e-05
-4.35577e-05
-1.98816e-05
-4.39217e-05
-1.40804e-05
-4.28634e-05
-8.96662e-06
-4.02538e-05
-4.82983e-06
-3.59093e-05
-1.91389e-06
-2.95271e-05
-3.39828e-07
-2.05985e-05
-8.32175e-06
6.77486e-07
-8.05513e-06
2.85494e-06
-2.07957e-05
6.47375e-06
-3.07557e-05
1.13377e-05
-3.84159e-05
1.71699e-05
-4.40694e-05
2.36646e-05
-4.79036e-05
3.05226e-05
-5.0059e-05
3.74738e-05
-5.06713e-05
4.42895e-05
-4.98914e-05
5.07871e-05
-4.78909e-05
5.68293e-05
-4.48561e-05
6.23201e-05
-4.09786e-05
6.7198e-05
-3.64452e-05
7.14287e-05
-3.14289e-05
7.49981e-05
-2.60826e-05
7.79048e-05
-2.0536e-05
8.01544e-05
-1.48938e-05
8.17543e-05
-9.23636e-06
8.2709e-05
-3.62191e-06
8.30167e-05
1.91171e-06
8.26662e-05
7.34401e-06
8.16349e-05
1.26686e-05
7.98875e-05
1.78926e-05
7.73758e-05
2.3036e-05
7.4039e-05
2.81344e-05
6.98053e-05
3.32424e-05
6.45953e-05
3.84401e-05
5.83266e-05
4.3835e-05
5.09225e-05
4.95537e-05
4.23266e-05
5.57052e-05
3.25273e-05
6.23063e-05
2.15943e-05
6.9168e-05
9.72432e-06
7.57878e-05
-2.72126e-06
8.13261e-05
-1.5211e-05
8.47333e-05
-2.71115e-05
8.5061e-05
-3.78077e-05
8.18426e-05
-4.68256e-05
7.51962e-05
-5.39108e-05
6.57513e-05
-5.90366e-05
5.44338e-05
-6.23523e-05
4.22133e-05
-6.41006e-05
2.99052e-05
-6.45402e-05
1.80739e-05
-6.38931e-05
7.03182e-06
-6.23227e-05
-3.09942e-06
-5.99344e-05
-1.23093e-05
-5.67927e-05
-2.06253e-05
-5.29439e-05
-2.80611e-05
-4.84362e-05
-3.45902e-05
-4.3338e-05
-4.01394e-05
-3.77513e-05
-4.45948e-05
-3.18206e-05
-4.78138e-05
-2.57365e-05
-4.96418e-05
-1.97339e-05
-4.99242e-05
-1.40839e-05
-4.85135e-05
-9.0767e-06
-4.52609e-05
-4.99509e-06
-3.99909e-05
-2.0721e-06
-3.245e-05
-4.28384e-07
-2.22422e-05
-8.75013e-06
7.73173e-07
-8.8283e-06
3.08407e-06
-2.31066e-05
6.81078e-06
-3.44824e-05
1.17317e-05
-4.33369e-05
1.75619e-05
-4.98995e-05
2.39931e-05
-5.43348e-05
3.07263e-05
-5.67922e-05
3.74932e-05
-5.74382e-05
4.40702e-05
-5.64685e-05
5.02826e-05
-5.41033e-05
5.60037e-05
-5.05772e-05
6.115e-05
-4.61248e-05
6.56732e-05
-4.09684e-05
6.95526e-05
-3.53082e-05
7.27865e-05
-2.93166e-05
7.53853e-05
-2.31348e-05
7.73648e-05
-1.68733e-05
7.87412e-05
-1.06127e-05
7.95263e-05
-4.40703e-06
7.97241e-05
1.71393e-06
7.93271e-05
7.74095e-06
7.83141e-05
1.36817e-05
7.66477e-05
1.95589e-05
7.4274e-05
2.54098e-05
7.11223e-05
3.12861e-05
6.71072e-05
3.72575e-05
6.21328e-05
4.34145e-05
5.61001e-05
4.98677e-05
4.89201e-05
5.67337e-05
4.05336e-05
6.40918e-05
3.09407e-05
7.18991e-05
2.02403e-05
7.98685e-05
8.67055e-06
8.73575e-05
-3.36388e-06
9.33605e-05
-1.5306e-05
9.66754e-05
-2.6532e-05
9.6287e-05
-3.64754e-05
9.17859e-05
-4.47397e-05
8.34606e-05
-5.11576e-05
7.21692e-05
-5.57761e-05
5.90523e-05
-5.87885e-05
4.52256e-05
-6.04472e-05
3.15639e-05
-6.09915e-05
1.86183e-05
-6.06058e-05
6.64615e-06
-5.94079e-05
-4.29731e-06
-5.74593e-05
-1.42579e-05
-5.47865e-05
-2.32981e-05
-5.14046e-05
-3.1443e-05
-4.7338e-05
-3.86568e-05
-4.26377e-05
-4.48398e-05
-3.73938e-05
-4.98387e-05
-3.17436e-05
-5.3464e-05
-2.58745e-05
-5.55108e-05
-2.00212e-05
-5.57776e-05
-1.44555e-05
-5.40792e-05
-9.46864e-06
-5.02478e-05
-5.34388e-06
-4.41157e-05
-2.31863e-06
-3.54753e-05
-5.36202e-07
-2.40246e-05
-9.28634e-06
8.63024e-07
-9.69132e-06
3.31396e-06
-2.55575e-05
7.1634e-06
-3.83318e-05
1.21544e-05
-4.83278e-05
1.7985e-05
-5.57302e-05
2.43404e-05
-6.06902e-05
3.09209e-05
-6.33726e-05
3.74631e-05
-6.39804e-05
4.37523e-05
-6.27576e-05
4.96262e-05
-5.99773e-05
5.4973e-05
-5.5924e-05
5.97244e-05
-5.08762e-05
6.38473e-05
-4.50913e-05
6.73344e-05
-3.87954e-05
7.01963e-05
-3.21784e-05
7.24533e-05
-2.53918e-05
7.41298e-05
-1.85498e-05
7.5249e-05
-1.17319e-05
7.58288e-05
-4.9868e-06
7.58781e-05
1.66461e-06
7.53938e-05
8.22522e-06
7.43575e-05
1.4718e-05
7.27332e-05
2.11833e-05
7.04654e-05
2.76776e-05
6.74789e-05
3.42725e-05
6.36806e-05
4.10558e-05
5.8964e-05
4.81311e-05
5.32191e-05
5.56126e-05
4.63485e-05
6.36043e-05
3.82921e-05
7.21482e-05
2.90606e-05
8.11305e-05
1.87758e-05
9.01533e-05
7.70576e-06
9.84275e-05
-3.72147e-06
0.000104788
-1.49493e-05
0.000107903
-2.53897e-05
0.000106727
-3.45425e-05
0.000100939
-4.20932e-05
9.10113e-05
-4.79494e-05
7.80254e-05
-5.22083e-05
6.33113e-05
-5.50798e-05
4.80972e-05
-5.68022e-05
3.32863e-05
-5.75793e-05
1.93954e-05
-5.75506e-05
6.61749e-06
-5.67892e-05
-5.05868e-06
-5.53178e-05
-1.57293e-05
-5.31316e-05
-2.54843e-05
-5.02213e-05
-3.43533e-05
-4.65924e-05
-4.22856e-05
-4.22814e-05
-4.91508e-05
-3.73669e-05
-5.47531e-05
-3.19779e-05
-5.8853e-05
-2.62962e-05
-6.11926e-05
-2.05536e-05
-6.15201e-05
-1.50227e-05
-5.96101e-05
-9.99798e-06
-5.52725e-05
-5.77012e-06
-4.83435e-05
-2.59228e-06
-3.86531e-05
-6.43221e-07
-2.59737e-05
-9.92956e-06
9.41081e-07
-1.06324e-05
3.5219e-06
-2.81384e-05
7.48792e-06
-4.22978e-05
1.25423e-05
-5.33822e-05
1.83611e-05
-6.1549e-05
2.46193e-05
-6.69484e-05
3.10167e-05
-6.977e-05
3.72969e-05
-7.02606e-05
4.32578e-05
-6.87186e-05
4.87537e-05
-6.54732e-05
5.36905e-05
-6.08609e-05
5.80178e-05
-5.52035e-05
6.17186e-05
-4.8792e-05
6.47994e-05
-4.18762e-05
6.72814e-05
-3.46604e-05
6.91933e-05
-2.73038e-05
7.05658e-05
-1.99223e-05
7.14268e-05
-1.25929e-05
7.17979e-05
-5.35793e-06
7.16916e-05
1.77092e-06
7.1108e-05
8.80885e-06
7.00317e-05
1.57942e-05
6.84294e-05
2.27856e-05
6.62469e-05
2.98601e-05
6.34088e-05
3.71107e-05
5.98191e-05
4.46455e-05
5.53668e-05
5.25834e-05
4.99365e-05
6.10429e-05
4.34275e-05
7.01133e-05
3.57813e-05
7.97944e-05
2.70187e-05
8.98931e-05
1.72783e-05
9.98938e-05
6.8453e-06
0.00010886
-3.84742e-06
0.00011548
-1.4266e-05
0.000118322
-2.38769e-05
0.000116338
-3.22553e-05
0.000109317
-3.91635e-05
9.79195e-05
-4.45675e-05
8.34294e-05
-4.85915e-05
6.73353e-05
-5.14397e-05
5.09454e-05
-5.33199e-05
3.51665e-05
-5.43931e-05
2.04686e-05
-5.47542e-05
6.97853e-06
-5.44368e-05
-5.37603e-06
-5.34327e-05
-1.67334e-05
-5.17137e-05
-2.72033e-05
-4.92525e-05
-3.68146e-05
-4.60401e-05
-4.5498e-05
-4.21002e-05
-5.30907e-05
-3.74996e-05
-5.93537e-05
-3.23564e-05
-6.39962e-05
-2.68441e-05
-6.6705e-05
-2.11895e-05
-6.71747e-05
-1.56649e-05
-6.51347e-05
-1.05706e-05
-6.03668e-05
-6.20997e-06
-5.27041e-05
-2.8598e-06
-4.20033e-05
-7.40463e-07
-2.8093e-05
-1.067e-05
1.00591e-06
-1.16383e-05
3.69793e-06
-3.08304e-05
7.76141e-06
-4.63613e-05
1.28586e-05
-5.84794e-05
1.86408e-05
-6.73312e-05
2.47719e-05
-7.30795e-05
3.09517e-05
-7.59498e-05
3.69334e-05
-7.62423e-05
4.25309e-05
-7.43161e-05
4.7618e-05
-7.05603e-05
5.21215e-05
-6.53643e-05
5.60101e-05
-5.90922e-05
5.92836e-05
-5.20655e-05
6.19614e-05
-4.4554e-05
6.40745e-05
-3.67735e-05
6.56579e-05
-2.88872e-05
6.67461e-05
-2.10105e-05
6.73693e-05
-1.32161e-05
6.75507e-05
-5.53934e-06
6.7304e-05
2.01767e-06
6.66308e-05
9.48199e-06
6.55182e-05
1.69068e-05
6.39352e-05
2.43686e-05
6.18306e-05
3.19647e-05
5.91311e-05
3.98103e-05
5.5742e-05
4.80346e-05
5.15528e-05
5.67726e-05
4.64482e-05
6.61475e-05
4.03289e-05
7.62326e-05
3.31415e-05
8.69817e-05
2.49162e-05
9.81185e-05
1.58025e-05
0.000109007
6.09165e-06
0.000118571
-3.79532e-06
0.000125367
-1.33643e-05
0.000127891
-2.21475e-05
0.000125122
-2.97969e-05
0.000116967
-3.6142e-05
0.000104265
-4.11891e-05
8.84765e-05
-4.50697e-05
7.12159e-05
-4.79665e-05
5.38421e-05
-5.00481e-05
3.72481e-05
-5.14314e-05
2.18519e-05
-5.21711e-05
7.71829e-06
-5.22698e-05
-5.27742e-06
-5.16964e-05
-1.73068e-05
-5.04068e-05
-2.84929e-05
-4.83613e-05
-3.886e-05
-4.55399e-05
-4.83194e-05
-4.19539e-05
-5.66768e-05
-3.76571e-05
-6.36505e-05
-3.27542e-05
-6.88991e-05
-2.74068e-05
-7.20524e-05
-2.18342e-05
-7.27473e-05
-1.6307e-05
-7.06619e-05
-1.11325e-05
-6.55413e-05
-6.63087e-06
-5.72058e-05
-3.10714e-06
-4.5527e-05
-8.25771e-07
-3.03744e-05
-1.14958e-05
1.05829e-06
-1.26966e-05
3.83948e-06
-3.36116e-05
7.97416e-06
-5.0496e-05
1.30847e-05
-6.35899e-05
1.87973e-05
-7.30439e-05
2.47654e-05
-7.90475e-05
3.06908e-05
-8.18752e-05
3.63389e-05
-8.18904e-05
4.15426e-05
-7.95199e-05
4.61983e-05
-7.5216e-05
5.0255e-05
-6.9421e-05
5.37017e-05
-6.25389e-05
5.65544e-05
-5.49181e-05
5.88448e-05
-4.68444e-05
6.06117e-05
-3.85404e-05
6.18946e-05
-3.01701e-05
6.273e-05
-2.18458e-05
6.3148e-05
-1.36341e-05
6.31711e-05
-5.56244e-06
6.28122e-05
2.37657e-06
6.20728e-05
1.02213e-05
6.09408e-05
1.80388e-05
5.93871e-05
2.59223e-05
5.73635e-05
3.39883e-05
5.48001e-05
4.23736e-05
5.16066e-05
5.12281e-05
4.76765e-05
6.07028e-05
4.28992e-05
7.09247e-05
3.71816e-05
8.19502e-05
3.04781e-05
9.36851e-05
2.28277e-05
0.000105769
1.43865e-05
0.000117449
5.44129e-06
0.000127517
-3.61139e-06
0.00013442
-1.23289e-05
0.000136608
-2.03144e-05
0.000133107
-2.72927e-05
0.000123945
-3.31483e-05
0.00011012
-3.7912e-05
9.32402e-05
-4.17076e-05
7.50115e-05
-4.46862e-05
5.68207e-05
-4.69745e-05
3.95365e-05
-4.86484e-05
2.35257e-05
-4.97294e-05
8.79931e-06
-5.01968e-05
-4.80995e-06
-5.00052e-05
-1.74984e-05
-4.91008e-05
-2.93974e-05
-4.7436e-05
-4.05248e-05
-4.49815e-05
-5.0774e-05
-4.17369e-05
-5.99213e-05
-3.77414e-05
-6.7646e-05
-3.30834e-05
-7.3557e-05
-2.79093e-05
-7.72265e-05
-2.24274e-05
-7.82292e-05
-1.6905e-05
-7.61843e-05
-1.1656e-05
-7.07903e-05
-7.01922e-06
-6.18426e-05
-3.33095e-06
-4.92153e-05
-9.0032e-07
-3.2805e-05
-1.23961e-05
1.09966e-06
-1.37963e-05
3.9473e-06
-3.64592e-05
8.12359e-06
-5.46723e-05
1.32131e-05
-6.86794e-05
1.88188e-05
-7.86496e-05
2.45853e-05
-8.4814e-05
3.02195e-05
-8.75094e-05
3.55022e-05
-8.71731e-05
4.02881e-05
-8.43058e-05
4.44978e-05
-7.94257e-05
4.81037e-05
-7.30269e-05
5.11148e-05
-6.555e-05
5.35625e-05
-5.73659e-05
5.54892e-05
-4.87711e-05
5.69398e-05
-3.9991e-05
5.79566e-05
-3.11869e-05
5.85757e-05
-2.2465e-05
5.88259e-05
-1.38843e-05
5.87271e-05
-5.46363e-06
5.82898e-05
2.81389e-06
5.75137e-05
1.09974e-05
5.6386e-05
1.91666e-05
5.48786e-05
2.74297e-05
5.29457e-05
3.59213e-05
5.05216e-05
4.47976e-05
4.75215e-05
5.42282e-05
4.38459e-05
6.43784e-05
3.93927e-05
7.5378e-05
3.40781e-05
8.72648e-05
2.78669e-05
9.98963e-05
2.08068e-05
0.000112829
1.30558e-05
0.0001252
4.88887e-06
0.000135684
-3.33149e-06
0.00014264
-1.12208e-05
0.000144498
-1.84533e-05
0.00014034
-2.48198e-05
0.000130311
-3.02477e-05
0.000115548
-3.47789e-05
9.77715e-05
-3.85193e-05
7.87518e-05
-4.1584e-05
5.98854e-05
-4.4059e-05
4.20114e-05
-4.59841e-05
2.54508e-05
-4.73554e-05
1.01706e-05
-4.81366e-05
-4.02867e-06
-4.82744e-05
-1.73606e-05
-4.77106e-05
-2.99612e-05
-4.6393e-05
-4.18424e-05
-4.42848e-05
-5.28821e-05
-4.13741e-05
-6.28321e-05
-3.76837e-05
-7.13364e-05
-3.32834e-05
-7.79573e-05
-2.83011e-05
-8.22088e-05
-2.29305e-05
-8.35998e-05
-1.74327e-05
-8.16821e-05
-1.21268e-05
-7.60961e-05
-7.37056e-06
-6.65988e-05
-3.53246e-06
-5.30534e-05
-9.66315e-07
-3.53711e-05
-1.33624e-05
1.13139e-06
-1.49277e-05
4.02323e-06
-3.9351e-05
8.21041e-06
-5.88595e-05
1.32427e-05
-7.37117e-05
1.87025e-05
-8.41095e-05
2.42293e-05
-9.03407e-05
2.95384e-05
-9.28185e-05
3.4429e-05
-9.20637e-05
3.87802e-05
-8.8657e-05
4.2538e-05
-8.31835e-05
4.56982e-05
-7.6187e-05
4.82887e-05
-6.81405e-05
5.03547e-05
-5.94319e-05
5.19473e-05
-5.03637e-05
5.31157e-05
-4.11594e-05
5.3903e-05
-3.19742e-05
5.43439e-05
-2.29059e-05
5.4464e-05
-1.40044e-05
5.42796e-05
-5.27923e-06
5.37976e-05
3.29591e-06
5.30147e-05
1.17802e-05
5.19164e-05
2.02649e-05
5.04743e-05
2.88717e-05
4.86446e-05
3.7751e-05
4.63656e-05
4.70766e-05
4.35589e-05
5.70349e-05
4.01335e-05
6.78037e-05
3.59983e-05
7.95132e-05
3.10816e-05
9.21816e-05
2.53601e-05
0.000105618
1.88896e-05
0.0001193
1.18271e-05
0.000132262
4.4293e-06
0.000143081
-2.98095e-06
0.000150051
-1.00799e-05
0.000151596
-1.661e-05
0.00014687
-2.24192e-05
0.000136121
-2.74672e-05
0.000120596
-3.17969e-05
0.000102101
-3.54905e-05
8.24454e-05
-3.86263e-05
6.30213e-05
-4.12528e-05
4.46379e-05
-4.33804e-05
2.75784e-05
-4.49862e-05
1.17764e-05
-4.60253e-05
-2.98957e-06
-4.64415e-05
-1.69444e-05
-4.6176e-05
-3.02267e-05
-4.51749e-05
-4.28435e-05
-4.33954e-05
-5.46616e-05
-4.08139e-05
-6.54136e-05
-3.74365e-05
-7.47138e-05
-3.33121e-05
-8.20816e-05
-2.85471e-05
-8.69739e-05
-2.33169e-05
-8.88299e-05
-1.78729e-05
-8.71261e-05
-1.25368e-05
-8.14323e-05
-7.68349e-06
-7.14521e-05
-3.71379e-06
-5.70231e-05
-1.02576e-06
-3.80592e-05
-1.43882e-05
1.15449e-06
-1.60821e-05
4.06911e-06
-4.22657e-05
8.23668e-06
-6.3027e-05
1.31757e-05
-7.86507e-05
1.84518e-05
-8.93856e-05
2.37033e-05
-9.55923e-05
2.86579e-05
-9.7773e-05
3.31365e-05
-9.65423e-05
3.70443e-05
-9.25648e-05
4.03531e-05
-8.64923e-05
4.3081e-05
-7.8915e-05
4.52733e-05
-7.03328e-05
4.69868e-05
-6.11453e-05
4.82789e-05
-5.16558e-05
4.92012e-05
-4.20817e-05
4.9796e-05
-3.2569e-05
5.00952e-05
-2.32051e-05
5.01205e-05
-1.40296e-05
4.98837e-05
-5.04241e-06
4.93873e-05
3.79222e-06
4.86247e-05
1.25429e-05
4.75784e-05
2.13112e-05
4.62194e-05
3.02307e-05
4.4505e-05
3.94655e-05
4.23772e-05
4.92043e-05
3.97643e-05
5.96479e-05
3.6585e-05
7.0983e-05
3.27603e-05
8.33379e-05
2.82326e-05
9.67093e-05
2.29912e-05
0.000110859
1.70994e-05
0.000125191
1.07102e-05
0.000138651
4.05851e-06
0.000149733
-2.57597e-06
0.000156685
-8.9296e-06
0.00015795
-1.48076e-05
0.000152748
-2.01067e-05
0.00014142
-2.48093e-05
0.000125299
-2.8953e-05
0.000106245
-3.25934e-05
8.60858e-05
-3.57737e-05
6.62016e-05
-3.85097e-05
4.73739e-05
-4.07882e-05
2.98568e-05
-4.25738e-05
1.3562e-05
-4.38175e-05
-1.74582e-06
-4.44645e-05
-1.62975e-05
-4.44585e-05
-3.02327e-05
-4.37456e-05
-4.35564e-05
-4.22785e-05
-5.61287e-05
-4.00228e-05
-6.76693e-05
-3.69675e-05
-7.77691e-05
-3.31397e-05
-8.59094e-05
-2.86214e-05
-9.14922e-05
-2.35666e-05
-9.38848e-05
-1.82123e-05
-9.24804e-05
-1.28791e-05
-8.67655e-05
-7.95655e-06
-7.63746e-05
-3.87624e-06
-6.11034e-05
-1.07997e-06
-4.08555e-05
-1.54682e-05
1.16965e-06
-1.72518e-05
4.0866e-06
-4.51826e-05
8.2051e-06
-6.71455e-05
1.30162e-05
-8.34618e-05
1.80735e-05
-9.44429e-05
2.30186e-05
-0.000100537
2.75954e-05
-0.00010235
3.16494e-05
-0.000100596
3.51131e-05
-9.60284e-05
3.79837e-05
-8.93629e-05
4.03002e-05
-8.12315e-05
4.21228e-05
-7.21553e-05
4.35172e-05
-6.25397e-05
4.45449e-05
-5.26835e-05
4.52577e-05
-4.27946e-05
4.56958e-05
-3.30071e-05
4.58871e-05
-2.33964e-05
4.58488e-05
-1.39913e-05
4.5588e-05
-4.78162e-06
4.51028e-05
4.27747e-06
4.43823e-05
1.32634e-05
4.34064e-05
2.22871e-05
4.21447e-05
3.14924e-05
4.05552e-05
4.1055e-05
3.85835e-05
5.1176e-05
3.61644e-05
6.2067e-05
3.32267e-05
7.39207e-05
2.97045e-05
8.68601e-05
2.55547e-05
0.000100859
2.07798e-05
0.000115634
1.54494e-05
0.000130522
9.71036e-06
0.00014439
3.77336e-06
0.00015567
-2.12582e-06
0.000162584
-7.78101e-06
0.000163605
-1.30538e-05
0.00015802
-1.78817e-05
0.000146248
-2.22625e-05
0.000129679
-2.62242e-05
0.000110207
-2.97958e-05
8.96574e-05
-3.29885e-05
6.93943e-05
-3.57904e-05
5.01759e-05
-3.81703e-05
3.22367e-05
-4.00847e-05
1.54764e-05
-4.14848e-05
-3.45777e-07
-4.23194e-05
-1.54629e-05
-4.2537e-05
-3.00151e-05
-4.20857e-05
-4.40078e-05
-4.09149e-05
-5.72995e-05
-3.8981e-05
-6.96033e-05
-3.62564e-05
-8.04936e-05
-3.27457e-05
-8.94201e-05
-2.8505e-05
-9.57329e-05
-2.36631e-05
-9.87266e-05
-1.84389e-05
-9.77047e-05
-1.31467e-05
-9.20576e-05
-8.18712e-06
-8.13342e-05
-4.01981e-06
-6.52707e-05
-1.12953e-06
-4.37457e-05
-1.65977e-05
1.17736e-06
-1.84292e-05
4.07721e-06
-4.80825e-05
8.11876e-06
-7.11871e-05
1.277e-05
-8.8113e-05
1.7577e-05
-9.925e-05
2.21896e-05
-0.00010515
2.63718e-05
-0.000106532
2.99961e-05
-0.000104221
3.30224e-05
-9.90548e-05
3.54728e-05
-9.18133e-05
3.74047e-05
-8.31635e-05
3.88905e-05
-7.36411e-05
4.00019e-05
-6.36512e-05
4.08022e-05
-5.34838e-05
4.13415e-05
-4.33339e-05
4.16562e-05
-3.33218e-05
4.177e-05
-2.35102e-05
4.16949e-05
-1.39163e-05
4.14334e-05
-4.52011e-06
4.09791e-05
4.73183e-06
4.03172e-05
1.39253e-05
3.94249e-05
2.31794e-05
3.82702e-05
3.26471e-05
3.68118e-05
4.25135e-05
3.49986e-05
5.29892e-05
3.2772e-05
6.42936e-05
3.00709e-05
7.66217e-05
2.68428e-05
9.00882e-05
2.30591e-05
0.000104643
1.87348e-05
0.000119958
1.39451e-05
0.000135311
8.82879e-06
0.000149507
3.5712e-06
0.000160928
-1.6351e-06
0.000167791
-6.6373e-06
0.000168608
-1.13467e-05
0.00016273
-1.57344e-05
0.000150635
-1.98081e-05
0.000133753
-2.35842e-05
0.000113983
-2.70665e-05
9.31397e-05
-3.02382e-05
7.2566e-05
-3.30646e-05
5.30023e-05
-3.55007e-05
3.46728e-05
-3.74987e-05
1.74744e-05
-3.90122e-05
1.16767e-06
-3.99958e-05
-1.44792e-05
-4.04042e-05
-2.96067e-05
-4.01888e-05
-4.42232e-05
-3.92979e-05
-5.81905e-05
-3.76797e-05
-7.12214e-05
-3.52919e-05
-8.28814e-05
-3.21169e-05
-9.25951e-05
-2.81837e-05
-9.96661e-05
-2.35934e-05
-0.000103317
-1.85419e-05
-0.000102756
-1.33324e-05
-9.72671e-05
-8.37136e-06
-8.62953e-05
-4.14332e-06
-6.94987e-05
-1.17441e-06
-4.67146e-05
-1.77721e-05
1.178e-06
-1.96072e-05
4.04245e-06
-5.09469e-05
7.98112e-06
-7.51258e-05
1.24434e-05
-9.25753e-05
1.69731e-05
-0.00010378
2.12327e-05
-0.000109409
2.501e-05
-0.000110309
2.8206e-05
-0.000107417
3.08085e-05
-0.000101657
3.28621e-05
-9.38669e-05
3.44406e-05
-8.47419e-05
3.5625e-05
-7.48255e-05
3.64909e-05
-6.4517e-05
3.71002e-05
-5.40932e-05
3.75e-05
-4.37336e-05
3.77219e-05
-3.35437e-05
3.77845e-05
-2.35728e-05
3.76949e-05
-1.38267e-05
3.74509e-05
-4.27604e-06
3.70418e-05
5.1409e-06
3.64496e-05
1.45174e-05
3.56489e-05
2.39801e-05
3.46066e-05
3.36894e-05
3.32818e-05
4.38382e-05
3.1627e-05
5.4644e-05
2.959e-05
6.63306e-05
2.712e-05
7.90918e-05
2.41772e-05
9.3031e-05
2.07474e-05
0.000108073
1.68573e-05
0.000123848
1.25861e-05
0.000139583
8.06358e-06
0.000154029
3.44917e-06
0.000165542
-1.10577e-06
0.000172346
-5.49702e-06
0.000172999
-9.67916e-06
0.000166912
-1.36505e-05
0.000154607
-1.74252e-05
0.000137528
-2.10074e-05
0.000117565
-2.43783e-05
9.65106e-05
-2.7497e-05
7.56847e-05
-3.03103e-05
5.58155e-05
-3.27631e-05
3.71256e-05
-3.48056e-05
1.95169e-05
-3.63953e-05
2.75739e-06
-3.7494e-05
-1.33806e-05
-3.8063e-05
-2.90376e-05
-3.80588e-05
-4.42274e-05
-3.74299e-05
-5.88193e-05
-3.61191e-05
-7.25323e-05
-3.40708e-05
-8.49297e-05
-3.12467e-05
-9.54193e-05
-2.76485e-05
-0.000103264
-2.33472e-05
-0.000107618
-1.85117e-05
-0.000107592
-1.34287e-05
-0.00010235
-8.50466e-06
-9.12194e-05
-4.24471e-06
-7.37587e-05
-1.21418e-06
-4.97452e-05
-1.89863e-05
1.17196e-06
-2.07791e-05
3.98388e-06
-5.37588e-05
7.79591e-06
-7.89378e-05
1.20436e-05
-9.6823e-05
1.62732e-05
-0.000108009
2.01646e-05
-0.000113301
2.35326e-05
-0.000113677
2.63076e-05
-0.000110192
2.85048e-05
-0.000103854
3.01893e-05
-9.55515e-05
3.14479e-05
-8.60005e-05
3.23678e-05
-7.57455e-05
3.30249e-05
-6.51741e-05
3.34783e-05
-5.45466e-05
3.37701e-05
-4.40254e-05
3.39264e-05
-3.37e-05
3.39603e-05
-2.36066e-05
3.3874e-05
-1.37404e-05
3.36609e-05
-4.06292e-06
3.33068e-05
5.495e-06
3.27907e-05
1.50335e-05
3.20852e-05
2.46857e-05
3.11564e-05
3.46182e-05
2.99646e-05
4.503e-05
2.84656e-05
5.6143e-05
2.66139e-05
6.81823e-05
2.43685e-05
8.13371e-05
2.17024e-05
9.56971e-05
1.86146e-05
0.000111161
1.51423e-05
0.000127321
1.13676e-05
0.000143357
7.41003e-06
0.000157987
3.40361e-06
0.000169548
-5.38868e-07
0.000176288
-4.35673e-06
0.000176817
-8.04191e-06
0.000170597
-1.1615e-05
0.00015818
-1.5094e-05
0.000141007
-1.84716e-05
0.000120943
-2.17091e-05
9.97481e-05
-2.47456e-05
7.87213e-05
-2.75131e-05
5.8583e-05
-2.9949e-05
3.95615e-05
-3.20032e-05
2.15711e-05
-3.36376e-05
4.39187e-06
-3.48215e-05
-1.21967e-05
-3.55238e-05
-2.83352e-05
-3.57068e-05
-4.40444e-05
-3.53213e-05
-5.92049e-05
-3.43066e-05
-7.35469e-05
-3.25966e-05
-8.66396e-05
-3.01342e-05
-9.78817e-05
-2.68946e-05
-0.000106504
-2.29173e-05
-0.000111595
-1.83405e-05
-0.000112169
-1.34285e-05
-0.000107262
-8.58208e-06
-9.60658e-05
-4.32146e-06
-7.80193e-05
-1.24813e-06
-5.28185e-05
-2.02344e-05
1.1596e-06
-2.19387e-05
3.9031e-06
-5.65023e-05
7.56691e-06
-8.26016e-05
1.15774e-05
-0.000100834
1.54885e-05
-0.00011192
1.90015e-05
-0.000116814
2.19606e-05
-0.000116636
2.43267e-05
-0.000112558
2.61407e-05
-0.000105668
2.74861e-05
-9.68969e-05
2.84595e-05
-8.69739e-05
2.91511e-05
-7.64371e-05
2.96348e-05
-6.56578e-05
2.99648e-05
-5.48767e-05
3.0177e-05
-4.42376e-05
3.02913e-05
-3.38144e-05
3.03152e-05
-2.36305e-05
3.02461e-05
-1.36713e-05
3.00734e-05
-3.89027e-06
2.978e-05
5.78842e-06
2.93425e-05
1.5471e-05
2.87322e-05
2.5296e-05
2.79149e-05
3.54355e-05
2.68527e-05
4.60923e-05
2.5505e-05
5.74906e-05
2.38332e-05
6.98542e-05
2.18057e-05
8.33646e-05
1.94077e-05
9.80951e-05
1.66505e-05
0.000113918
1.35805e-05
0.000130391
1.02809e-05
0.000146657
6.86087e-06
0.000161407
3.42957e-06
0.00017298
6.4253e-08
0.000179653
-3.21289e-06
0.000180094
-6.42599e-06
0.00017381
-9.61386e-06
0.000161368
-1.27971e-05
0.00014419
-1.5958e-05
0.000124103
-1.90415e-05
0.000102832
-2.19703e-05
8.16501e-05
-2.46643e-05
6.1277e-05
-2.70556e-05
4.19528e-05
-2.90944e-05
2.36099e-05
-3.07475e-05
6.04488e-06
-3.19909e-05
-1.09532e-05
-3.28018e-05
-2.75244e-05
-3.3149e-05
-4.36972e-05
-3.29872e-05
-5.93666e-05
-3.2255e-05
-7.42792e-05
-3.08784e-05
-8.80162e-05
-2.8784e-05
-9.99761e-05
-2.5922e-05
-0.000109366
-2.22999e-05
-0.000115218
-1.80221e-05
-0.000116446
-1.33258e-05
-0.000111958
-8.59886e-06
-0.000100793
-4.37088e-06
-8.22473e-05
-1.27542e-06
-5.5914e-05
-2.15098e-05
1.14132e-06
-2.308e-05
3.8017e-06
-5.91627e-05
7.29779e-06
-8.60977e-05
1.10516e-05
-0.000104587
1.46293e-05
-0.000115498
1.77576e-05
-0.000119942
2.03123e-05
-0.000119191
2.22847e-05
-0.00011453
2.37401e-05
-0.000107124
2.47772e-05
-9.7934e-05
2.54997e-05
-8.76964e-05
2.59977e-05
-7.69351e-05
2.63408e-05
-6.60009e-05
2.65768e-05
-5.51126e-05
2.67342e-05
-4.4395e-05
2.68266e-05
-3.39067e-05
2.68555e-05
-2.36595e-05
2.68141e-05
-1.36298e-05
2.66881e-05
-3.76431e-06
2.64579e-05
6.01859e-06
2.60987e-05
1.58302e-05
2.55808e-05
2.58139e-05
2.48709e-05
3.61454e-05
2.3933e-05
4.70302e-05
2.27309e-05
5.86927e-05
2.12326e-05
7.13525e-05
1.94163e-05
8.51809e-05
1.72782e-05
0.000100233
1.48408e-05
0.000116355
1.21585e-05
0.000133073
9.31439e-06
0.000149501
6.40644e-06
0.000164315
3.52043e-06
0.000175866
7.01099e-07
0.000182473
-2.06312e-06
0.000182858
-4.82397e-06
0.000176571
-7.63555e-06
0.000164179
-1.05203e-05
0.000147075
-1.34524e-05
0.000127035
-1.63631e-05
0.000105742
-1.9162e-05
8.4449e-05
-2.17597e-05
6.38747e-05
-2.4084e-05
4.42771e-05
-2.60858e-05
2.56117e-05
-2.77359e-05
7.69504e-06
-2.90175e-05
-9.6717e-06
-2.9915e-05
-2.66268e-05
-3.04047e-05
-4.32075e-05
-3.04468e-05
-5.93246e-05
-2.99812e-05
-7.47448e-05
-2.89293e-05
-8.90681e-05
-2.72045e-05
-0.000101701
-2.47341e-05
-0.000111836
-2.14941e-05
-0.000118458
-1.75531e-05
-0.000120387
-1.31156e-05
-0.000116396
-8.55068e-06
-0.000105358
-4.39032e-06
-8.64077e-05
-1.29515e-06
-5.90091e-05
-2.2805e-05
1.11748e-06
-2.41975e-05
3.6811e-06
-6.17263e-05
6.99175e-06
-8.94083e-05
1.04717e-05
-0.000108067
1.37042e-05
-0.000118731
1.64448e-05
-0.000122683
1.86024e-05
-0.000121349
2.01986e-05
-0.000116126
2.13206e-05
-0.000108246
2.20801e-05
-9.86934e-05
2.25842e-05
-8.82005e-05
2.29207e-05
-7.72716e-05
2.31528e-05
-6.6233e-05
2.33204e-05
-5.52802e-05
2.34443e-05
-4.4519e-05
2.35312e-05
-3.39936e-05
2.35771e-05
-2.37054e-05
2.35707e-05
-1.36235e-05
2.34951e-05
-3.68865e-06
2.33285e-05
6.18522e-06
2.3045e-05
1.61137e-05
2.26153e-05
2.62436e-05
2.20072e-05
3.67535e-05
2.11873e-05
4.78501e-05
2.01243e-05
5.97557e-05
1.87931e-05
7.26836e-05
1.71812e-05
8.67928e-05
1.52953e-05
0.000102119
1.31682e-05
0.000118482
1.08601e-05
0.000135381
8.45355e-06
0.000151907
6.03479e-06
0.000166734
3.6676e-06
0.000178233
1.36743e-06
0.000184773
-9.06869e-07
0.000185132
-3.23078e-06
0.000178895
-5.67145e-06
0.00016662
-8.25336e-06
0.000149657
-1.09442e-05
0.000129726
-1.36651e-05
0.000108463
-1.63154e-05
8.70992e-05
-1.8798e-05
6.63574e-05
-2.10375e-05
4.65166e-05
-2.29851e-05
2.75592e-05
-2.46153e-05
9.32525e-06
-2.5917e-05
-8.37e-06
-2.68821e-05
-2.56617e-05
-2.74945e-05
-4.25951e-05
-2.77208e-05
-5.90983e-05
-2.75046e-05
-7.4961e-05
-2.67658e-05
-8.98069e-05
-2.54079e-05
-0.000103059
-2.33382e-05
-0.000113906
-2.05024e-05
-0.000121293
-1.69318e-05
-0.000123958
-1.27945e-05
-0.000120533
-8.43394e-06
-0.000109718
-4.37735e-06
-9.04643e-05
-1.30648e-06
-6.208e-05
-2.41115e-05
1.0884e-06
-2.52859e-05
3.54247e-06
-6.41804e-05
6.65135e-06
-9.25172e-05
9.84233e-06
-0.000111258
1.272e-05
-0.000121608
1.5072e-05
-0.000125035
1.68416e-05
-0.000123118
1.80798e-05
-0.000117365
1.88937e-05
-0.00010906
1.94045e-05
-9.92042e-05
1.97203e-05
-8.85163e-05
1.99241e-05
-7.74754e-05
2.00709e-05
-6.63798e-05
2.0192e-05
-5.54013e-05
2.03e-05
-4.4627e-05
2.03945e-05
-3.40881e-05
2.04662e-05
-2.37772e-05
2.05e-05
-1.36572e-05
2.04763e-05
-3.66489e-06
2.03719e-05
6.28961e-06
2.01607e-05
1.63249e-05
1.98139e-05
2.65904e-05
1.93012e-05
3.72662e-05
1.85928e-05
4.85585e-05
1.76624e-05
6.06861e-05
1.64922e-05
7.38538e-05
1.50785e-05
8.82065e-05
1.34381e-05
0.00010376
1.16124e-05
0.000120308
9.66683e-06
0.000137327
7.68168e-06
0.000153893
5.73188e-06
0.000168683
3.86056e-06
0.000180104
2.05696e-06
0.000186577
2.54131e-07
0.000186935
-1.64403e-06
0.000180793
-3.71611e-06
0.000168692
-5.98914e-06
0.00015193
-8.42668e-06
0.000132164
-1.09423e-05
0.000110979
-1.34276e-05
8.95845e-05
-1.57799e-05
6.87097e-05
-1.79204e-05
4.86572e-05
-1.98005e-05
2.94393e-05
-2.13974e-05
1.09221e-05
-2.27049e-05
-7.06258e-06
-2.37214e-05
-2.46452e-05
-2.44384e-05
-4.18782e-05
-2.483e-05
-5.87066e-05
-2.48456e-05
-7.49454e-05
-2.44061e-05
-9.02464e-05
-2.34086e-05
-0.000104056
-2.1744e-05
-0.000115571
-1.93294e-05
-0.000123708
-1.61589e-05
-0.000127129
-1.23604e-05
-0.000124332
-8.24581e-06
-0.000113833
-4.32984e-06
-9.43802e-05
-1.30858e-06
-6.51012e-05
-2.542e-05
1.05427e-06
-2.63402e-05
3.38653e-06
-6.65127e-05
6.27824e-06
-9.54089e-05
9.1663e-06
-0.000114146
1.16811e-05
-0.000124123
1.3645e-05
-0.000126999
1.50365e-05
-0.00012451
1.59348e-05
-0.000118263
1.64645e-05
-0.000109589
1.67532e-05
-9.9493e-05
1.69076e-05
-8.86707e-05
1.70035e-05
-7.75713e-05
1.70868e-05
-6.64631e-05
1.71793e-05
-5.54938e-05
1.72852e-05
-4.47329e-05
1.73973e-05
-3.42001e-05
1.75012e-05
-2.38811e-05
1.75781e-05
-1.37342e-05
1.76064e-05
-3.69317e-06
1.7562e-05
6.33401e-06
1.74189e-05
1.6468e-05
1.71496e-05
2.68596e-05
1.67263e-05
3.76895e-05
1.61231e-05
4.91617e-05
1.53194e-05
6.14898e-05
1.43046e-05
7.48686e-05
1.30838e-05
8.94273e-05
1.16829e-05
0.00010516
1.01511e-05
0.00012184
8.55771e-06
0.00013892
6.98004e-06
0.00015547
5.48172e-06
0.000170182
4.08686e-06
0.000181499
2.7613e-06
0.000187902
1.41561e-06
0.000188281
-6.39532e-08
0.000182273
-1.76711e-06
0.000170395
-3.72389e-06
0.000153886
-5.89588e-06
0.000134336
-8.19185e-06
0.000113275
-1.04979e-05
9.18905e-05
-1.27068e-05
7.09186e-05
-1.47371e-05
5.06875e-05
-1.65395e-05
3.12417e-05
-1.80928e-05
1.24755e-05
-1.93945e-05
-5.76085e-06
-2.0449e-05
-2.35907e-05
-2.1255e-05
-4.10722e-05
-2.17946e-05
-5.8167e-05
-2.20243e-05
-7.47157e-05
-2.18687e-05
-9.04019e-05
-2.12225e-05
-0.000104703
-1.99629e-05
-0.00011683
-1.79821e-05
-0.000125689
-1.52369e-05
-0.000129874
-1.18129e-05
-0.000127756
-7.9843e-06
-0.000117661
-4.24601e-06
-9.81185e-05
-1.30071e-06
-6.80465e-05
-2.67208e-05
1.01516e-06
-2.73553e-05
3.21355e-06
-6.87111e-05
5.87304e-06
-9.80684e-05
8.44489e-06
-0.000116718
1.05893e-05
-0.000126268
1.21662e-05
-0.000128575
1.31895e-05
-0.000125533
1.37651e-05
-0.000118838
1.40323e-05
-0.000109856
1.41227e-05
-9.95834e-05
1.41387e-05
-8.86867e-05
1.41474e-05
-7.758e-05
1.41847e-05
-6.65004e-05
1.42625e-05
-5.55716e-05
1.43766e-05
-4.4847e-05
1.45133e-05
-3.43368e-05
1.46533e-05
-2.40211e-05
1.47748e-05
-1.38557e-05
1.48542e-05
-3.77262e-06
1.48671e-05
6.32116e-06
1.47879e-05
1.65471e-05
1.45911e-05
2.70565e-05
1.42517e-05
3.80289e-05
1.37483e-05
4.96651e-05
1.30662e-05
6.21719e-05
1.22023e-05
7.57325e-05
1.11701e-05
9.04594e-05
1.0004e-05
0.000106327
8.76005e-06
0.000123084
7.51018e-06
0.00014017
6.32815e-06
0.000156652
5.26663e-06
0.000171243
4.33221e-06
0.000182434
3.47002e-06
0.000188764
2.57102e-06
0.00018918
1.50623e-06
0.000183338
1.75293e-07
0.000171726
-1.45647e-06
0.000155518
-3.35048e-06
0.00013623
-5.41293e-06
0.000115337
-7.52653e-06
9.40041e-05
-9.58069e-06
7.29727e-05
-1.14914e-05
5.25982e-05
-1.3208e-05
3.29583e-05
-1.47099e-05
1.39774e-05
-1.59971e-05
-4.47362e-06
-1.70788e-05
-2.2509e-05
-1.79604e-05
-4.01906e-05
-1.86324e-05
-5.7495e-05
-1.90594e-05
-7.42887e-05
-1.91722e-05
-9.02891e-05
-1.88656e-05
-0.000105009
-1.8008e-05
-0.000117688
-1.64689e-05
-0.000127228
-1.41699e-05
-0.000132173
-1.11524e-05
-0.000130773
-7.6482e-06
-0.000121166
-4.12442e-06
-0.000101642
-1.28221e-06
-7.08888e-05
-2.8003e-05
9.70976e-07
-2.83263e-05
3.0232e-06
-7.07633e-05
5.43527e-06
-0.00010048
7.6776e-06
-0.00011896
9.44438e-06
-0.000128034
1.06351e-05
-0.000129766
1.12994e-05
-0.000126197
1.15677e-05
-0.000119107
1.15916e-05
-0.00010988
1.15037e-05
-9.94955e-05
1.14001e-05
-8.8583e-05
1.1338e-05
-7.75179e-05
1.13424e-05
-6.65049e-05
1.14155e-05
-5.56446e-05
1.15448e-05
-4.49763e-05
1.17104e-05
-3.45024e-05
1.18886e-05
-2.41993e-05
1.20547e-05
-1.40218e-05
1.21838e-05
-3.90171e-06
1.22511e-05
6.25387e-06
1.22322e-05
1.6566e-05
1.21035e-05
2.71853e-05
1.18435e-05
3.82888e-05
1.14357e-05
5.00729e-05
1.08716e-05
6.27361e-05
1.01554e-05
7.64487e-05
9.30891e-06
9.13059e-05
8.3743e-06
0.000107261
7.41343e-06
0.000124045
6.50013e-06
0.000141083
5.70411e-06
0.000157448
5.06745e-06
0.00017188
4.58078e-06
0.00018292
4.1709e-06
0.000189174
3.71169e-06
0.000189639
3.0607e-06
0.000183989
2.1078e-06
0.000172679
8.1179e-07
0.000156814
-7.90949e-07
0.000137833
-2.60625e-06
0.000117153
-4.51475e-06
9.59126e-05
-6.40358e-06
7.48615e-05
-8.18624e-06
5.43808e-05
-9.81032e-06
3.45824e-05
-1.12547e-05
1.54217e-05
-1.25208e-05
-3.20755e-06
-1.36213e-05
-2.14085e-05
-1.45679e-05
-3.9244e-05
-1.53589e-05
-5.6704e-05
-1.59679e-05
-7.36797e-05
-1.63336e-05
-8.99234e-05
-1.63542e-05
-0.000104989
-1.58923e-05
-0.00011815
-1.47993e-05
-0.000128321
-1.29632e-05
-0.000134009
-1.03808e-05
-0.000133355
-7.23702e-06
-0.000124309
-3.96398e-06
-0.000104915
-1.25248e-06
-7.36002e-05
-2.92554e-05
9.21419e-07
-2.92477e-05
2.81455e-06
-7.26564e-05
4.96332e-06
-0.000102629
6.86228e-06
-0.000120859
8.24361e-06
-0.000129416
9.04838e-06
-0.000130571
9.36131e-06
-0.00012651
9.33572e-06
-0.000119081
9.1323e-06
-0.000109677
8.88225e-06
-9.92454e-05
8.67351e-06
-8.83743e-05
8.55243e-06
-7.73968e-05
8.53297e-06
-6.64854e-05
8.60743e-06
-5.57191e-05
8.75575e-06
-4.51247e-05
8.95204e-06
-3.46987e-05
9.16872e-06
-2.4416e-05
9.37851e-06
-1.42316e-05
9.55533e-06
-4.07853e-06
9.67446e-06
6.13473e-06
9.71271e-06
1.65278e-05
9.64892e-06
2.7249e-05
9.46542e-06
3.84723e-05
9.15056e-06
5.03878e-05
8.70222e-06
6.31844e-05
8.13215e-06
7.70188e-05
7.46992e-06
9.19682e-05
6.76495e-06
0.000107966
6.08411e-06
0.000124726
5.50231e-06
0.000141665
5.08489e-06
0.000157866
4.86387e-06
0.000172101
4.81541e-06
0.000182969
4.85017e-06
0.000189139
4.82712e-06
0.000189662
4.59173e-06
0.000184224
4.02442e-06
0.000173246
3.07678e-06
0.000157762
1.78015e-06
0.000139129
2.26651e-07
0.000118706
-1.46401e-06
9.76033e-05
-3.17707e-06
7.65746e-05
-4.82368e-06
5.60275e-05
-6.34919e-06
3.61079e-05
-7.73106e-06
1.68036e-05
-8.97095e-06
-1.96766e-06
-1.00841e-05
-2.02953e-05
-1.10873e-05
-3.82408e-05
-1.19863e-05
-5.5805e-05
-1.27641e-05
-7.29019e-05
-1.33684e-05
-8.93191e-05
-1.37031e-05
-0.000104654
-1.36292e-05
-0.000118224
-1.29832e-05
-0.000128967
-1.16229e-05
-0.000135369
-9.5006e-06
-0.000135478
-6.75089e-06
-0.000127059
-3.76391e-06
-0.000107902
-1.21104e-06
-7.61531e-05
-3.04665e-05
8.65995e-07
-3.01137e-05
2.58606e-06
-7.43765e-05
4.45454e-06
-0.000104498
5.99533e-06
-0.0001224
6.98253e-06
-0.000130403
7.4004e-06
-0.000130989
7.36802e-06
-0.000126478
7.05912e-06
-0.000118772
6.64083e-06
-0.000109259
6.24057e-06
-9.88452e-05
5.93666e-06
-8.80704e-05
5.7639e-06
-7.72241e-05
5.72522e-06
-6.64467e-05
5.80358e-06
-5.57974e-05
5.97163e-06
-4.52927e-05
6.19818e-06
-3.49252e-05
6.45201e-06
-2.46698e-05
6.70366e-06
-1.44832e-05
6.92612e-06
-4.30099e-06
7.0949e-06
5.96595e-06
7.18819e-06
1.64345e-05
7.18743e-06
2.72498e-05
7.07885e-06
3.85809e-05
6.85597e-06
5.06107e-05
6.52312e-06
6.35173e-05
6.09932e-06
7.74426e-05
5.62167e-06
9.24458e-05
5.14621e-06
0.000108442
4.74408e-06
0.000125128
4.49063e-06
0.000141918
4.44666e-06
0.00015791
4.63472e-06
0.000171913
5.01792e-06
0.000182585
5.49276e-06
0.000188665
5.90522e-06
0.00018925
6.0898e-06
0.000184039
5.91762e-06
0.000173418
5.33212e-06
0.000158347
4.35785e-06
0.000140104
3.08241e-06
0.000119982
1.62369e-06
9.9062e-05
9.75897e-08
7.81007e-05
-1.40467e-06
5.75297e-05
-2.82563e-06
3.75289e-05
-4.14061e-06
1.81186e-05
-5.35049e-06
-7.5778e-07
-6.47187e-06
-1.91739e-05
-7.52553e-06
-3.71872e-05
-8.52417e-06
-5.48064e-05
-9.45972e-06
-7.19664e-05
-1.02898e-05
-8.8489e-05
-1.09264e-05
-0.000104017
-1.12314e-05
-0.000117919
-1.1031e-05
-0.000129167
-1.01559e-05
-0.000136244
-8.51508e-06
-0.000137119
-6.19052e-06
-0.000129384
-3.52374e-06
-0.000110569
-1.15746e-06
-7.85194e-05
-3.16239e-05
8.04012e-07
-3.09177e-05
2.33568e-06
-7.59082e-05
3.9054e-06
-0.000106067
5.07194e-06
-0.000123567
5.6552e-06
-0.000130986
5.68383e-06
-0.000131017
5.3101e-06
-0.000126104
4.72555e-06
-0.000118188
4.10105e-06
-0.000108634
3.5581e-06
-9.83022e-05
3.16431e-06
-8.76766e-05
2.94268e-06
-7.70024e-05
2.88536e-06
-6.63894e-05
2.96657e-06
-5.58786e-05
3.15225e-06
-4.54784e-05
3.40645e-06
-3.51794e-05
3.69472e-06
-2.49581e-05
3.98573e-06
-1.47742e-05
4.25167e-06
-4.56694e-06
4.46842e-06
5.7492e-06
4.61562e-06
1.62873e-05
4.67739e-06
2.7188e-05
4.64391e-06
3.86144e-05
4.51395e-06
5.07406e-05
4.29818e-06
6.37331e-05
4.02275e-06
7.7718e-05
3.73185e-06
9.27367e-05
3.4876e-06
0.000108686
3.36477e-06
0.000125251
3.43859e-06
0.000141845
3.76525e-06
0.000157583
4.35839e-06
0.00017132
5.16949e-06
0.000181774
6.08269e-06
0.000187751
6.93261e-06
0.0001884
7.54383e-06
0.000183428
7.77818e-06
0.000173184
7.57e-06
0.000158556
6.93546e-06
0.000140738
5.95565e-06
0.000120961
4.74492e-06
0.000100273
3.41869e-06
7.94269e-05
2.07026e-06
5.88781e-05
7.60327e-07
3.88388e-05
-4.8342e-07
1.93623e-05
-1.66016e-06
4.1896e-07
-2.78675e-06
-1.80473e-05
-3.88696e-06
-3.6087e-05
-4.9793e-06
-5.3714e-05
-6.06421e-06
-7.08815e-05
-7.10951e-06
-8.74437e-05
-8.03631e-06
-0.00010309
-8.71098e-06
-0.000117244
-8.95268e-06
-0.000128926
-8.56917e-06
-0.000136628
-7.4281e-06
-0.00013826
-5.55708e-06
-0.000131255
-3.24322e-06
-0.000112883
-1.09136e-06
-8.06713e-05
-3.27153e-05
7.34599e-07
-3.16523e-05
2.06089e-06
-7.72345e-05
3.31168e-06
-0.000107318
4.08651e-06
-0.000124342
4.25475e-06
-0.000131154
3.89026e-06
-0.000130653
3.17684e-06
-0.000125391
2.32115e-06
-0.000117332
1.49506e-06
-0.000107808
8.12421e-07
-9.76196e-05
3.29384e-07
-8.71936e-05
5.72158e-08
-7.67303e-05
-2.21349e-08
-6.63101e-05
5.74587e-08
-5.59582e-05
2.55979e-07
-4.56769e-05
5.33229e-07
-3.54567e-05
8.51962e-07
-2.52768e-05
1.17918e-06
-1.51015e-05
1.48647e-06
-4.87423e-06
1.75006e-06
5.4856e-06
1.95109e-06
1.60863e-05
2.07634e-06
2.70628e-05
2.1199e-06
3.85708e-05
2.08571e-06
5.07748e-05
1.99066e-06
6.38281e-05
1.86772e-06
7.78409e-05
1.7678e-06
9.28366e-05
1.75848e-06
0.000108695
1.91756e-06
0.000125091
2.31973e-06
0.000141442
3.0165e-06
0.000156886
4.01324e-06
0.000170323
5.25106e-06
0.000180536
6.60342e-06
0.000186399
7.89507e-06
0.000187108
8.94151e-06
0.000182382
9.59535e-06
0.00017253
9.78105e-06
0.00015837
9.50486e-06
0.000141014
8.83961e-06
0.000121627
7.8944e-06
0.000101218
6.78293e-06
8.05384e-05
5.59982e-06
6.00612e-05
4.40884e-06
4.00298e-05
3.24121e-06
2.05299e-05
2.10042e-06
1.55975e-06
9.7052e-07
-1.69174e-05
-1.74018e-07
-3.49424e-05
-1.35644e-06
-5.25316e-05
-2.58484e-06
-6.96531e-05
-3.83697e-06
-8.61916e-05
-5.04412e-06
-0.000101883
-6.07922e-06
-0.000116209
-6.75836e-06
-0.000128246
-6.87026e-06
-0.000136516
-6.24397e-06
-0.000138886
-4.85216e-06
-0.000132647
-2.92238e-06
-0.000114813
-1.01245e-06
-8.25812e-05
-3.37277e-05
6.56735e-07
-3.23091e-05
1.75883e-06
-7.83366e-05
2.66878e-06
-0.000108228
3.03307e-06
-0.000124706
2.77398e-06
-0.000130895
2.01091e-06
-0.00012989
9.57132e-07
-0.000124337
-1.68535e-07
-0.000116206
-1.1957e-06
-0.000106781
-2.01971e-06
-9.67956e-05
-2.59606e-06
-8.66172e-05
-2.9248e-06
-7.64015e-05
-3.03344e-06
-6.62014e-05
-2.96312e-06
-5.60285e-05
-2.75914e-06
-4.58809e-05
-2.46532e-06
-3.57505e-05
-2.12135e-06
-2.56208e-05
-1.76165e-06
-1.54612e-05
-1.41517e-06
-5.22071e-06
-1.10528e-06
5.17572e-06
-8.49458e-07
1.58304e-05
-6.58338e-07
2.68717e-05
-5.34025e-07
3.84465e-05
-4.67588e-07
5.07084e-05
-4.36159e-07
6.37967e-05
-4.00298e-07
7.78051e-05
-3.02908e-07
9.27392e-05
-7.14882e-08
0.000108464
3.74277e-07
0.000124646
1.10817e-06
0.000140709
2.17687e-06
0.000155818
3.57809e-06
0.000168922
5.24382e-06
0.000178871
7.03831e-06
0.000184605
8.77784e-06
0.000185369
1.02696e-05
0.00018089
1.13572e-05
0.000171443
1.19544e-05
0.000157773
1.20563e-05
0.000140912
1.17259e-05
0.000121957
1.10653e-05
0.000101879
1.01852e-05
8.14185e-05
9.18073e-06
6.10657e-05
8.11837e-06
4.10922e-05
7.0331e-06
2.16152e-05
5.93168e-06
2.66118e-06
4.79996e-06
-1.57857e-05
3.61189e-06
-3.37544e-05
2.34086e-06
-5.12606e-05
9.72364e-07
-6.82846e-05
-4.80569e-07
-8.47386e-05
-1.95988e-06
-0.000100404
-3.34685e-06
-0.000114822
-4.45787e-06
-0.000127135
-5.06682e-06
-0.000135907
-4.96745e-06
-0.000138985
-4.07777e-06
-0.000133536
-2.56149e-06
-0.000116329
-9.20506e-07
-8.42222e-05
-3.46483e-05
5.69296e-07
-3.28784e-05
1.42654e-06
-7.91938e-05
1.97208e-06
-0.000108774
1.9058e-06
-0.00012464
1.20607e-06
-0.000130196
3.7493e-08
-0.000128721
-1.3594e-06
-0.00012294
-2.7575e-06
-0.000114808
-3.98987e-06
-0.000105549
-4.96165e-06
-9.58238e-05
-5.63989e-06
-8.5939e-05
-6.0353e-06
-7.60061e-05
-6.18406e-06
-6.60527e-05
-6.13369e-06
-5.60789e-05
-5.93399e-06
-4.60806e-05
-5.63188e-06
-3.60526e-05
-5.26907e-06
-2.59836e-05
-4.88122e-06
-1.5849e-05
-4.49775e-06
-5.60417e-06
-4.1417e-06
4.81966e-06
-3.82919e-06
1.55179e-05
-3.56846e-06
2.66109e-05
-3.35798e-06
3.8236e-05
-3.18408e-06
5.05345e-05
-3.01825e-06
6.36308e-05
-2.81501e-06
7.76018e-05
-2.51163e-06
9.24359e-05
-2.03137e-06
0.000107983
-1.292e-06
0.000123906
-2.20968e-07
0.000139637
1.22389e-06
0.000154373
3.03275e-06
0.000167113
5.12965e-06
0.000176774
7.3711e-06
0.000182363
9.56614e-06
0.000183173
1.15145e-05
0.000178941
1.30508e-05
0.000169906
1.40779e-05
0.000156746
1.45785e-05
0.000140412
1.46043e-05
0.000121931
1.42489e-05
0.000102234
1.36186e-05
8.20489e-05
1.28078e-05
6.18766e-05
1.18854e-05
4.20146e-05
1.089e-05
2.26106e-05
9.83216e-06
3.71903e-06
8.70032e-06
-1.46539e-05
7.46904e-06
-3.25231e-05
6.10957e-06
-4.99011e-05
4.60225e-06
-6.67772e-05
2.952e-06
-8.30884e-05
1.20675e-06
-9.86587e-05
-5.24226e-07
-0.000113091
-2.06105e-06
-0.000125599
-3.16677e-06
-0.000134801
-3.6037e-06
-0.000138548
-3.23631e-06
-0.000133904
-2.16104e-06
-0.000117404
-8.15375e-07
-8.55678e-05
-3.54636e-05
4.71111e-07
-3.33495e-05
1.06105e-06
-7.97837e-05
1.21725e-06
-0.00010893
6.99636e-07
-0.000124122
-4.54408e-07
-0.000129042
-2.03621e-06
-0.000127139
-3.78209e-06
-0.000121194
-5.45911e-06
-0.000113131
-6.90517e-06
-0.000104102
-8.03549e-06
-9.46935e-05
-8.82841e-06
-8.5146e-05
-9.30456e-06
-7.553e-05
-9.50773e-06
-6.58495e-05
-9.49088e-06
-5.60958e-05
-9.30751e-06
-4.6264e-05
-9.00706e-06
-3.6353e-05
-8.63295e-06
-2.63577e-05
-8.22191e-06
-1.62601e-05
-7.80378e-06
-6.02231e-06
-7.40129e-06
4.41718e-06
-7.0294e-06
1.5146e-05
-6.69407e-06
2.62756e-05
-6.39041e-06
3.79324e-05
-6.1003e-06
5.02444e-05
-5.78998e-06
6.33205e-05
-5.40848e-06
7.72203e-05
-4.88807e-06
9.19155e-05
-4.14845e-06
0.000107244
-3.10621e-06
0.000122864
-1.69052e-06
0.000138222
1.36556e-07
0.000152546
2.35846e-06
0.000164891
4.89166e-06
0.000174241
7.58634e-06
0.000179668
1.02455e-05
0.000180514
1.26624e-05
0.000176525
1.46627e-05
0.000167906
1.61381e-05
0.00015527
1.70585e-05
0.000139491
1.74626e-05
0.000121527
1.74342e-05
0.000102262
1.70735e-05
8.24095e-05
1.64733e-05
6.24768e-05
1.57039e-05
4.27839e-05
1.48075e-05
2.3507e-05
1.37985e-05
4.72803e-06
1.26687e-05
-1.35241e-05
1.13944e-05
-3.12487e-05
9.94581e-06
-4.84525e-05
8.29959e-06
-6.5131e-05
6.45364e-06
-8.12424e-05
4.44651e-06
-9.66516e-05
2.3778e-06
-0.000111022
4.21892e-07
-0.000123643
-1.17842e-06
-0.000133201
-2.15835e-06
-0.000137568
-2.33061e-06
-0.000133731
-1.72181e-06
-0.000118013
-6.96985e-07
-8.65927e-05
-3.61606e-05
3.61033e-07
-3.37105e-05
6.59758e-07
-8.00825e-05
4.00868e-07
-0.000108671
-5.88511e-07
-0.000123133
-2.21037e-06
-0.00012742
-4.215e-06
-0.000125135
-6.31892e-06
-0.00011909
-8.28485e-06
-0.000111165
-9.95685e-06
-0.00010243
-1.12606e-05
-9.33897e-05
-1.21851e-05
-8.42215e-05
-1.27599e-05
-7.49552e-05
-1.3035e-05
-6.55743e-05
-1.3068e-05
-5.60628e-05
-1.29152e-05
-4.64168e-05
-1.2628e-05
-3.66402e-05
-1.22513e-05
-2.67345e-05
-1.18226e-05
-1.66887e-05
-1.13723e-05
-6.47261e-06
-1.09229e-05
3.96773e-06
-1.04882e-05
1.47113e-05
-1.00721e-05
2.58596e-05
-9.66678e-06
3.7527e-05
-9.24988e-06
4.98275e-05
-8.78293e-06
6.28536e-05
-8.21005e-06
7.66475e-05
-7.45925e-06
9.11647e-05
-6.44746e-06
0.000106232
-5.0908e-06
0.000121507
-3.32059e-06
0.000136452
-1.10341e-06
0.000150329
1.53854e-06
0.000162249
4.51469e-06
0.000171265
7.6699e-06
0.000176513
1.08024e-05
0.000177382
1.36995e-05
0.000173628
1.6179e-05
0.000165427
1.8121e-05
0.000153328
1.94818e-05
0.000138131
2.02865e-05
0.000120722
2.06075e-05
0.000101941
2.05375e-05
8.24795e-05
2.01663e-05
6.2848e-05
1.95648e-05
4.33854e-05
1.8778e-05
2.42938e-05
1.78244e-05
5.68159e-06
1.66997e-05
-1.23994e-05
1.53827e-05
-2.99317e-05
1.38441e-05
-4.6914e-05
1.20582e-05
-6.33451e-05
1.00171e-05
-7.92013e-05
7.75065e-06
-9.43852e-05
5.34886e-06
-0.00010862
2.9797e-06
-0.000121274
8.88741e-07
-0.00013111
-6.37603e-07
-0.000136042
-1.36395e-06
-0.000133005
-1.24484e-06
-0.000118132
-5.65353e-07
-8.72721e-05
-3.6726e-05
2.38038e-07
-3.39486e-05
2.20678e-07
-8.00651e-05
-4.78613e-07
-0.000107972
-1.95915e-06
-0.000121652
-4.06287e-06
-0.000125316
-6.50175e-06
-0.000122696
-8.97459e-06
-0.000116617
-1.12423e-05
-0.000108898
-1.31563e-05
-0.000100517
-1.46524e-05
-9.18936e-05
-1.57294e-05
-8.31446e-05
-1.64241e-05
-7.42605e-05
-1.67919e-05
-6.52065e-05
-1.68936e-05
-5.59612e-05
-1.67875e-05
-4.65228e-05
-1.65268e-05
-3.6901e-05
-1.61572e-05
-2.7104e-05
-1.57172e-05
-1.71287e-05
-1.52375e-05
-6.9523e-06
-1.47405e-05
3.47065e-06
-1.4239e-05
1.42098e-05
-1.37351e-05
2.53557e-05
-1.32182e-05
3.701e-05
-1.26622e-05
4.92715e-05
-1.20246e-05
6.22159e-05
-1.12451e-05
7.5868e-05
-1.02483e-05
9.01679e-05
-8.94939e-06
0.000104933
-7.26464e-06
0.000119823
-5.12808e-06
0.000134315
-2.51097e-06
0.000147711
5.59161e-07
0.000159179
3.98598e-06
0.000167838
7.60953e-06
0.00017289
1.12244e-05
0.000173767
1.46131e-05
0.000170239
1.75858e-05
0.000162454
2.00115e-05
0.000150902
2.18327e-05
0.000136309
2.30598e-05
0.000119495
2.37526e-05
0.000101248
2.39951e-05
8.22371e-05
2.38723e-05
6.29708e-05
2.34548e-05
4.3803e-05
2.27898e-05
2.49588e-05
2.18998e-05
6.57167e-06
2.07843e-05
-1.1284e-05
1.94257e-05
-2.85731e-05
1.77965e-05
-4.52847e-05
1.58697e-05
-6.14183e-05
1.36334e-05
-7.6965e-05
1.11098e-05
-9.18616e-05
8.37913e-06
-0.00010589
5.6017e-06
-0.000118496
3.02423e-06
-0.000128532
9.5072e-07
-0.000133969
-3.40214e-07
-0.000131714
-7.31504e-07
-0.000117741
-4.20589e-07
-8.75831e-05
-3.71466e-05
1.01375e-07
-3.40499e-05
-2.56895e-07
-7.97068e-05
-1.42048e-06
-0.000106808
-3.41078e-06
-0.000119662
-6.01027e-06
-0.000122717
-8.8949e-06
-0.000119811
-1.17492e-05
-0.000113763
-1.43345e-05
-0.000106312
-1.651e-05
-9.8341e-05
-1.82211e-05
-9.01824e-05
-1.94749e-05
-8.18907e-05
-2.03142e-05
-7.34213e-05
-2.07981e-05
-6.47227e-05
-2.09894e-05
-5.57698e-05
-2.09483e-05
-4.65639e-05
-2.07286e-05
-3.71206e-05
-2.03771e-05
-2.74555e-05
-1.99329e-05
-1.75729e-05
-1.9427e-05
-7.45823e-06
-1.88816e-05
2.92528e-06
-1.83089e-05
1.36372e-05
-1.77094e-05
2.47563e-05
-1.70698e-05
3.63705e-05
-1.63611e-05
4.85628e-05
-1.55368e-05
6.13916e-05
-1.45336e-05
7.48647e-05
-1.32734e-05
8.89077e-05
-1.16703e-05
0.00010333
-9.64191e-06
0.000117794
-7.12552e-06
0.000131799
-4.09723e-06
0.000144683
-5.8987e-07
0.000155671
3.29577e-06
0.000163952
7.39543e-06
0.00016879
1.1501e-05
0.000169661
1.53914e-05
0.000166348
1.88697e-05
0.000158975
2.17945e-05
0.000147978
2.40941e-05
0.00013401
2.57641e-05
0.000117825
2.68506e-05
0.000100162
2.74271e-05
8.16606e-05
2.75729e-05
6.28249e-05
2.73567e-05
4.40192e-05
2.68271e-05
2.54883e-05
2.60101e-05
7.38875e-06
2.49095e-05
-1.01834e-05
2.35116e-05
-2.71752e-05
2.17916e-05
-4.35647e-05
1.97232e-05
-5.93498e-05
1.72915e-05
-7.45333e-05
1.45125e-05
-8.90826e-05
1.14573e-05
-0.000102835
8.27746e-06
-0.000115316
5.21803e-06
-0.000125473
2.59786e-06
-0.000131348
7.35241e-07
-0.000129851
-1.83582e-07
-0.000116822
-2.62911e-07
-8.75037e-05
-3.74095e-05
-4.92764e-08
-3.40007e-05
-7.72095e-07
-7.8984e-05
-2.42211e-06
-0.000105158
-4.93888e-06
-0.000117145
-8.04622e-06
-0.000119609
-1.13878e-05
-0.00011647
-1.46372e-05
-0.000110514
-1.75582e-05
-0.000103391
-2.00178e-05
-9.58815e-05
-2.19699e-05
-8.82303e-05
-2.34281e-05
-8.04326e-05
-2.44393e-05
-7.24101e-05
-2.50649e-05
-6.4097e-05
-2.53692e-05
-5.54656e-05
-2.54127e-05
-4.65204e-05
-2.52501e-05
-3.72833e-05
-2.49286e-05
-2.7777e-05
-2.44879e-05
-1.80136e-05
-2.39594e-05
-7.98673e-06
-2.33652e-05
2.3311e-06
-2.27168e-05
1.29888e-05
-2.20133e-05
2.40527e-05
-2.12391e-05
3.55963e-05
-2.03625e-05
4.76862e-05
-1.93344e-05
6.03635e-05
-1.80886e-05
7.3619e-05
-1.65458e-05
8.73649e-05
-1.46201e-05
0.000101404
-1.22311e-05
0.000115405
-9.32017e-06
0.000128888
-5.86858e-06
0.000141232
-1.91437e-06
0.000151717
2.43795e-06
0.0001596
7.02078e-06
0.000164207
1.16242e-05
0.000165058
1.60242e-05
0.000161948
2.00182e-05
0.000154981
2.34547e-05
0.000144541
2.62485e-05
0.000131216
2.83797e-05
0.000115694
2.98799e-05
9.86618e-05
3.08112e-05
8.07293e-05
3.12456e-05
6.23906e-05
3.12485e-05
4.40162e-05
3.08691e-05
2.58677e-05
3.0136e-05
8.12186e-06
2.90574e-05
-9.10484e-06
2.7624e-05
-2.57417e-05
2.58146e-05
-4.17553e-05
2.36046e-05
-5.71398e-05
2.0978e-05
-7.19067e-05
1.79457e-05
-8.60504e-05
1.45705e-05
-9.94593e-05
1.09948e-05
-0.000111741
7.45979e-06
-0.000121938
4.29533e-06
-0.000128184
1.85617e-06
-0.000127412
3.9621e-07
-0.000115362
-9.27278e-08
-8.70148e-05
-3.75022e-05
-2.13585e-07
-3.37871e-05
-1.32269e-06
-7.78749e-05
-3.47822e-06
-0.000103003
-6.53453e-06
-0.000114089
-1.01592e-05
-0.000115985
-1.39679e-05
-0.000112661
-1.76267e-05
-0.000106855
-2.09032e-05
-0.000100115
-2.36718e-05
-9.31128e-05
-2.58934e-05
-8.60087e-05
-2.7586e-05
-7.874e-05
-2.87987e-05
-7.11973e-05
-2.95939e-05
-6.33018e-05
-3.00358e-05
-5.50237e-05
-3.01852e-05
-4.6371e-05
-3.00968e-05
-3.73717e-05
-2.98183e-05
-2.80555e-05
-2.93898e-05
-1.84421e-05
-2.8843e-05
-8.53357e-06
-2.81998e-05
1.68794e-06
-2.74712e-05
1.22601e-05
-2.66548e-05
2.32363e-05
-2.57335e-05
3.4675e-05
-2.46734e-05
4.6626e-05
-2.3423e-05
5.91131e-05
-2.19149e-05
7.21109e-05
-2.00691e-05
8.55191e-05
-1.78011e-05
9.91363e-05
-1.50338e-05
0.000112638
-1.17131e-05
0.000125567
-7.82584e-06
0.000137344
-3.41528e-06
0.000147307
1.41071e-06
0.000154774
6.48231e-06
0.000159136
1.15885e-05
0.000159952
1.65035e-05
0.000157033
2.10201e-05
0.000150465
2.49775e-05
0.000140584
2.82775e-05
0.000127916
3.08851e-05
0.000113087
3.28167e-05
9.67302e-05
3.4122e-05
7.9424e-05
3.4864e-05
6.16485e-05
3.5104e-05
4.37763e-05
3.48902e-05
2.60815e-05
3.42533e-05
8.75873e-06
3.32056e-05
-8.0571e-06
3.17422e-05
-2.42784e-05
2.98465e-05
-3.98596e-05
2.74965e-05
-5.47898e-05
2.46766e-05
-6.90867e-05
2.1394e-05
-8.27678e-05
1.7704e-05
-9.57694e-05
1.374e-05
-0.000107776
9.73753e-06
-0.000117936
6.03398e-06
-0.00012448
3.01635e-06
-0.000124395
1.00445e-06
-0.00011335
8.92888e-08
-8.60996e-05
-3.74129e-05
-3.90604e-07
-3.33965e-05
-1.90463e-06
-7.63609e-05
-4.57995e-06
-0.000100327
-8.18405e-06
-0.000110485
-1.23319e-05
-0.000111837
-1.66157e-05
-0.000108377
-2.06978e-05
-0.000102773
-2.43503e-05
-9.64623e-05
-2.74545e-05
-9.00086e-05
-2.99759e-05
-8.34873e-05
-3.19346e-05
-7.67813e-05
-3.33803e-05
-6.97517e-05
-3.43742e-05
-6.23079e-05
-3.49799e-05
-5.4418e-05
-3.52574e-05
-4.60935e-05
-3.52615e-05
-3.73676e-05
-3.504e-05
-2.8277e-05
-3.46332e-05
-1.88489e-05
-3.40729e-05
-9.09385e-06
-3.33811e-05
9.96076e-07
-3.25678e-05
1.14469e-05
-3.163e-05
2.22985e-05
-3.05489e-05
3.35939e-05
-2.92889e-05
4.53661e-05
-2.77976e-05
5.76218e-05
-2.60068e-05
7.03201e-05
-2.38373e-05
8.33497e-05
-2.12072e-05
9.65062e-05
-1.80436e-05
0.000109474
-1.4298e-05
0.000121821
-9.96342e-06
0.00013301
-5.08808e-06
0.000142431
2.1698e-07
0.000149469
5.78081e-06
0.000153572
1.13918e-05
0.000154341
1.68238e-05
0.000151601
2.18657e-05
0.000145423
2.63491e-05
0.0001361
3.01633e-05
0.000124102
3.32584e-05
0.000109991
3.56357e-05
9.43529e-05
3.73312e-05
7.77285e-05
3.83984e-05
6.05813e-05
3.88925e-05
4.32822e-05
3.886e-05
2.6114e-05
3.83328e-05
9.28597e-06
3.73264e-05
-7.05073e-06
3.58408e-05
-2.27929e-05
3.3864e-05
-3.78828e-05
3.13779e-05
-5.23037e-05
2.83679e-05
-6.60768e-05
2.48393e-05
-7.92392e-05
2.08412e-05
-9.17712e-05
1.64977e-05
-0.000103433
1.20379e-05
-0.000113476
7.80323e-06
-0.000120246
4.20885e-06
-0.0001208
1.63761e-06
-0.000110779
2.82115e-07
-8.47441e-05
-3.71308e-05
-5.78722e-07
-3.28177e-05
-2.51159e-06
-7.4428e-05
-5.71467e-06
-9.71242e-05
-9.86858e-06
-0.000106331
-1.45403e-05
-0.000107165
-1.93042e-05
-0.000103613
-2.38215e-05
-9.82556e-05
-2.78702e-05
-9.24137e-05
-3.13366e-05
-8.65422e-05
-3.41889e-05
-8.0635e-05
-3.64467e-05
-7.45234e-05
-3.81576e-05
-6.80409e-05
-3.93805e-05
-6.10849e-05
-4.01771e-05
-5.36215e-05
-4.06062e-05
-4.56644e-05
-4.07219e-05
-3.72519e-05
-4.05722e-05
-2.84268e-05
-4.01973e-05
-1.92237e-05
-3.96292e-05
-9.66195e-06
-3.88896e-05
2.56417e-07
-3.7988e-05
1.05453e-05
-3.69204e-05
2.12309e-05
-3.5667e-05
3.23405e-05
-3.41914e-05
4.38905e-05
-3.24405e-05
5.58709e-05
-3.03469e-05
6.82265e-05
-2.78335e-05
8.08363e-05
-2.48221e-05
9.34947e-05
-2.12452e-05
0.000105897
-1.70609e-05
0.000117637
-1.22687e-05
0.000128218
-6.92208e-06
0.000137085
-1.135e-06
0.000143682
4.92139e-06
0.000147515
1.10358e-05
0.000148226
1.69825e-05
0.000145655
2.25481e-05
0.000139857
2.75573e-05
0.000131091
3.18885e-05
0.000119771
3.54774e-05
0.000106402
3.83101e-05
9.15202e-05
4.04088e-05
7.56298e-05
4.1816e-05
5.91741e-05
4.25801e-05
4.25182e-05
4.27443e-05
2.59498e-05
4.23408e-05
9.6895e-06
4.13879e-05
-6.09784e-06
3.989e-05
-2.1295e-05
3.78399e-05
-3.58327e-05
3.52237e-05
-4.96875e-05
3.20294e-05
-6.28824e-05
2.82612e-05
-7.54709e-05
2.39631e-05
-8.74731e-05
1.92509e-05
-9.87209e-05
1.43459e-05
-0.000108571
9.59117e-06
-0.000115491
5.42559e-06
-0.000116635
2.29163e-06
-0.000107645
4.84593e-07
-8.29371e-05
-3.66462e-05
-7.75421e-07
-3.20423e-05
-3.13482e-06
-7.20686e-05
-6.86575e-06
-9.33933e-05
-1.15638e-05
-0.000101633
-1.67539e-05
-0.000101975
-2.19977e-05
-9.83696e-05
-2.6959e-05
-9.32943e-05
-3.14217e-05
-8.79509e-05
-3.5276e-05
-8.26879e-05
-3.84897e-05
-7.74214e-05
-4.10793e-05
-7.19338e-05
-4.3088e-05
-6.60321e-05
-4.45708e-05
-5.96022e-05
-4.5586e-05
-5.26062e-05
-4.61908e-05
-4.50596e-05
-4.64382e-05
-3.70044e-05
-4.63759e-05
-2.84891e-05
-4.60441e-05
-1.95554e-05
-4.54747e-05
-1.02314e-05
-4.4689e-05
-5.29298e-07
-4.36961e-05
9.55248e-06
-4.24913e-05
2.00261e-05
-4.10541e-05
3.09033e-05
-3.93478e-05
4.21842e-05
-3.732e-05
5.38431e-05
-3.49049e-05
6.58113e-05
-3.20288e-05
7.79602e-05
-2.86186e-05
9.00846e-05
-2.46135e-05
0.000101892
-1.99791e-05
0.000113003
-1.47217e-05
0.00012296
-8.90024e-06
0.000131263
-2.63141e-06
0.000137413
3.91399e-06
0.00014097
1.05261e-05
0.000141614
1.69804e-05
0.000139201
2.30625e-05
0.000133775
2.85918e-05
0.000125562
3.3437e-05
0.000114925
3.75203e-05
0.000102319
4.08131e-05
8.82275e-05
4.33234e-05
7.31195e-05
4.50822e-05
5.74152e-05
4.61298e-05
4.14706e-05
4.65053e-05
2.55744e-05
4.62399e-05
9.9549e-06
4.53539e-05
-5.2119e-06
4.38557e-05
-1.97967e-05
4.17426e-05
-3.37197e-05
3.90055e-05
-4.69504e-05
3.56352e-05
-5.95121e-05
3.16361e-05
-7.14718e-05
2.70484e-05
-8.28854e-05
2.19803e-05
-9.36529e-05
1.66449e-05
-0.000103235
1.13844e-05
-0.00011023
6.65727e-06
-0.000111908
2.96162e-06
-0.000103949
6.95398e-07
-8.06709e-05
-3.59508e-05
-9.77255e-07
-3.10651e-05
-3.76316e-06
-6.92827e-05
-8.01269e-06
-8.91438e-05
-1.32402e-05
-9.64051e-05
-1.89349e-05
-9.62801e-05
-2.46518e-05
-9.26526e-05
-3.00604e-05
-8.78858e-05
-3.49508e-05
-8.30605e-05
-3.92153e-05
-7.84234e-05
-4.28187e-05
-7.3818e-05
-4.57716e-05
-6.89809e-05
-4.81103e-05
-6.36934e-05
-4.98838e-05
-5.78287e-05
-5.11459e-05
-5.13441e-05
-5.19511e-05
-4.42544e-05
-5.23511e-05
-3.66044e-05
-5.23928e-05
-2.84474e-05
-5.21162e-05
-1.9832e-05
-5.1553e-05
-1.07946e-05
-5.07241e-05
-1.3582e-06
-4.96382e-05
8.46662e-06
-4.82901e-05
1.8678e-05
-4.66592e-05
2.92723e-05
-4.47092e-05
4.02342e-05
-4.23891e-05
5.1523e-05
-3.96361e-05
6.30584e-05
-3.63814e-05
7.47054e-05
-3.25582e-05
8.62613e-05
-2.81134e-05
9.74475e-05
-2.30209e-05
0.00010791
-1.72946e-05
0.000117234
-1.09989e-05
0.000124967
-4.25283e-06
0.000130667
2.7734e-06
0.000133944
9.8723e-06
0.000134515
1.68217e-05
0.000132251
2.34074e-05
0.000127189
2.9445e-05
0.000119524
3.47947e-05
0.000109576
3.93667e-05
9.7747e-05
4.31183e-05
8.4476e-05
4.60435e-05
7.01942e-05
4.81613e-05
5.52974e-05
4.95032e-05
4.01287e-05
5.01028e-05
2.49748e-05
4.99897e-05
1.0068e-05
4.91851e-05
-4.4073e-06
4.77004e-05
-1.8312e-05
4.55373e-05
-3.15566e-05
4.2691e-05
-4.41041e-05
3.91559e-05
-5.59769e-05
3.49373e-05
-6.72532e-05
3.00728e-05
-7.8021e-05
2.46641e-05
-8.82442e-05
1.89159e-05
-9.7487e-05
1.31676e-05
-0.000104482
7.89322e-06
-0.000106633
3.64185e-06
-9.9698e-05
9.12846e-07
-7.79419e-05
-3.5038e-05
-1.1799e-06
-2.98852e-05
-4.38333e-06
-6.60793e-05
-9.13155e-06
-8.43955e-05
-1.4863e-05
-9.06736e-05
-2.10388e-05
-9.01044e-05
-2.72132e-05
-8.64782e-05
-3.30642e-05
-8.20347e-05
-3.83892e-05
-7.77355e-05
-4.30805e-05
-7.37321e-05
-4.70977e-05
-6.98008e-05
-5.04425e-05
-6.56361e-05
-5.31418e-05
-6.09942e-05
-5.52362e-05
-5.57342e-05
-5.67739e-05
-4.98065e-05
-5.78052e-05
-4.32232e-05
-5.83797e-05
-3.60299e-05
-5.85432e-05
-2.82839e-05
-5.83354e-05
-2.00398e-05
-5.77874e-05
-1.13427e-05
-5.69198e-05
-2.2258e-06
-5.5741e-05
7.28789e-06
-5.42457e-05
1.71826e-05
-5.24135e-05
2.74402e-05
-5.02095e-05
3.80302e-05
-4.75852e-05
4.88987e-05
-4.44819e-05
5.99552e-05
-4.08368e-05
7.10603e-05
-3.65907e-05
8.20152e-05
-3.16995e-05
9.25563e-05
-2.6146e-05
0.000102357
-1.99521e-05
0.00011104
-1.31878e-05
0.000118203
-5.97434e-06
0.000123453
1.51919e-06
0.00012645
9.08844e-06
0.000126946
1.65144e-05
0.000124825
2.35845e-05
0.000120119
3.01118e-05
0.000112997
3.59499e-05
0.000103738
4.09982e-05
9.26987e-05
4.52008e-05
8.02734e-05
4.85384e-05
6.68566e-05
5.10179e-05
5.28179e-05
5.26611e-05
3.84855e-05
5.34956e-05
2.41402e-05
5.35481e-05
1.00156e-05
5.28395e-05
-3.69876e-06
5.13835e-05
-1.6856e-05
4.91854e-05
-2.93585e-05
4.62444e-05
-4.1163e-05
4.25582e-05
-5.22908e-05
3.81342e-05
-6.28292e-05
3.30085e-05
-7.28953e-05
2.72773e-05
-8.2513e-05
2.11373e-05
-9.13471e-05
1.49234e-05
-9.82683e-05
9.12116e-06
-0.000100831
4.32555e-06
-9.49024e-05
1.13487e-06
-7.47512e-05
-3.39031e-05
-1.37832e-06
-2.85068e-05
-4.98034e-06
-6.24773e-05
-1.01957e-05
-7.91801e-05
-1.6394e-05
-8.44753e-05
-2.30155e-05
-8.34828e-05
-2.962e-05
-7.98738e-05
-3.58977e-05
-7.5757e-05
-4.16536e-05
-7.19797e-05
-4.67797e-05
-6.86059e-05
-5.12278e-05
-6.53527e-05
-5.49882e-05
-6.18757e-05
-5.80756e-05
-5.79068e-05
-6.05204e-05
-5.32895e-05
-6.23623e-05
-4.79645e-05
-6.36464e-05
-4.1939e-05
-6.44191e-05
-3.52572e-05
-6.47244e-05
-2.79786e-05
-6.46009e-05
-2.01633e-05
-6.40793e-05
-1.18643e-05
-6.31799e-05
-3.12518e-06
-6.19111e-05
6.01908e-06
-6.02676e-05
1.55392e-05
-5.82303e-05
2.54028e-05
-5.57662e-05
3.55661e-05
-5.28303e-05
4.59628e-05
-4.93694e-05
5.64943e-05
-4.53276e-05
6.70185e-05
-4.06549e-05
7.73425e-05
-3.53167e-05
8.72181e-05
-2.93056e-05
9.63458e-05
-2.26518e-05
0.000104386
-1.54307e-05
0.000110982
-7.76578e-06
0.000115788
1.75439e-07
0.000118509
8.19245e-06
0.000118929
1.60703e-05
0.000116947
2.35989e-05
0.000112591
3.05907e-05
0.000106005
3.68939e-05
9.74345e-05
4.23991e-05
8.71936e-05
4.70382e-05
7.56342e-05
5.07795e-05
6.31154e-05
5.36177e-05
4.99797e-05
5.5565e-05
3.65382e-05
5.66421e-05
2.30631e-05
5.68716e-05
9.78608e-06
5.62733e-05
-3.10046e-06
5.48617e-05
-1.54444e-05
5.26449e-05
-2.71417e-05
4.96253e-05
-3.81434e-05
4.58044e-05
-4.84699e-05
4.11917e-05
-5.82165e-05
3.58232e-05
-6.75268e-05
2.97911e-05
-7.64809e-05
2.32844e-05
-8.48404e-05
1.6632e-05
-9.16158e-05
1.03269e-05
-9.4526e-05
5.0048e-06
-8.95803e-05
1.35895e-06
-7.11053e-05
-3.25441e-05
-1.56703e-06
-2.69398e-05
-5.53837e-06
-5.85059e-05
-1.11773e-05
-7.35412e-05
-1.77922e-05
-7.78604e-05
-2.48106e-05
-7.64645e-05
-3.18033e-05
-7.2881e-05
-3.84771e-05
-6.90833e-05
-4.46463e-05
-6.58105e-05
-5.02022e-05
-6.305e-05
-5.50878e-05
-6.04671e-05
-5.92798e-05
-5.76837e-05
-6.27783e-05
-5.44083e-05
-6.56003e-05
-5.04675e-05
-6.77753e-05
-4.57896e-05
-6.93407e-05
-4.03736e-05
-7.03379e-05
-3.426e-05
-7.08079e-05
-2.75086e-05
-7.07879e-05
-2.01834e-05
-7.03075e-05
-1.23447e-05
-6.93871e-05
-4.04561e-06
-6.80351e-05
4.66708e-06
-6.62471e-05
1.37512e-05
-6.40056e-05
2.31613e-05
-6.12807e-05
3.28411e-05
-5.8032e-05
4.27141e-05
-5.42128e-05
5.2675e-05
-4.97755e-05
6.25812e-05
-4.46797e-05
7.22467e-05
-3.89016e-05
8.144e-05
-3.24438e-05
8.9888e-05
-2.53449e-05
9.72873e-05
-1.7686e-05
0.000103323
-9.59238e-06
0.000107695
-1.22977e-06
0.000110146
7.20578e-06
0.000110494
1.55041e-05
0.000108649
2.3459e-05
0.000104636
3.08831e-05
9.85808e-05
3.76214e-05
9.06962e-05
4.35568e-05
8.12582e-05
4.86111e-05
7.058e-05
5.27405e-05
5.8986e-05
5.59287e-05
4.67916e-05
5.81778e-05
3.42891e-05
5.95011e-05
2.17398e-05
5.99162e-05
9.37098e-06
5.94405e-05
-2.62478e-06
5.80884e-05
-1.40923e-05
5.58692e-05
-2.49225e-05
5.27883e-05
-3.50625e-05
4.88504e-05
-4.4532e-05
4.40682e-05
-5.34343e-05
3.84787e-05
-6.19373e-05
3.21713e-05
-7.01735e-05
2.53279e-05
-7.7997e-05
1.827e-05
-8.45579e-05
1.14941e-05
-8.77501e-05
5.67037e-06
-8.37566e-05
1.58208e-06
-6.70171e-05
-3.09621e-05
-1.74053e-06
-2.51993e-05
-6.04192e-06
-5.42045e-05
-1.20487e-05
-6.75344e-05
-1.90167e-05
-7.08925e-05
-2.63675e-05
-6.91137e-05
-3.36895e-05
-6.55589e-05
-4.07101e-05
-6.20627e-05
-4.7256e-05
-5.92646e-05
-5.32193e-05
-5.70866e-05
-5.85339e-05
-5.51525e-05
-6.31618e-05
-5.30558e-05
-6.70864e-05
-5.04837e-05
-7.03089e-05
-4.7245e-05
-7.28452e-05
-4.32533e-05
-7.47223e-05
-3.84964e-05
-7.59741e-05
-3.30082e-05
-7.6637e-05
-2.68458e-05
-7.6745e-05
-2.00754e-05
-7.63267e-05
-1.2763e-05
-7.54019e-05
-4.97036e-06
-7.39798e-05
3.24496e-06
-7.20573e-05
1.18287e-05
-6.96195e-05
2.07235e-05
-6.66404e-05
2.98621e-05
-6.30855e-05
3.91592e-05
-5.89156e-05
4.85051e-05
-5.40924e-05
5.7758e-05
-4.8586e-05
6.67404e-05
-4.23838e-05
7.52377e-05
-3.54988e-05
8.3003e-05
-2.79781e-05
8.97666e-05
-1.99081e-05
9.5253e-05
-1.14159e-05
9.92027e-05
-2.66509e-06
0.000101396
6.15311e-06
0.000101675
1.48342e-05
9.99679e-05
2.31763e-05
9.62939e-05
3.09941e-05
9.0763e-05
3.81304e-05
8.35598e-05
4.44625e-05
7.49261e-05
4.99033e-05
6.51391e-05
5.43987e-05
5.44906e-05
5.79215e-05
4.32688e-05
6.04641e-05
3.17464e-05
6.20319e-05
2.0172e-05
6.26368e-05
8.76612e-06
6.22926e-05
-2.28057e-06
6.10122e-05
-1.28119e-05
5.88055e-05
-2.27158e-05
5.568e-05
-3.1937e-05
5.16439e-05
-4.04959e-05
4.67137e-05
-4.85041e-05
4.09287e-05
-5.61523e-05
3.43768e-05
-6.36216e-05
2.72334e-05
-7.08536e-05
1.98104e-05
-7.71349e-05
1.26038e-05
-8.05434e-05
6.31161e-06
-7.74645e-05
1.80075e-06
-6.25062e-05
-2.91613e-05
-1.89391e-06
-2.33054e-05
-6.47723e-06
-4.96212e-05
-1.27853e-05
-6.12263e-05
-2.00291e-05
-6.36488e-05
-2.76311e-05
-6.15116e-05
-3.52033e-05
-5.79868e-05
-4.24986e-05
-5.47674e-05
-4.93606e-05
-5.24026e-05
-5.56856e-05
-5.07617e-05
-6.14e-05
-4.9438e-05
-6.64514e-05
-4.80044e-05
-7.08052e-05
-4.61299e-05
-7.44443e-05
-4.36059e-05
-7.73679e-05
-4.03297e-05
-7.95889e-05
-3.62754e-05
-8.11304e-05
-3.14666e-05
-8.20211e-05
-2.59551e-05
-8.22902e-05
-1.98062e-05
-8.19637e-05
-1.30895e-05
-8.10606e-05
-5.87343e-06
-7.95908e-05
1.77515e-06
-7.75533e-05
9.79115e-06
-7.49366e-05
1.81068e-05
-7.17198e-05
2.66453e-05
-6.78753e-05
3.53147e-05
-6.33723e-05
4.40022e-05
-5.8183e-05
5.25687e-05
-5.22887e-05
6.08461e-05
-4.5688e-05
6.86371e-05
-3.84048e-05
7.57197e-05
-3.04944e-05
8.18562e-05
-2.20485e-05
8.68072e-05
-1.31956e-05
9.03497e-05
-4.09692e-06
9.22968e-05
5.0614e-06
9.25171e-05
1.40809e-05
9.09484e-05
2.2765e-05
8.76098e-05
3.09313e-05
8.25967e-05
3.84221e-05
7.6069e-05
4.51105e-05
6.82377e-05
5.09022e-05
5.93474e-05
5.57339e-05
4.96589e-05
5.95685e-05
3.94343e-05
6.2389e-05
2.89259e-05
6.41926e-05
1.83683e-05
6.49848e-05
7.97397e-06
6.47749e-05
-2.07068e-06
6.35735e-05
-1.16105e-05
6.13904e-05
-2.05327e-05
5.82352e-05
-2.87818e-05
5.41199e-05
-3.63806e-05
4.90658e-05
-4.34501e-05
4.3116e-05
-5.02025e-05
3.63577e-05
-5.68633e-05
2.89594e-05
-6.34552e-05
2.12215e-05
-6.9397e-05
1.36342e-05
-7.29561e-05
6.91637e-06
-7.07467e-05
2.01087e-06
-5.76007e-05
-2.71504e-05
-2.02352e-06
-2.12818e-05
-6.83397e-06
-4.48108e-05
-1.33675e-05
-5.46928e-05
-2.0797e-05
-5.62192e-05
-2.85517e-05
-5.37569e-05
-3.62721e-05
-5.02663e-05
-4.37435e-05
-4.72961e-05
-5.08321e-05
-4.53139e-05
-5.74435e-05
-4.41503e-05
-6.3501e-05
-4.33805e-05
-6.89399e-05
-4.25656e-05
-7.37078e-05
-4.1362e-05
-7.77675e-05
-3.95462e-05
-8.10984e-05
-3.69988e-05
-8.36955e-05
-3.36784e-05
-8.55667e-05
-2.95954e-05
-8.6729e-05
-2.47928e-05
-8.72036e-05
-1.93316e-05
-8.70115e-05
-1.32815e-05
-8.61698e-05
-6.7152e-06
-8.46885e-05
2.93949e-07
-8.25692e-05
7.67183e-06
-7.98045e-05
1.53421e-05
-7.63797e-05
2.32205e-05
-7.22751e-05
3.121e-05
-6.74695e-05
3.91966e-05
-6.19461e-05
4.70453e-05
-5.56981e-05
5.45981e-05
-4.8736e-05
6.16749e-05
-4.10938e-05
6.80776e-05
-3.28355e-05
7.35979e-05
-2.40575e-05
7.80292e-05
-1.48895e-05
8.11817e-05
-5.49045e-06
8.28978e-05
3.95887e-06
8.30677e-05
1.32664e-05
8.16409e-05
2.22411e-05
7.8635e-05
3.07046e-05
7.41332e-05
3.84998e-05
6.82738e-05
4.54971e-05
6.12405e-05
5.15963e-05
5.32481e-05
5.67264e-05
4.45288e-05
6.08411e-05
3.53196e-05
6.39146e-05
2.58525e-05
6.59356e-05
1.63473e-05
6.6903e-05
7.00661e-06
6.68212e-05
-1.98893e-06
6.56983e-05
-1.04876e-05
6.3544e-05
-1.83784e-05
6.03706e-05
-2.56083e-05
5.61952e-05
-3.22052e-05
5.10453e-05
-3.83002e-05
4.49687e-05
-4.41259e-05
3.80524e-05
-4.9947e-05
3.04564e-05
-5.58593e-05
2.24664e-05
-6.1407e-05
1.45606e-05
-6.50503e-05
7.47113e-06
-6.36572e-05
2.20796e-06
-5.23375e-05
-2.49425e-05
-2.12769e-06
-1.91542e-05
-7.10684e-06
-3.98316e-05
-1.37832e-05
-4.80165e-05
-2.1297e-05
-4.87054e-05
-2.90881e-05
-4.59658e-05
-3.68314e-05
-4.2523e-05
-4.43506e-05
-3.97768e-05
-5.15428e-05
-3.81218e-05
-5.83302e-05
-3.73629e-05
-6.46394e-05
-3.70712e-05
-7.0398e-05
-3.6807e-05
-7.55382e-05
-3.62218e-05
-8.00026e-05
-3.50817e-05
-8.37485e-05
-3.3253e-05
-8.67489e-05
-3.0678e-05
-8.89919e-05
-2.73523e-05
-9.0478e-05
-2.33067e-05
-9.12156e-05
-1.8594e-05
-9.1217e-05
-1.32801e-05
-9.04947e-05
-7.4375e-06
-8.90578e-05
-1.14304e-06
-8.69094e-05
5.52343e-06
-8.40468e-05
1.24795e-05
-8.0462e-05
1.96357e-05
-7.61442e-05
2.68922e-05
-7.10828e-05
3.41352e-05
-6.52727e-05
4.12352e-05
-5.87195e-05
4.80449e-05
-5.14455e-05
5.44009e-05
-4.34955e-05
6.01276e-05
-3.49414e-05
6.50437e-05
-2.58844e-05
6.89722e-05
-1.64552e-05
7.17526e-05
-6.81054e-06
7.32531e-05
2.874e-06
7.33832e-05
1.24127e-05
7.21022e-05
2.16206e-05
6.94271e-05
3.03236e-05
6.54302e-05
3.83661e-05
6.02313e-05
4.56169e-05
5.39897e-05
5.19715e-05
4.68935e-05
5.73518e-05
3.91485e-05
6.17035e-05
3.09679e-05
6.49922e-05
2.25637e-05
6.71989e-05
1.41406e-05
6.8316e-05
5.88959e-06
6.83435e-05
-2.01643e-06
6.72877e-05
-9.43178e-06
6.51597e-05
-1.62504e-05
6.19761e-05
-2.24248e-05
5.77613e-05
-2.79904e-05
5.25502e-05
-3.30892e-05
4.63961e-05
-3.79717e-05
3.93847e-05
-4.29356e-05
3.16648e-05
-4.81394e-05
2.35019e-05
-5.32441e-05
1.53553e-05
-5.69037e-05
7.96124e-06
-5.62631e-05
2.38727e-06
-4.67635e-05
-2.25552e-05
-2.20738e-06
-1.69468e-05
-7.2967e-06
-3.47423e-05
-1.40295e-05
-4.12837e-05
-2.15165e-05
-4.12184e-05
-2.92116e-05
-3.82708e-05
-3.68286e-05
-3.4906e-05
-4.42373e-05
-3.23681e-05
-5.13739e-05
-3.09852e-05
-5.81871e-05
-3.05498e-05
-6.46155e-05
-3.06428e-05
-7.0586e-05
-3.08365e-05
-7.60201e-05
-3.07877e-05
-8.08425e-05
-3.02593e-05
-8.49879e-05
-2.91076e-05
-8.84047e-05
-2.72612e-05
-9.10568e-05
-2.47002e-05
-9.29224e-05
-2.14411e-05
-9.39918e-05
-1.75247e-05
-9.42634e-05
-1.30084e-05
-9.37407e-05
-7.96026e-06
-9.24282e-05
-2.4555e-06
-9.03295e-05
3.42471e-06
-8.74452e-05
9.59528e-06
-8.3774e-05
1.59645e-05
-7.9314e-05
2.24322e-05
-7.40659e-05
2.88872e-05
-6.80369e-05
3.52062e-05
-6.12453e-05
4.12532e-05
-5.37255e-05
4.68812e-05
-4.5533e-05
5.19351e-05
-3.67476e-05
5.62583e-05
-2.74755e-05
5.97002e-05
-1.78488e-05
6.21258e-05
-8.02178e-06
6.3426e-05
1.83448e-06
6.3527e-05
1.15402e-05
6.23964e-05
2.09164e-05
6.00509e-05
2.97932e-05
5.65534e-05
3.80171e-05
5.20074e-05
4.54559e-05
4.65509e-05
5.20016e-05
4.03479e-05
5.757e-05
3.35801e-05
6.20997e-05
2.64381e-05
6.55488e-05
1.91147e-05
6.78915e-05
1.17979e-05
6.91149e-05
4.66622e-06
6.92166e-05
-2.11821e-06
6.82037e-05
-8.41881e-06
6.60913e-05
-1.41381e-05
6.29039e-05
-1.92373e-05
5.8675e-05
-2.37615e-05
5.34491e-05
-2.78632e-05
4.72839e-05
-3.18066e-05
4.02613e-05
-3.59129e-05
3.25136e-05
-4.03917e-05
2.42786e-05
-4.50091e-05
1.59877e-05
-4.86128e-05
8.37132e-06
-4.86467e-05
2.54413e-06
-4.09364e-05
-2.00111e-05
-2.26642e-06
-1.46804e-05
-7.41047e-06
-2.95982e-05
-1.41119e-05
-3.45822e-05
-2.14535e-05
-3.38768e-05
-2.89056e-05
-3.08187e-05
-3.62261e-05
-2.75855e-05
-4.33374e-05
-2.52568e-05
-5.02243e-05
-2.40983e-05
-5.68721e-05
-2.39019e-05
-6.32421e-05
-2.42728e-05
-6.92696e-05
-2.48089e-05
-7.48729e-05
-2.51845e-05
-7.99634e-05
-2.51687e-05
-8.44556e-05
-2.46155e-05
-8.82729e-05
-2.34439e-05
-9.13522e-05
-2.16209e-05
-9.36452e-05
-1.91481e-05
-9.51179e-05
-1.6052e-05
-9.57488e-05
-1.23775e-05
-9.55263e-05
-8.18278e-06
-9.44455e-05
-3.53631e-06
-9.25059e-05
1.48517e-06
-8.97091e-05
6.79845e-06
-8.60583e-05
1.23137e-05
-8.15598e-05
1.79337e-05
-7.6225e-05
2.35524e-05
-7.00733e-05
2.90544e-05
-6.31356e-05
3.43156e-05
-5.5459e-05
3.92045e-05
-4.71094e-05
4.35855e-05
-3.81751e-05
4.7324e-05
-2.87674e-05
5.02925e-05
-1.90201e-05
5.23785e-05
-9.08625e-06
5.34922e-05
8.6683e-07
5.35739e-05
1.06645e-05
5.25988e-05
2.01326e-05
5.05828e-05
2.91053e-05
4.75807e-05
3.7431e-05
4.36818e-05
4.49768e-05
3.90051e-05
5.16314e-05
3.36933e-05
5.73059e-05
2.79056e-05
6.19328e-05
2.18112e-05
6.54642e-05
1.55832e-05
6.787e-05
9.3922e-06
6.91349e-05
3.40123e-06
6.92581e-05
-2.24135e-06
6.82513e-05
-7.41198e-06
6.61387e-05
-1.20255e-05
6.29563e-05
-1.6055e-05
5.87503e-05
-1.95555e-05
5.35745e-05
-2.26875e-05
4.74897e-05
-2.57217e-05
4.05681e-05
-2.89913e-05
3.29177e-05
-3.27413e-05
2.47389e-05
-3.68303e-05
1.64239e-05
-4.02978e-05
8.68551e-06
-4.09083e-05
2.67431e-06
-3.49252e-05
-1.73368e-05
-2.311e-06
-1.23694e-05
-7.45854e-06
-2.44507e-05
-1.40395e-05
-2.80013e-05
-2.11101e-05
-2.68062e-05
-2.81607e-05
-2.37681e-05
-3.49975e-05
-2.07487e-05
-4.16022e-05
-1.86522e-05
-4.80162e-05
-1.76842e-05
-5.42716e-05
-1.76466e-05
-6.03623e-05
-1.8182e-05
-6.62427e-05
-1.89285e-05
-7.18368e-05
-1.95904e-05
-7.70505e-05
-1.9955e-05
-8.17834e-05
-1.98826e-05
-8.59371e-05
-1.92902e-05
-8.94219e-05
-1.81361e-05
-9.2161e-05
-1.6409e-05
-9.40923e-05
-1.41207e-05
-9.51685e-05
-1.13012e-05
-9.53565e-05
-7.99485e-06
-9.4635e-05
-4.25781e-06
-9.29933e-05
-1.56506e-07
-9.04284e-05
4.23357e-06
-8.69443e-05
8.82961e-06
-8.25523e-05
1.35417e-05
-7.72719e-05
1.8272e-05
-7.11334e-05
2.29159e-05
-6.41797e-05
2.73619e-05
-5.64694e-05
3.14942e-05
-4.80795e-05
3.51956e-05
-3.91066e-05
3.83511e-05
-2.96681e-05
4.0854e-05
-1.99005e-05
4.26109e-05
-9.95701e-06
4.35487e-05
-2.59326e-09
4.36195e-05
9.79141e-06
4.28048e-05
1.92545e-05
4.11197e-05
2.82236e-05
3.86116e-05
3.65482e-05
3.53572e-05
4.40946e-05
3.14587e-05
5.07489e-05
2.70389e-05
5.64186e-05
2.22359e-05
6.10323e-05
1.71976e-05
6.45393e-05
1.20762e-05
6.69087e-05
7.02279e-06
6.81284e-05
2.18149e-06
6.82044e-05
-2.31729e-06
6.71595e-05
-6.36713e-06
6.50327e-05
-9.89873e-06
6.18761e-05
-1.28984e-05
5.77504e-05
-1.54298e-05
5.27184e-05
-1.76554e-05
4.68387e-05
-1.9842e-05
4.01666e-05
-2.23193e-05
3.27751e-05
-2.53498e-05
2.48145e-05
-2.88698e-05
1.66245e-05
-3.21078e-05
8.88676e-06
-3.31706e-05
2.77422e-06
-2.88126e-05
-1.45626e-05
-2.34734e-06
-1.0022e-05
-7.44755e-06
-1.93505e-05
-1.3813e-05
-2.16358e-05
-2.04781e-05
-2.01411e-05
-2.6959e-05
-1.72872e-05
-3.31153e-05
-1.45924e-05
-3.89925e-05
-1.2775e-05
-4.46945e-05
-1.19822e-05
-5.03069e-05
-1.20342e-05
-5.5865e-05
-1.26239e-05
-6.13513e-05
-1.34423e-05
-6.67049e-05
-1.42369e-05
-7.18354e-05
-1.48244e-05
-7.6636e-05
-1.50821e-05
-8.09933e-05
-1.49329e-05
-8.47964e-05
-1.43331e-05
-8.79422e-05
-1.32631e-05
-9.03404e-05
-1.17225e-05
-9.19153e-05
-9.72631e-06
-9.26072e-05
-7.30293e-06
-9.23722e-05
-4.49285e-06
-9.11814e-05
-1.34729e-06
-8.90201e-05
2.07229e-06
-8.58865e-05
5.69594e-06
-8.17906e-05
9.44577e-06
-7.67556e-05
1.3237e-05
-7.08184e-05
1.69786e-05
-6.40309e-05
2.05744e-05
-5.64619e-05
2.39252e-05
-4.8198e-05
2.69316e-05
-3.93443e-05
2.94975e-05
-3.00247e-05
3.15344e-05
-2.03799e-05
3.29661e-05
-1.05648e-05
3.37336e-05
-7.44316e-07
3.3799e-05
8.91137e-06
3.31491e-05
1.82334e-05
3.17976e-05
2.70598e-05
2.97852e-05
3.52402e-05
2.71768e-05
4.26402e-05
2.40587e-05
4.91447e-05
2.05344e-05
5.46596e-05
1.67211e-05
5.91131e-05
1.2744e-05
6.24569e-05
8.73246e-06
6.46654e-05
4.81424e-06
6.57364e-05
1.1105e-06
6.56899e-05
-2.2708e-06
6.4567e-05
-5.24423e-06
6.24268e-05
-7.75855e-06
5.9341e-05
-9.81253e-06
5.53852e-05
-1.14739e-05
5.06279e-05
-1.28982e-05
4.51194e-05
-1.43335e-05
3.88877e-05
-1.60877e-05
3.19587e-05
-1.84208e-05
2.44186e-05
-2.13297e-05
1.6539e-05
-2.42281e-05
8.95345e-06
-2.5585e-05
2.84007e-06
-2.26992e-05
-1.17225e-05
-2.37611e-06
-7.64591e-06
-7.36488e-06
-1.43617e-05
-1.34004e-05
-1.56003e-05
-1.95084e-05
-1.40331e-05
-2.52425e-05
-1.1553e-05
-3.05213e-05
-9.31362e-06
-3.54553e-05
-7.84095e-06
-4.02115e-05
-7.22607e-06
-4.49305e-05
-7.31524e-06
-4.96926e-05
-7.86181e-06
-5.45135e-05
-8.62137e-06
-5.9355e-05
-9.39539e-06
-6.41393e-05
-1.00401e-05
-6.87631e-05
-1.04583e-05
-7.31085e-05
-1.05875e-05
-7.70527e-05
-1.03888e-05
-8.04751e-05
-9.84071e-06
-8.32628e-05
-8.9349e-06
-8.53145e-05
-7.67458e-06
-8.65439e-05
-6.07354e-06
-8.68811e-05
-4.15568e-06
-8.62737e-05
-1.95466e-06
-8.46878e-05
4.86368e-07
-8.2107e-05
3.11512e-06
-7.85323e-05
5.87111e-06
-7.39825e-05
8.68727e-06
-6.84944e-05
1.14905e-05
-6.21231e-05
1.42031e-05
-5.49428e-05
1.67449e-05
-4.70467e-05
1.90355e-05
-3.85468e-05
2.09976e-05
-2.95727e-05
2.25603e-05
-2.027e-05
2.36634e-05
-1.07967e-05
2.42603e-05
-1.31958e-06
2.43219e-05
7.99047e-06
2.3839e-05
1.69644e-05
2.28237e-05
2.54402e-05
2.13095e-05
3.32676e-05
1.93494e-05
4.03128e-05
1.70134e-05
4.64617e-05
1.43855e-05
5.16231e-05
1.15597e-05
5.57307e-05
8.63645e-06
5.87447e-05
5.7184e-06
6.06528e-05
2.90612e-06
6.14699e-05
2.93403e-07
6.12372e-05
-2.03808e-06
6.00192e-05
-4.02626e-06
5.78986e-05
-5.63794e-06
5.49671e-05
-6.88097e-06
5.13127e-05
-7.81961e-06
4.70045e-05
-8.58998e-06
4.20762e-05
-9.40512e-06
3.6519e-05
-1.05305e-05
3.02998e-05
-1.22016e-05
2.34278e-05
-1.44576e-05
1.60897e-05
-1.68901e-05
8.8495e-06
-1.83448e-05
2.86457e-06
-1.67143e-05
-8.85792e-06
-2.37903e-06
-5.26687e-06
-7.14833e-06
-9.59242e-06
-1.26919e-05
-1.00567e-05
-1.80585e-05
-8.66649e-06
-2.28582e-05
-6.7534e-06
-2.70738e-05
-5.09805e-06
-3.08773e-05
-4.03739e-06
-3.44905e-05
-3.61288e-06
-3.81015e-05
-3.70426e-06
-4.18301e-05
-4.13315e-06
-4.57242e-05
-4.72728e-06
-4.97705e-05
-5.34913e-06
-5.39099e-05
-5.9006e-06
-5.80522e-05
-6.31607e-06
-6.2087e-05
-6.55269e-06
-6.58933e-05
-6.58255e-06
-6.93461e-05
-6.38781e-06
-7.23228e-05
-5.95826e-06
-7.4707e-05
-5.29042e-06
-7.6393e-05
-4.38747e-06
-7.72892e-05
-3.25953e-06
-7.73199e-05
-1.92389e-06
-7.64284e-05
-4.05158e-07
-7.45777e-05
1.2644e-06
-7.17519e-05
3.04529e-06
-6.79562e-05
4.89164e-06
-6.32181e-05
6.7523e-06
-5.75868e-05
8.57183e-06
-5.11339e-05
1.02921e-05
-4.39526e-05
1.18542e-05
-3.61562e-05
1.32012e-05
-2.78766e-05
1.42808e-05
-1.92617e-05
1.50484e-05
-1.04714e-05
1.54699e-05
-1.67378e-06
1.55243e-05
6.95976e-06
1.52055e-05
1.52604e-05
1.45231e-05
2.30674e-05
1.35024e-05
3.02335e-05
1.21834e-05
3.66288e-05
1.06181e-05
4.21459e-05
8.86838e-06
4.67029e-05
7.00272e-06
5.02461e-05
5.09325e-06
5.2752e-05
3.21252e-06
5.42278e-05
1.4303e-06
5.4711e-05
-1.89762e-07
5.4267e-05
-1.59403e-06
5.29844e-05
-2.74368e-06
5.09672e-05
-3.62077e-06
4.83228e-05
-4.23657e-06
4.5146e-05
-4.64283e-06
4.14995e-05
-4.94348e-06
3.73941e-05
-5.2997e-06
3.27782e-05
-5.91453e-06
2.75539e-05
-6.9773e-06
2.1645e-05
-8.54872e-06
1.51383e-05
-1.03834e-05
8.50025e-06
-1.17068e-05
2.82609e-06
-1.10401e-05
-6.03183e-06
-2.29399e-06
-2.97288e-06
-6.62952e-06
-5.25689e-06
-1.14205e-05
-5.26569e-06
-1.58005e-05
-4.28651e-06
-1.94645e-05
-3.08937e-06
-2.24614e-05
-2.10114e-06
-2.50094e-05
-1.48946e-06
-2.73628e-05
-1.25943e-06
-2.97356e-05
-1.33146e-06
-3.22698e-05
-1.59897e-06
-3.50338e-05
-1.96329e-06
-3.80345e-05
-2.34837e-06
-4.12333e-05
-2.70183e-06
-4.45597e-05
-2.98964e-06
-4.79226e-05
-3.18984e-06
-5.12175e-05
-3.28763e-06
-5.43328e-05
-3.27256e-06
-5.71538e-05
-3.13723e-06
-5.95672e-05
-2.87702e-06
-6.14644e-05
-2.49024e-06
-6.27453e-05
-1.97861e-06
-6.33215e-05
-1.34777e-06
-6.3119e-05
-6.07601e-07
-6.2082e-05
2.27417e-07
-6.01748e-05
1.13803e-06
-5.73834e-05
2.10023e-06
-5.37172e-05
3.08617e-06
-4.92099e-05
4.06456e-06
-4.39195e-05
5.00164e-06
-3.79278e-05
5.86244e-06
-3.13391e-05
6.61245e-06
-2.42778e-05
7.21952e-06
-1.68854e-05
7.65598e-06
-9.31608e-06
7.90067e-06
-1.7323e-06
7.94055e-06
5.70136e-06
7.77184e-06
1.28238e-05
7.40067e-06
1.9483e-05
6.84322e-06
2.55418e-05
6.12452e-06
3.08833e-05
5.2766e-06
3.5415e-05
4.33673e-06
3.90722e-05
3.34546e-06
4.18209e-05
2.34458e-06
4.36583e-05
1.37508e-06
4.46133e-05
4.75363e-07
4.4744e-05
-3.20477e-07
4.41348e-05
-9.84906e-07
4.28901e-05
-1.49893e-06
4.11244e-05
-1.85507e-06
3.89499e-05
-2.06206e-06
3.64587e-05
-2.15163e-06
3.37014e-05
-2.1862e-06
3.06651e-05
-2.26337e-06
2.72597e-05
-2.50915e-06
2.33306e-05
-3.04822e-06
1.87217e-05
-3.93982e-06
1.34129e-05
-5.07459e-06
7.74003e-06
-6.03391e-06
2.66574e-06
-5.96583e-06
-3.36609e-06
-1.96252e-06
-1.01036e-06
-5.43584e-06
-1.78357e-06
-9.02891e-06
-1.67261e-06
-1.20745e-05
-1.24094e-06
-1.43895e-05
-7.74347e-07
-1.60764e-05
-4.14289e-07
-1.73604e-05
-2.05437e-07
-1.84819e-05
-1.37912e-07
-1.96369e-05
-1.76516e-07
-2.09552e-05
-2.80628e-07
-2.2503e-05
-4.15504e-07
-2.42951e-05
-5.56279e-07
-2.63097e-05
-6.87168e-07
-2.85007e-05
-7.98717e-07
-3.08054e-05
-8.85087e-07
-3.31508e-05
-9.42238e-07
-3.54564e-05
-9.66989e-07
-3.7637e-05
-9.56648e-07
-3.9605e-05
-9.08967e-07
-4.1273e-05
-8.22283e-07
-4.25558e-05
-6.95769e-07
-4.33739e-05
-5.29726e-07
-4.36556e-05
-3.25828e-07
-4.33409e-05
-8.72904e-08
-4.23839e-05
1.8095e-07
-4.07557e-05
4.72085e-07
-3.84471e-05
7.77527e-07
-3.54696e-05
1.08714e-06
-3.18574e-05
1.38944e-06
-2.7667e-05
1.67203e-06
-2.29768e-05
1.92218e-06
-1.78849e-05
2.1277e-06
-1.25068e-05
2.27782e-06
-6.97029e-06
2.36417e-06
-1.41116e-06
2.38141e-06
4.03184e-06
2.32884e-06
9.22346e-06
2.20905e-06
1.40392e-05
2.02746e-06
1.83701e-05
1.79365e-06
2.21269e-05
1.51982e-06
2.52439e-05
1.2197e-06
2.76816e-05
9.07737e-07
2.94279e-05
5.98348e-07
3.04977e-05
3.05201e-07
3.09325e-05
4.06537e-08
3.07967e-05
-1.84688e-07
3.01744e-05
-3.62642e-07
2.91632e-05
-4.87737e-07
2.78661e-05
-5.5793e-07
2.63802e-05
-5.76217e-07
2.47818e-05
-5.53256e-07
2.31065e-05
-5.10809e-07
2.13276e-05
-4.84536e-07
1.93416e-05
-5.23127e-07
1.69728e-05
-6.79383e-07
1.40214e-05
-9.8848e-07
1.03765e-05
-1.42968e-06
6.21001e-06
-1.86741e-06
2.23177e-06
-1.9876e-06
-1.13432e-06
-1.01036e-06
-2.79393e-06
-4.46655e-06
-5.70748e-06
-6.48183e-06
-6.89612e-06
-7.10156e-06
-7.23947e-06
-7.41598e-06
-7.69661e-06
-8.11211e-06
-8.66839e-06
-9.35556e-06
-1.01543e-05
-1.10394e-05
-1.19816e-05
-1.29486e-05
-1.39052e-05
-1.48142e-05
-1.56365e-05
-1.63323e-05
-1.6862e-05
-1.71878e-05
-1.72751e-05
-1.70942e-05
-1.66221e-05
-1.58445e-05
-1.47574e-05
-1.3368e-05
-1.16959e-05
-9.77375e-06
-7.64605e-06
-5.36823e-06
-3.00406e-06
-6.22644e-07
1.70619e-06
3.91524e-06
5.9427e-06
7.73635e-06
9.25617e-06
1.04759e-05
1.13836e-05
1.1982e-05
1.22872e-05
1.23278e-05
1.21431e-05
1.17805e-05
1.12927e-05
1.07348e-05
1.01586e-05
9.60534e-06
9.09453e-06
8.60999e-06
8.08686e-06
7.40748e-06
6.419e-06
4.98932e-06
3.12191e-06
1.13432e-06
)
;

boundaryField
{
    bottomwall
    {
        type            calculated;
        value           uniform 0;
    }
    topwall
    {
        type            calculated;
        value           nonuniform List<scalar> 
60
(
0
-1.05879e-22
0
0
0
5.29396e-23
0
0
5.29396e-23
0
1.32349e-23
0
0
0
0
0
0
0
0
0
0
0
0
0
0
5.29396e-23
0
0
0
0
0
0
0
0
0
0
0
0
0
0
0
0
5.29396e-23
0
0
0
0
0
0
0
0
0
0
0
0
0
0
0
0
0
)
;
    }
    coldwall
    {
        type            calculated;
        value           nonuniform List<scalar> 
48
(
0
0
0
0
0
0
0
0
0
0
0
0
0
0
0
0
0
2.11758e-22
-2.11758e-22
0
-2.11758e-22
0
0
0
0
0
0
0
0
0
0
0
0
8.47033e-22
0
0
0
0
0
0
0
0
0
0
0
1.69407e-21
-1.69407e-21
-1.69407e-21
)
;
    }
    radinlet
    {
        type            calculated;
        value           nonuniform List<scalar> 
12
(
0
0
0
0
0
0
0
0
0
0
0
1.69407e-21
)
;
    }
    hotwall
    {
        type            calculated;
        value           nonuniform List<scalar> 
60
(
0
1.05879e-22
1.05879e-22
-1.05879e-22
0
0
-1.05879e-22
0
0
0
-1.05879e-22
0
-1.05879e-22
0
0
0
0
0
0
0
0
0
0
0
0
0
0
4.23516e-22
0
0
0
0
0
0
0
0
0
0
-8.47033e-22
0
0
0
0
0
0
0
0
0
0
0
0
0
0
0
-1.69407e-21
0
1.69407e-21
0
0
0
)
;
    }
    frontAndback
    {
        type            empty;
    }
}


// ************************************************************************* //
