/*--------------------------------*- C++ -*----------------------------------*\
| =========                 |                                                 |
| \\      /  F ield         | OpenFOAM: The Open Source CFD Toolbox           |
|  \\    /   O peration     | Version:  2406                                  |
|   \\  /    A nd           | Website:  www.openfoam.com                      |
|    \\/     M anipulation  |                                                 |
\*---------------------------------------------------------------------------*/
FoamFile
{
    version     2.0;
    format      ascii;
    arch        "LSB;label=32;scalar=64";
    class       volVectorField;
    location    "10000";
    object      U;
}
// * * * * * * * * * * * * * * * * * * * * * * * * * * * * * * * * * * * * * //

dimensions      [0 1 -1 0 0 0 0];

internalField   nonuniform List<vector> 
3600
(
(0.000728618 -0.000716047 0)
(0.00250955 -0.000676896 0)
(0.00436988 -0.000449923 0)
(0.0059142 -0.00032134 0)
(0.00736287 -0.000284991 0)
(0.00881195 -0.000296198 0)
(0.0103072 -0.000321472 0)
(0.011846 -0.000341293 0)
(0.0133956 -0.000346356 0)
(0.0149078 -0.000333612 0)
(0.0163304 -0.000303667 0)
(0.017614 -0.000259201 0)
(0.0187168 -0.000203952 0)
(0.0196075 -0.000142004 0)
(0.0202655 -7.72875e-05 0)
(0.0206817 -1.32547e-05 0)
(0.0208567 4.72781e-05 0)
(0.0207995 0.000102122 0)
(0.0205262 0.000149746 0)
(0.0200579 0.000189284 0)
(0.0194192 0.000220259 0)
(0.0186367 0.000242484 0)
(0.0177387 0.00025601 0)
(0.016753 0.000261167 0)
(0.0157063 0.000258746 0)
(0.0146219 0.000250332 0)
(0.0135164 0.000238667 0)
(0.0123967 0.000227791 0)
(0.0112554 0.000222641 0)
(0.01007 0.000227897 0)
(0.00880465 0.000246252 0)
(0.00741737 0.000276862 0)
(0.0058717 0.000315163 0)
(0.00414741 0.000354869 0)
(0.00224485 0.000391715 0)
(0.000179628 0.000425906 0)
(-0.00202803 0.000462697 0)
(-0.00435993 0.000508626 0)
(-0.00679649 0.000565361 0)
(-0.00930612 0.000626837 0)
(-0.0118345 0.000680759 0)
(-0.0143017 0.00071285 0)
(-0.016609 0.000711606 0)
(-0.0186528 0.000671501 0)
(-0.0203394 0.000593791 0)
(-0.021597 0.000485192 0)
(-0.022382 0.000355313 0)
(-0.022679 0.000214107 0)
(-0.022497 7.09297e-05 0)
(-0.0218661 -6.68031e-05 0)
(-0.0208305 -0.000193809 0)
(-0.0194434 -0.000306363 0)
(-0.0177626 -0.000402299 0)
(-0.0158451 -0.000482057 0)
(-0.0137388 -0.00055121 0)
(-0.0114707 -0.000624268 0)
(-0.00903507 -0.000726926 0)
(-0.00640317 -0.000888747 0)
(-0.0034423 -0.00108069 0)
(-0.000922195 -0.000937196 0)
(0.000720573 -0.00254457 0)
(0.00333941 -0.0033171 0)
(0.00714427 -0.00310347 0)
(0.0110165 -0.00287716 0)
(0.0149567 -0.00280229 0)
(0.0189549 -0.00283438 0)
(0.0230112 -0.00289667 0)
(0.0270933 -0.00292761 0)
(0.0311347 -0.0028893 0)
(0.0350466 -0.0027642 0)
(0.0387315 -0.00255005 0)
(0.0420941 -0.0022551 0)
(0.0450495 -0.00189424 0)
(0.0475291 -0.0014858 0)
(0.0494831 -0.00104911 0)
(0.0508813 -0.000602676 0)
(0.0517128 -0.000163036 0)
(0.0519839 0.000255776 0)
(0.0517158 0.000642722 0)
(0.0509427 0.00098969 0)
(0.049708 0.00129109 0)
(0.0480618 0.00154347 0)
(0.0460585 0.00174554 0)
(0.0437539 0.00189841 0)
(0.0412018 0.00200641 0)
(0.0384496 0.00207838 0)
(0.0355326 0.00212904 0)
(0.032467 0.00217952 0)
(0.0292433 0.00225572 0)
(0.0258217 0.00238349 0)
(0.0221345 0.00258079 0)
(0.018097 0.00284959 0)
(0.0136288 0.00317226 0)
(0.00867797 0.00351639 0)
(0.00323979 0.00384814 0)
(-0.00263783 0.00414369 0)
(-0.00885856 0.00439321 0)
(-0.0152909 0.0045907 0)
(-0.0217726 0.00471991 0)
(-0.0281123 0.00474939 0)
(-0.034097 0.00464054 0)
(-0.0395082 0.00436203 0)
(-0.0441439 0.00390225 0)
(-0.0478403 0.003274 0)
(-0.0504847 0.00251126 0)
(-0.0520211 0.00166069 0)
(-0.0524465 0.000771802 0)
(-0.051802 -0.000109678 0)
(-0.0501672 -0.000945713 0)
(-0.0476466 -0.00170751 0)
(-0.0443611 -0.00237621 0)
(-0.0404403 -0.00294173 0)
(-0.0360133 -0.00340317 0)
(-0.0312007 -0.00377114 0)
(-0.0261054 -0.00407123 0)
(-0.0208068 -0.00434484 0)
(-0.0153749 -0.00463482 0)
(-0.00992727 -0.00492354 0)
(-0.00459968 -0.00492555 0)
(-0.000982085 -0.00342736 0)
(0.000411168 -0.00439282 0)
(0.00281763 -0.00707465 0)
(0.00719816 -0.00771599 0)
(0.012285 -0.00784806 0)
(0.017836 -0.00794874 0)
(0.0236549 -0.00808738 0)
(0.0296243 -0.00820145 0)
(0.0356387 -0.00821 0)
(0.0415841 -0.00805223 0)
(0.0473383 -0.00769628 0)
(0.0527769 -0.00713674 0)
(0.0577814 -0.00638879 0)
(0.0622462 -0.00548174 0)
(0.066083 -0.00445319 0)
(0.0692238 -0.00334419 0)
(0.0716223 -0.00219551 0)
(0.0732531 -0.00104499 0)
(0.0741111 7.40081e-05 0)
(0.0742083 0.00113319 0)
(0.073573 0.00211038 0)
(0.0722465 0.00298939 0)
(0.0702796 0.00375933 0)
(0.0677302 0.00441476 0)
(0.0646596 0.00495645 0)
(0.0611286 0.00539309 0)
(0.057192 0.00574388 0)
(0.0528923 0.00604135 0)
(0.048251 0.00633272 0)
(0.0432599 0.00667694 0)
(0.0378746 0.0071351 0)
(0.0320146 0.00775341 0)
(0.0255764 0.00854337 0)
(0.0184599 0.00946842 0)
(0.010607 0.0104475 0)
(0.0020357 0.0113785 0)
(-0.00713922 0.0121637 0)
(-0.0167043 0.0127284 0)
(-0.0263724 0.0130144 0)
(-0.0358067 0.0129658 0)
(-0.0446526 0.0125283 0)
(-0.0525733 0.0116653 0)
(-0.0592835 0.0103754 0)
(-0.0645754 0.00870171 0)
(-0.0683288 0.00672655 0)
(-0.0705072 0.00455601 0)
(-0.0711441 0.00230213 0)
(-0.0703249 6.84504e-05 0)
(-0.0681739 -0.0020566 0)
(-0.0648408 -0.00400389 0)
(-0.0604876 -0.00572653 0)
(-0.0552849 -0.00719612 0)
(-0.0494057 -0.00840134 0)
(-0.0430203 -0.00934842 0)
(-0.036292 -0.0100624 0)
(-0.029376 -0.0105851 0)
(-0.0224254 -0.0109612 0)
(-0.0156237 -0.0111896 0)
(-0.00926362 -0.0110882 0)
(-0.00370222 -0.00997651 0)
(-0.000574232 -0.00595919 0)
(0.000173452 -0.00564567 0)
(0.00213259 -0.0104883 0)
(0.00637164 -0.0125835 0)
(0.0118365 -0.0136092 0)
(0.0181813 -0.0142502 0)
(0.0250722 -0.014703 0)
(0.0322735 -0.0149636 0)
(0.0395926 -0.0149719 0)
(0.0468571 -0.0146727 0)
(0.0539078 -0.0140377 0)
(0.0605975 -0.0130684 0)
(0.0667935 -0.0117916 0)
(0.0723807 -0.0102531 0)
(0.0772631 -0.00850931 0)
(0.0813654 -0.00662215 0)
(0.0846326 -0.00465323 0)
(0.0870297 -0.0026606 0)
(0.0885397 -0.000696218 0)
(0.0891624 0.00119479 0)
(0.0889112 0.00297535 0)
(0.0878135 0.00461703 0)
(0.0859063 0.00609962 0)
(0.0832346 0.00741146 0)
(0.079848 0.00855081 0)
(0.0757971 0.0095285 0)
(0.0711289 0.0103719 0)
(0.0658804 0.0111295 0)
(0.0600698 0.0118735 0)
(0.053688 0.0126963 0)
(0.04669 0.0136967 0)
(0.0389952 0.0149524 0)
(0.0304999 0.0164848 0)
(0.0211108 0.0182308 0)
(0.0107942 0.0200382 0)
(-0.000375967 0.0216991 0)
(-0.0121812 0.0229928 0)
(-0.0242614 0.0237389 0)
(-0.0361623 0.0238083 0)
(-0.0473902 0.0231176 0)
(-0.0574776 0.0216339 0)
(-0.0660399 0.0193866 0)
(-0.0728141 0.0164729 0)
(-0.077669 0.0130455 0)
(-0.0805922 0.00928873 0)
(-0.0816618 0.00539061 0)
(-0.0810145 0.0015209 0)
(-0.0788182 -0.00217905 0)
(-0.0752614 -0.00559877 0)
(-0.0705302 -0.00866082 0)
(-0.0648126 -0.0113142 0)
(-0.0582973 -0.0135288 0)
(-0.051174 -0.0152942 0)
(-0.0436355 -0.0166188 0)
(-0.0358786 -0.0175287 0)
(-0.0281101 -0.0180591 0)
(-0.0205591 -0.0182251 0)
(-0.0135074 -0.0179493 0)
(-0.00735181 -0.0168937 0)
(-0.0025079 -0.0141251 0)
(-0.000223313 -0.00754877 0)
(4.87005e-05 -0.00652749 0)
(0.00163813 -0.0134942 0)
(0.00552955 -0.0173494 0)
(0.0109502 -0.0196568 0)
(0.0175558 -0.0211675 0)
(0.0249515 -0.0221637 0)
(0.0328219 -0.0227068 0)
(0.040903 -0.0227791 0)
(0.0489687 -0.0223535 0)
(0.056824 -0.0214234 0)
(0.0643005 -0.0200103 0)
(0.0712551 -0.0181611 0)
(0.0775688 -0.015942 0)
(0.0831455 -0.0134305 0)
(0.0879106 -0.0107087 0)
(0.0918091 -0.00785747 0)
(0.0948031 -0.00495245 0)
(0.0968696 -0.00206162 0)
(0.0979993 0.00075614 0)
(0.0981917 0.00345118 0)
(0.097457 0.00598409 0)
(0.0958131 0.00832615 0)
(0.0932835 0.0104596 0)
(0.0898957 0.0123793 0)
(0.0856785 0.0140967 0)
(0.0806584 0.0156445 0)
(0.0748551 0.0170839 0)
(0.0682737 0.018508 0)
(0.0608975 0.0200388 0)
(0.0526804 0.0218088 0)
(0.0435472 0.0239229 0)
(0.0334092 0.0264051 0)
(0.0222021 0.0291494 0)
(0.00994515 0.0319056 0)
(-0.00320327 0.0343211 0)
(-0.0168961 0.0360114 0)
(-0.0306224 0.0366689 0)
(-0.0437821 0.0361016 0)
(-0.0557756 0.0342405 0)
(-0.0660958 0.03114 0)
(-0.0743919 0.0269674 0)
(-0.0804928 0.0219745 0)
(-0.0843903 0.0164551 0)
(-0.0861973 0.0107003 0)
(-0.0860984 0.00496479 0)
(-0.0843072 -0.00054815 0)
(-0.081044 -0.00568585 0)
(-0.0765139 -0.0103416 0)
(-0.0709083 -0.0144451 0)
(-0.0644112 -0.0179484 0)
(-0.0572063 -0.0208209 0)
(-0.049484 -0.023047 0)
(-0.0414481 -0.0246259 0)
(-0.0333212 -0.0255681 0)
(-0.0253525 -0.025883 0)
(-0.0178281 -0.0255408 0)
(-0.0110865 -0.0243922 0)
(-0.00555045 -0.022003 0)
(-0.00159265 -0.0173616 0)
(-1.66657e-05 -0.00849039 0)
(9.90869e-06 -0.00720223 0)
(0.00139427 -0.0161499 0)
(0.00499795 -0.0218583 0)
(0.0102556 -0.0256578 0)
(0.0168675 -0.0282588 0)
(0.024429 -0.0299767 0)
(0.0325855 -0.0309227 0)
(0.041027 -0.031126 0)
(0.0494881 -0.0306009 0)
(0.0577454 -0.0293763 0)
(0.0656144 -0.0275058 0)
(0.072945 -0.0250655 0)
(0.0796189 -0.0221483 0)
(0.085545 -0.0188552 0)
(0.0906556 -0.015289 0)
(0.0949025 -0.0115481 0)
(0.0982522 -0.00772303 0)
(0.100683 -0.00389357 0)
(0.102182 -0.000127908 0)
(0.102743 0.00351688 0)
(0.10236 0.0069949 0)
(0.101033 0.0102724 0)
(0.0987645 0.013328 0)
(0.0955553 0.0161547 0)
(0.0914067 0.0187643 0)
(0.0863175 0.0211934 0)
(0.0802811 0.0235119 0)
(0.073281 0.0258282 0)
(0.0652853 0.0282861 0)
(0.056243 0.0310426 0)
(0.0460865 0.034218 0)
(0.0347516 0.0378228 0)
(0.0222193 0.0416863 0)
(0.00858165 0.0454305 0)
(-0.00590131 0.0485244 0)
(-0.0207481 0.0503938 0)
(-0.0353169 0.0506079 0)
(-0.0489064 0.0489475 0)
(-0.0608763 0.0454218 0)
(-0.0707522 0.0402455 0)
(-0.0782775 0.0337831 0)
(-0.0834091 0.0264739 0)
(-0.0862685 0.0187546 0)
(-0.0870751 0.0110022 0)
(-0.086085 0.00350661 0)
(-0.0835479 -0.00352852 0)
(-0.0796905 -0.00996962 0)
(-0.0747017 -0.0157336 0)
(-0.0687512 -0.0207646 0)
(-0.0619994 -0.0250193 0)
(-0.0546118 -0.0284611 0)
(-0.0467705 -0.031059 0)
(-0.0386832 -0.0327894 0)
(-0.0305903 -0.033633 0)
(-0.0227696 -0.0335616 0)
(-0.0155405 -0.0325008 0)
(-0.00926294 -0.0302529 0)
(-0.00434086 -0.0263544 0)
(-0.00107218 -0.0198476 0)
(6.73246e-05 -0.00902853 0)
(2.36472e-05 -0.00781985 0)
(0.00135642 -0.018624 0)
(0.00482199 -0.0261751 0)
(0.00995645 -0.0315444 0)
(0.0165055 -0.0353456 0)
(0.024076 -0.0378867 0)
(0.0322996 -0.0393089 0)
(0.0408422 -0.0396848 0)
(0.049415 -0.0390745 0)
(0.0577773 -0.0375517 0)
(0.0657346 -0.0352112 0)
(0.0731355 -0.0321664 0)
(0.0798662 -0.0285423 0)
(0.0858448 -0.0244674 0)
(0.0910148 -0.0200661 0)
(0.0953395 -0.0154537 0)
(0.0987957 -0.010733 0)
(0.101369 -0.00599176 0)
(0.10305 -0.00130324 0)
(0.10383 0.0032736 0)
(0.103698 0.00769248 0)
(0.10264 0.0119199 0)
(0.10064 0.0159357 0)
(0.0976767 0.0197348 0)
(0.0937224 0.0233315 0)
(0.0887466 0.0267666 0)
(0.0827122 0.0301164 0)
(0.0755753 0.0334992 0)
(0.0672834 0.0370715 0)
(0.0577761 0.0410013 0)
(0.0469932 0.045407 0)
(0.0348991 0.0502635 0)
(0.0215295 0.0553094 0)
(0.00705849 0.0600104 0)
(-0.00814854 0.0636331 0)
(-0.0234903 0.0654095 0)
(-0.0382317 0.0648124 0)
(-0.051625 0.0616508 0)
(-0.0630523 0.0560816 0)
(-0.0721245 0.0485414 0)
(-0.0787097 0.0396279 0)
(-0.0828941 0.0299708 0)
(-0.0849056 0.020127 0)
(-0.0850315 0.0105223 0)
(-0.083555 0.00144326 0)
(-0.0807216 -0.00693818 0)
(-0.0767282 -0.0145292 0)
(-0.0717273 -0.0212786 0)
(-0.0658511 -0.0271461 0)
(-0.0592278 -0.0320874 0)
(-0.0519996 -0.0360503 0)
(-0.0443366 -0.038977 0)
(-0.0364464 -0.0408083 0)
(-0.0285795 -0.0414851 0)
(-0.0210306 -0.0409372 0)
(-0.0141347 -0.0390522 0)
(-0.00825324 -0.0356097 0)
(-0.00375905 -0.030167 0)
(-0.000884286 -0.0218921 0)
(7.13598e-05 -0.00939978 0)
(6.37526e-05 -0.00847919 0)
(0.00145414 -0.0210744 0)
(0.00492615 -0.0304216 0)
(0.0100282 -0.0373575 0)
(0.0165349 -0.042383 0)
(0.0240652 -0.0457761 0)
(0.0322488 -0.0476934 0)
(0.040742 -0.0482451 0)
(0.049245 -0.0475388 0)
(0.0575097 -0.0456979 0)
(0.0653398 -0.0428654 0)
(0.0725876 -0.039198 0)
(0.0791483 -0.0348579 0)
(0.0849519 -0.0300038 0)
(0.0899561 -0.0247833 0)
(0.0941384 -0.0193284 0)
(0.0974889 -0.0137518 0)
(0.100004 -0.00814689 0)
(0.101683 -0.00258757 0)
(0.102521 0.00286986 0)
(0.102506 0.00818456 0)
(0.10162 0.0133293 0)
(0.0998324 0.0182911 0)
(0.0971047 0.0230718 0)
(0.0933875 0.0276929 0)
(0.088622 0.0322017 0)
(0.0827418 0.0366806 0)
(0.0756741 0.0412538 0)
(0.0673429 0.0460815 0)
(0.0576756 0.0513282 0)
(0.0466178 0.0570892 0)
(0.0341633 0.063279 0)
(0.0204045 0.0695177 0)
(0.00559592 0.0750926 0)
(-0.00980037 0.0790551 0)
(-0.0250946 0.0804616 0)
(-0.0395034 0.078731 0)
(-0.0522863 0.0737625 0)
(-0.0628952 0.0659221 0)
(-0.0710543 0.0559083 0)
(-0.0767567 0.0445606 0)
(-0.0801948 0.0326783 0)
(-0.0816638 0.0208997 0)
(-0.0814756 0.00965831 0)
(-0.0799013 -0.00079744 0)
(-0.0771527 -0.0103512 0)
(-0.0733768 -0.0189615 0)
(-0.0686805 -0.0266089 0)
(-0.0631538 -0.0332634 0)
(-0.0568918 -0.0388711 0)
(-0.0500137 -0.0433534 0)
(-0.0426772 -0.0466143 0)
(-0.0350874 -0.0485496 0)
(-0.0274996 -0.0490529 0)
(-0.0202172 -0.0480116 0)
(-0.0135811 -0.045283 0)
(-0.00794723 -0.0406434 0)
(-0.00366374 -0.0336995 0)
(-0.000920613 -0.0237688 0)
(3.27222e-05 -0.00976495 0)
(0.000112684 -0.00923402 0)
(0.00162244 -0.0236128 0)
(0.00520262 -0.034708 0)
(0.0103548 -0.0431676 0)
(0.0168629 -0.0493863 0)
(0.0243497 -0.0536055 0)
(0.0324459 -0.0559899 0)
(0.0408052 -0.0566843 0)
(0.049126 -0.0558446 0)
(0.0571611 -0.053648 0)
(0.0647194 -0.0502899 0)
(0.0716624 -0.0459751 0)
(0.0778978 -0.0409064 0)
(0.0833701 -0.0352747 0)
(0.0880526 -0.0292518 0)
(0.0919377 -0.0229856 0)
(0.0950298 -0.0165979 0)
(0.0973379 -0.0101849 0)
(0.0988704 -0.00381838 0)
(0.0996302 0.00245176 0)
(0.0996099 0.00859451 0)
(0.0987897 0.0145944 0)
(0.0971352 0.0204511 0)
(0.0945964 0.0261798 0)
(0.0911075 0.031814 0)
(0.0865886 0.0374118 0)
(0.0809477 0.0430635 0)
(0.0740859 0.0488969 0)
(0.0659046 0.0550684 0)
(0.0563184 0.0617244 0)
(0.0452771 0.0689163 0)
(0.0328024 0.0764722 0)
(0.0190392 0.0838698 0)
(0.00431248 0.090202 0)
(-0.0108393 0.0943078 0)
(-0.0256755 0.0951008 0)
(-0.0394093 0.0919969 0)
(-0.0513517 0.0850423 0)
(-0.061052 0.0748556 0)
(-0.0683511 0.0624125 0)
(-0.0733472 0.0487789 0)
(-0.0763024 0.0348875 0)
(-0.0775385 0.0214155 0)
(-0.0773544 0.00876641 0)
(-0.0759832 -0.00287469 0)
(-0.0735838 -0.01346 0)
(-0.0702508 -0.0229996 0)
(-0.0660436 -0.0315004 0)
(-0.0610132 -0.0389342 0)
(-0.0552249 -0.0452277 0)
(-0.0487778 -0.0502658 0)
(-0.0418179 -0.0539052 0)
(-0.0345461 -0.0559889 0)
(-0.027219 -0.0563591 0)
(-0.0201437 -0.0548604 0)
(-0.013663 -0.0513258 0)
(-0.00812882 -0.045539 0)
(-0.00387735 -0.0371668 0)
(-0.00108098 -0.0256715 0)
(-2.24552e-05 -0.0102157 0)
(0.000160215 -0.0101042 0)
(0.0018134 -0.0263004 0)
(0.00555569 -0.0391072 0)
(0.0108099 -0.0490314 0)
(0.0173525 -0.0563807 0)
(0.0248005 -0.0613637 0)
(0.0327834 -0.0641529 0)
(0.0409563 -0.0649283 0)
(0.0490214 -0.0638968 0)
(0.0567394 -0.0612926 0)
(0.0639303 -0.0573673 0)
(0.0704701 -0.0523764 0)
(0.0762818 -0.0465653 0)
(0.0813267 -0.040158 0)
(0.0855934 -0.0333501 0)
(0.0890893 -0.0263045 0)
(0.0918316 -0.0191509 0)
(0.0938411 -0.0119864 0)
(0.0951358 -0.00487849 0)
(0.0957264 0.0021318 0)
(0.0956116 0.00902623 0)
(0.0947744 0.015805 0)
(0.0931805 0.0224852 0)
(0.0907754 0.0291003 0)
(0.0874841 0.0357014 0)
(0.0832121 0.0423622 0)
(0.0778489 0.0491839 0)
(0.0712749 0.0562975 0)
(0.0633726 0.0638496 0)
(0.0540457 0.071956 0)
(0.0432481 0.0806049 0)
(0.0310256 0.0895151 0)
(0.017568 0.0980025 0)
(0.00325513 0.10496 0)
(-0.0113252 0.109029 0)
(-0.0254198 0.109023 0)
(-0.0382771 0.104403 0)
(-0.0492885 0.0954084 0)
(-0.05811 0.0829304 0)
(-0.0646855 0.0682149 0)
(-0.0691871 0.0525229 0)
(-0.0719088 0.0368785 0)
(-0.0731637 0.0219582 0)
(-0.0732126 0.00810824 0)
(-0.0722358 -0.00456435 0)
(-0.0703362 -0.016082 0)
(-0.0675587 -0.0265007 0)
(-0.0639211 -0.0358457 0)
(-0.0594416 -0.0440818 0)
(-0.054161 -0.0511068 0)
(-0.048161 -0.0567615 0)
(-0.0415766 -0.060848 0)
(-0.0346026 -0.0631514 0)
(-0.0274938 -0.063459 0)
(-0.0205581 -0.0615718 0)
(-0.01414 -0.0573005 0)
(-0.00859142 -0.0504397 0)
(-0.00425072 -0.0407151 0)
(-0.00129244 -0.0277139 0)
(-7.8636e-05 -0.0107919 0)
(0.000201576 -0.0110884 0)
(0.00199764 -0.0291586 0)
(0.00591778 -0.0436522 0)
(0.0112936 -0.054978 0)
(0.0178821 -0.0633789 0)
(0.0252859 -0.0690408 0)
(0.0331311 -0.0721496 0)
(0.0410754 -0.0729252 0)
(0.0488297 -0.0716297 0)
(0.0561678 -0.068558 0)
(0.0629266 -0.064021 0)
(0.0690002 -0.0583265 0)
(0.0743305 -0.0517625 0)
(0.078896 -0.0445855 0)
(0.0827009 -0.0370135 0)
(0.0857656 -0.0292228 0)
(0.0881188 -0.0213487 0)
(0.0897902 -0.0134881 0)
(0.0908057 -0.00570241 0)
(0.0911826 0.00197746 0)
(0.0909252 0.00954768 0)
(0.090021 0.0170263 0)
(0.0884383 0.0244511 0)
(0.0861228 0.0318774 0)
(0.082996 0.0393786 0)
(0.078956 0.0470484 0)
(0.0738812 0.0550024 0)
(0.0676379 0.0633752 0)
(0.0600958 0.0723 0)
(0.0511515 0.0818514 0)
(0.0407638 0.0919383 0)
(0.0289989 0.102153 0)
(0.016081 0.111636 0)
(0.00242647 0.119085 0)
(-0.0113561 0.12297 0)
(-0.0245347 0.122045 0)
(-0.0364223 0.115864 0)
(-0.0465055 0.104881 0)
(-0.0545414 0.0902628 0)
(-0.0605537 0.0735013 0)
(-0.0647553 0.0560125 0)
(-0.0674393 0.0388716 0)
(-0.0688851 0.0227243 0)
(-0.0693021 0.0078424 0)
(-0.0688143 -0.00574866 0)
(-0.0674734 -0.0181363 0)
(-0.0652824 -0.0294142 0)
(-0.062226 -0.039617 0)
(-0.0582969 -0.0486942 0)
(-0.0535163 -0.0565086 0)
(-0.0479505 -0.0628514 0)
(-0.0417226 -0.0674657 0)
(-0.0350188 -0.0700746 0)
(-0.0280892 -0.0704071 0)
(-0.0212402 -0.0682181 0)
(-0.0148186 -0.0632942 0)
(-0.00918203 -0.0554385 0)
(-0.0046824 -0.0444274 0)
(-0.00151087 -0.0299488 0)
(-0.000128415 -0.011501 0)
(0.000235523 -0.0121744 0)
(0.00216067 -0.0321822 0)
(0.00624923 -0.0483458 0)
(0.0117407 -0.0610098 0)
(0.0183649 -0.0703745 0)
(0.0257047 -0.0766169 0)
(0.0333808 -0.0799461 0)
(0.041055 -0.0806298 0)
(0.0484508 -0.0789911 0)
(0.0553598 -0.0753904 0)
(0.0616404 -0.0701999 0)
(0.0672085 -0.06378 0)
(0.0720266 -0.0564603 0)
(0.0760914 -0.0485274 0)
(0.0794216 -0.0402187 0)
(0.0820493 -0.0317215 0)
(0.0840114 -0.0231746 0)
(0.0853442 -0.0146724 0)
(0.0860785 -0.00626974 0)
(0.0862359 0.00201371 0)
(0.0858245 0.0101889 0)
(0.0848358 0.0182926 0)
(0.0832417 0.0263843 0)
(0.0809904 0.0345438 0)
(0.0780042 0.0428697 0)
(0.0741795 0.0514789 0)
(0.06939 0.0605045 0)
(0.0634957 0.0700859 0)
(0.05636 0.0803397 0)
(0.0478773 0.0912921 0)
(0.0380129 0.102761 0)
(0.0268499 0.114199 0)
(0.0146361 0.124572 0)
(0.00180558 0.132387 0)
(-0.0110388 0.135979 0)
(-0.0232135 0.134083 0)
(-0.0341138 0.126374 0)
(-0.0433248 0.113534 0)
(-0.0506903 0.096989 0)
(-0.0562874 0.0784397 0)
(-0.0603405 0.0594173 0)
(-0.0631174 0.041014 0)
(-0.0648498 0.0238245 0)
(-0.0656913 0.0080401 0)
(-0.0657143 -0.00639146 0)
(-0.0649282 -0.0196135 0)
(-0.0633039 -0.0317478 0)
(-0.0608019 -0.0428309 0)
(-0.0573961 -0.0527915 0)
(-0.0530917 -0.0614536 0)
(-0.0479403 -0.0685564 0)
(-0.0420511 -0.0737818 0)
(-0.0355985 -0.0767878 0)
(-0.0288241 -0.0772412 0)
(-0.0220309 -0.0748461 0)
(-0.0155685 -0.0693598 0)
(-0.00980506 -0.0605865 0)
(-0.00511466 -0.0483417 0)
(-0.00171481 -0.032391 0)
(-0.000169678 -0.0123342 0)
(0.000262679 -0.0133462 0)
(0.00229768 -0.0353522 0)
(0.00653105 -0.0531706 0)
(0.0121151 -0.0671087 0)
(0.0187484 -0.0773442 0)
(0.0259915 -0.0840606 0)
(0.0334592 -0.0875034 0)
(0.04082 -0.0879979 0)
(0.0478131 -0.0859361 0)
(0.0542527 -0.0817483 0)
(0.0600219 -0.0758696 0)
(0.0650614 -0.0687122 0)
(0.0693555 -0.0606444 0)
(0.0729187 -0.0519794 0)
(0.0757836 -0.0429703 0)
(0.0779912 -0.0338115 0)
(0.0795848 -0.0246427 0)
(0.0806038 -0.0155543 0)
(0.0810813 -0.006593 0)
(0.0810402 0.00223283 0)
(0.0804902 0.0109487 0)
(0.0794251 0.0196097 0)
(0.07782 0.0282973 0)
(0.0756262 0.037116 0)
(0.0727692 0.046191 0)
(0.0691478 0.0556646 0)
(0.0646366 0.0656889 0)
(0.0590955 0.076409 0)
(0.0523882 0.0879229 0)
(0.0444126 0.100203 0)
(0.0351424 0.11297 0)
(0.0246744 0.125531 0)
(0.0132696 0.136678 0)
(0.00136246 0.14475 0)
(-0.0104718 0.147978 0)
(-0.0216171 0.145115 0)
(-0.0315599 0.135976 0)
(-0.0399781 0.121464 0)
(-0.0467842 0.103235 0)
(-0.0520843 0.0831613 0)
(-0.0560908 0.0628498 0)
(-0.0590313 0.0433851 0)
(-0.0610839 0.0253004 0)
(-0.0623496 0.00870881 0)
(-0.0628574 -0.00651068 0)
(-0.0625848 -0.0205466 0)
(-0.0614805 -0.0335404 0)
(-0.059489 -0.0455245 0)
(-0.0565706 -0.0564043 0)
(-0.0527168 -0.0659648 0)
(-0.0479641 -0.0738931 0)
(-0.0424051 -0.0798095 0)
(-0.0361987 -0.0833045 0)
(-0.0295738 -0.0839782 0)
(-0.0228275 -0.0814773 0)
(-0.016312 -0.0755209 0)
(-0.0104091 -0.065904 0)
(-0.00552078 -0.0524676 0)
(-0.00189736 -0.0350347 0)
(-0.000203153 -0.013277 0)
(0.000284345 -0.014588 0)
(0.00240896 -0.0386428 0)
(0.00675666 -0.0580981 0)
(0.0123999 -0.0732432 0)
(0.0190049 -0.084252 0)
(0.0261096 -0.0913315 0)
(0.0333246 -0.0947779 0)
(0.0403277 -0.094986 0)
(0.0468781 -0.0924252 0)
(0.0528158 -0.0875996 0)
(0.0580517 -0.0810082 0)
(0.0625524 -0.0731128 0)
(0.0663246 -0.0643165 0)
(0.0694 -0.0549542 0)
(0.0718228 -0.04529 0)
(0.0736416 -0.0355215 0)
(0.0749029 -0.0257861 0)
(0.0756473 -0.016168 0)
(0.0759068 -0.00670495 0)
(0.0757036 0.00260613 0)
(0.0750465 0.0118047 0)
(0.0739297 0.0209633 0)
(0.0723297 0.0301839 0)
(0.070201 0.0395955 0)
(0.0674732 0.0493494 0)
(0.0640496 0.0596136 0)
(0.0598099 0.0705597 0)
(0.0546191 0.0823383 0)
(0.0483472 0.0950275 0)
(0.0409003 0.108543 0)
(0.0322625 0.122504 0)
(0.0225418 0.136074 0)
(0.0120031 0.147881 0)
(0.00106703 0.156119 0)
(-0.00973585 0.158947 0)
(-0.0198683 0.155166 0)
(-0.0289088 0.144735 0)
(-0.036618 0.128765 0)
(-0.0429583 0.109104 0)
(-0.0480442 0.0877548 0)
(-0.0520611 0.0663703 0)
(-0.0551882 0.0460102 0)
(-0.0575508 0.0271442 0)
(-0.0592042 0.00981504 0)
(-0.0601434 -0.00615542 0)
(-0.0603244 -0.0209903 0)
(-0.0596827 -0.0348435 0)
(-0.0581529 -0.0477405 0)
(-0.0556861 -0.0595635 0)
(-0.0522613 -0.0700605 0)
(-0.0478989 -0.0788691 0)
(-0.0426725 -0.085549 0)
(-0.036721 -0.0896218 0)
(-0.0302568 -0.0906158 0)
(-0.0235673 -0.0881115 0)
(-0.0170063 -0.0817788 0)
(-0.01097 -0.0713906 0)
(-0.00589205 -0.0567986 0)
(-0.00205914 -0.0378659 0)
(-0.000230665 -0.0143153 0)
(0.000301808 -0.0158857 0)
(0.00249663 -0.0420268 0)
(0.00692562 -0.0630938 0)
(0.0125894 -0.079374 0)
(0.0191225 -0.0910548 0)
(0.0260424 -0.098384 0)
(0.0329586 -0.101724 0)
(0.039562 -0.101553 0)
(0.0456354 -0.0984252 0)
(0.0510476 -0.0929218 0)
(0.0557388 -0.0856055 0)
(0.0597024 -0.076984 0)
(0.0629665 -0.0674906 0)
(0.0655781 -0.0574761 0)
(0.0675917 -0.0472106 0)
(0.0690607 -0.0368904 0)
(0.0700329 -0.0266473 0)
(0.0705475 -0.0165572 0)
(0.070634 -0.00664817 0)
(0.0703113 0.00309447 0)
(0.0695854 0.0127234 0)
(0.068449 0.022327 0)
(0.0668789 0.0320265 0)
(0.0648313 0.0419733 0)
(0.06224 0.0523437 0)
(0.0590142 0.0633299 0)
(0.0550409 0.0751224 0)
(0.0501946 0.0878756 0)
(0.0443558 0.101647 0)
(0.037443 0.116294 0)
(0.0294526 0.131333 0)
(0.0205009 0.145793 0)
(0.0108494 0.158149 0)
(0.000893786 0.166479 0)
(-0.00889155 0.168903 0)
(-0.0180529 0.164283 0)
(-0.0262568 0.152726 0)
(-0.0333337 0.135519 0)
(-0.0392796 0.11467 0)
(-0.0442024 0.0922713 0)
(-0.0482506 0.0699986 0)
(-0.0515537 0.0488769 0)
(-0.0541885 0.0293171 0)
(-0.056173 0.0113026 0)
(-0.0574778 -0.00538953 0)
(-0.0580461 -0.0210072 0)
(-0.0578075 -0.0357117 0)
(-0.056692 -0.0495207 0)
(-0.0546441 -0.0622957 0)
(-0.0516316 -0.0737522 0)
(-0.0476578 -0.0834828 0)
(-0.0427749 -0.090989 0)
(-0.0370983 -0.0957227 0)
(-0.0308192 -0.0971351 0)
(-0.0242115 -0.0947314 0)
(-0.0176277 -0.0881186 0)
(-0.0114777 -0.0770324 0)
(-0.00622787 -0.0613195 0)
(-0.00220352 -0.040868 0)
(-0.000254119 -0.0154374 0)
(0.000316054 -0.017227 0)
(0.00256302 -0.045477 0)
(0.00703984 -0.0681212 0)
(0.0126833 -0.085458 0)
(0.0190986 -0.0977058 0)
(0.0257864 -0.105171 0)
(0.0323594 -0.1083 0)
(0.0385258 -0.107664 0)
(0.0440956 -0.103911 0)
(0.0489684 -0.0977027 0)
(0.0531148 -0.0896621 0)
(0.0565538 -0.0803391 0)
(0.0593331 -0.0701907 0)
(0.0615134 -0.0595778 0)
(0.0631565 -0.0487711 0)
(0.0643186 -0.0379614 0)
(0.0650468 -0.0272718 0)
(0.0653774 -0.0167681 0)
(0.0653356 -0.00646746 0)
(0.0649358 0.00365607 0)
(0.0641797 0.0136677 0)
(0.0630572 0.0236702 0)
(0.0615436 0.0338022 0)
(0.0595963 0.0442351 0)
(0.0571524 0.0551678 0)
(0.0541273 0.0668145 0)
(0.0504173 0.0793821 0)
(0.0459083 0.0930272 0)
(0.0404953 0.107784 0)
(0.0341116 0.123452 0)
(0.0267671 0.13945 0)
(0.0185844 0.154679 0)
(0.00981575 0.167484 0)
(0.000823459 0.17585 0)
(-0.00798038 0.177884 0)
(-0.0162255 0.172526 0)
(-0.023659 0.160017 0)
(-0.0301687 0.141793 0)
(-0.0357701 0.11998 0)
(-0.0405543 0.0967319 0)
(-0.0446294 0.0737256 0)
(-0.0480767 0.0519496 0)
(-0.0509312 0.0317638 0)
(-0.053182 0.0131053 0)
(-0.0547836 -0.00428109 0)
(-0.0556737 -0.0206603 0)
(-0.0557812 -0.0361974 0)
(-0.0550357 -0.0509033 0)
(-0.0533774 -0.0646235 0)
(-0.0507638 -0.0770467 0)
(-0.0471811 -0.0877264 0)
(-0.042658 -0.09611 0)
(-0.0372835 -0.10158 0)
(-0.0312235 -0.103505 0)
(-0.0247337 -0.101307 0)
(-0.0181611 -0.094513 0)
(-0.0119271 -0.0828059 0)
(-0.00652979 -0.0660101 0)
(-0.00233384 -0.0440245 0)
(-0.000275032 -0.0166343 0)
(0.000327728 -0.0186009 0)
(0.00260999 -0.0489671 0)
(0.0071018 -0.073143 0)
(0.012684 -0.0914515 0)
(0.0189359 -0.104158 0)
(0.0253464 -0.111648 0)
(0.0315362 -0.114466 0)
(0.0372354 -0.113291 0)
(0.0422839 -0.108868 0)
(0.046614 -0.10194 0)
(0.0502257 -0.0931895 0)
(0.0531621 -0.0832008 0)
(0.0554884 -0.0724486 0)
(0.0572756 -0.0612978 0)
(0.0585906 -0.0500142 0)
(0.0594901 -0.0387794 0)
(0.0600189 -0.0277049 0)
(0.0602088 -0.016845 0)
(0.06008 -0.00620518 0)
(0.0596413 0.00425174 0)
(0.0588897 0.0146026 0)
(0.057811 0.0249634 0)
(0.0563785 0.0354879 0)
(0.0545495 0.0463652 0)
(0.052264 0.0578138 0)
(0.0494435 0.0700668 0)
(0.045994 0.083344 0)
(0.041815 0.0978013 0)
(0.0368173 0.113448 0)
(0.0309515 0.130026 0)
(0.0242412 0.146864 0)
(0.016813 0.162745 0)
(0.00890554 0.175906 0)
(0.000842798 0.184266 0)
(-0.00702804 0.185942 0)
(-0.0144164 0.179957 0)
(-0.021141 0.166669 0)
(-0.0271351 0.147635 0)
(-0.0324236 0.125062 0)
(-0.0370747 0.101136 0)
(-0.0411558 0.0775243 0)
(-0.0447043 0.05518 0)
(-0.0477206 0.0344226 0)
(-0.0501722 0.0151559 0)
(-0.0520044 -0.00289637 0)
(-0.0531547 -0.020009 0)
(-0.0535559 -0.0363493 0)
(-0.0531394 -0.0519237 0)
(-0.0518437 -0.0665669 0)
(-0.0496172 -0.0799482 0)
(-0.0464291 -0.0915889 0)
(-0.0422843 -0.100888 0)
(-0.0372429 -0.107159 0)
(-0.0314418 -0.109688 0)
(-0.0251136 -0.107797 0)
(-0.0185948 -0.100926 0)
(-0.0123139 -0.0886804 0)
(-0.00679857 -0.0708468 0)
(-0.00245237 -0.0473193 0)
(-0.00029441 -0.0178991 0)
(0.0003372 -0.0199977 0)
(0.00263891 -0.052472 0)
(0.00711405 -0.0781233 0)
(0.0125955 -0.0973115 0)
(0.0186407 -0.110369 0)
(0.0247327 -0.117775 0)
(0.0305056 -0.120191 0)
(0.0357154 -0.118413 0)
(0.0402347 -0.11329 0)
(0.0440284 -0.105643 0)
(0.047125 -0.0962087 0)
(0.0495893 -0.0856002 0)
(0.0515005 -0.0743025 0)
(0.052937 -0.0626784 0)
(0.053968 -0.0509841 0)
(0.0546488 -0.0393884 0)
(0.05502 -0.0279893 0)
(0.0551085 -0.0168282 0)
(0.0549286 -0.00589859 0)
(0.0544834 0.0048477 0)
(0.0537647 0.0154986 0)
(0.0527543 0.0261817 0)
(0.0514225 0.0370641 0)
(0.0497262 0.0483503 0)
(0.0476077 0.0602748 0)
(0.0449946 0.0730862 0)
(0.0418028 0.0870131 0)
(0.0379459 0.102207 0)
(0.0333521 0.118652 0)
(0.0279895 0.136032 0)
(0.0218952 0.153592 0)
(0.015198 0.170015 0)
(0.00811977 0.183449 0)
(0.000943353 0.191774 0)
(-0.00604838 0.193134 0)
(-0.0126387 0.186634 0)
(-0.0187083 0.172736 0)
(-0.0242263 0.15308 0)
(-0.029219 0.129925 0)
(-0.0337296 0.105469 0)
(-0.0377865 0.081358 0)
(-0.0413893 0.0585156 0)
(-0.0445097 0.0372317 0)
(-0.0471006 0.0173901 0)
(-0.049103 -0.00129662 0)
(-0.050458 -0.019108 0)
(-0.0511048 -0.0362122 0)
(-0.0509794 -0.0526146 0)
(-0.0500202 -0.0681449 0)
(-0.0481684 -0.0824607 0)
(-0.0453776 -0.0950592 0)
(-0.0416289 -0.105297 0)
(-0.0369522 -0.112424 0)
(-0.0314523 -0.115637 0)
(-0.0253339 -0.114157 0)
(-0.0189174 -0.107313 0)
(-0.0126328 -0.09462 0)
(-0.00703325 -0.0758029 0)
(-0.00255997 -0.0507356 0)
(-0.000312806 -0.0192262 0)
(0.000344669 -0.021408 0)
(0.0026508 -0.0559677 0)
(0.00707914 -0.0830274 0)
(0.0124226 -0.102998 0)
(0.0182216 -0.116296 0)
(0.0239593 -0.123516 0)
(0.0292886 -0.12545 0)
(0.0339954 -0.12302 0)
(0.0379866 -0.11718 0)
(0.0412593 -0.108829 0)
(0.0438685 -0.0987488 0)
(0.0458973 -0.0875745 0)
(0.0474355 -0.0757946 0)
(0.048566 -0.0637638 0)
(0.0493572 -0.0517246 0)
(0.049861 -0.0398301 0)
(0.0501131 -0.0281636 0)
(0.0501344 -0.0167526 0)
(0.0499334 -0.00557878 0)
(0.0495076 0.0054168 0)
(0.0488436 0.0163323 0)
(0.0479191 0.027306 0)
(0.0467018 0.0385164 0)
(0.0451479 0.0501806 0)
(0.0432018 0.0625464 0)
(0.0407967 0.0758733 0)
(0.0378588 0.090395 0)
(0.0343159 0.106255 0)
(0.0301137 0.123408 0)
(0.0252379 0.141487 0)
(0.0197381 0.159658 0)
(0.0137437 0.17652 0)
(0.00745727 0.190156 0)
(0.00111989 0.198425 0)
(-0.00504722 0.199516 0)
(-0.0108941 0.192612 0)
(-0.0163547 0.178257 0)
(-0.021425 0.158149 0)
(-0.0261286 0.13457 0)
(-0.0304833 0.109708 0)
(-0.0344823 0.0851865 0)
(-0.0380929 0.0619044 0)
(-0.0412644 0.0401339 0)
(-0.0439393 0.0197501 0)
(-0.0460584 0.000463335 0)
(-0.0475687 -0.0180063 0)
(-0.0484178 -0.0358273 0)
(-0.0485481 -0.0530072 0)
(-0.0478995 -0.0693769 0)
(-0.0464084 -0.08459 0)
(-0.0440147 -0.0981281 0)
(-0.0406769 -0.109314 0)
(-0.0363946 -0.117337 0)
(-0.0312381 -0.121308 0)
(-0.0253798 -0.120336 0)
(-0.0191177 -0.113627 0)
(-0.0128772 -0.100584 0)
(-0.00723121 -0.0808484 0)
(-0.00265638 -0.054256 0)
(-0.000330428 -0.0206101 0)
(0.000350248 -0.0228232 0)
(0.00264655 -0.0594315 0)
(0.00699977 -0.0878229 0)
(0.0121709 -0.108474 0)
(0.0176885 -0.121905 0)
(0.0230422 -0.128845 0)
(0.0279086 -0.130228 0)
(0.0321069 -0.127111 0)
(0.035579 -0.120553 0)
(0.0383537 -0.111524 0)
(0.0405091 -0.100845 0)
(0.0421433 -0.0891654 0)
(0.0433531 -0.0769695 0)
(0.0442223 -0.0645985 0)
(0.0448165 -0.0522779 0)
(0.0451824 -0.0401432 0)
(0.0453497 -0.0282618 0)
(0.0453329 -0.0166476 0)
(0.045135 -0.0052705 0)
(0.0447479 0.00593864 0)
(0.0441538 0.0170875 0)
(0.0433267 0.0283237 0)
(0.0422319 0.0398357 0)
(0.040825 0.0518509 0)
(0.0390526 0.0646269 0)
(0.0368539 0.0784305 0)
(0.0341648 0.0934961 0)
(0.0309274 0.109955 0)
(0.0271045 0.127733 0)
(0.0226986 0.146411 0)
(0.0177707 0.165088 0)
(0.0124487 0.182295 0)
(0.00691482 0.196068 0)
(0.00136879 0.20427 0)
(-0.00402571 0.20514 0)
(-0.00917815 0.197938 0)
(-0.0140673 0.183266 0)
(-0.0187099 0.162857 0)
(-0.023124 0.138988 0)
(-0.0273034 0.113826 0)
(-0.0312107 0.08897 0)
(-0.034786 0.0652987 0)
(-0.0379613 0.0430781 0)
(-0.0406724 0.0221852 0)
(-0.0428623 0.00233545 0)
(-0.044485 -0.0167474 0)
(-0.0454974 -0.0352322 0)
(-0.0458499 -0.0531318 0)
(-0.045486 -0.0702834 0)
(-0.0443392 -0.0863445 0)
(-0.0423387 -0.10079 0)
(-0.0394223 -0.112917 0)
(-0.0355603 -0.121864 0)
(-0.0307872 -0.126654 0)
(-0.0252389 -0.126281 0)
(-0.0191853 -0.119816 0)
(-0.0130396 -0.106527 0)
(-0.00738864 -0.0859503 0)
(-0.00274049 -0.0578611 0)
(-0.000347252 -0.0220449 0)
(0.000354017 -0.0242351 0)
(0.00262703 -0.0628422 0)
(0.00687878 -0.0924801 0)
(0.0118466 -0.113708 0)
(0.0170523 -0.127167 0)
(0.021998 -0.133739 0)
(0.0263891 -0.134516 0)
(0.0300804 -0.13069 0)
(0.0330496 -0.123426 0)
(0.0353546 -0.113758 0)
(0.0370939 -0.102537 0)
(0.0383766 -0.0904168 0)
(0.0393029 -0.0778721 0)
(0.0399546 -0.0652259 0)
(0.040392 -0.0526836 0)
(0.0406554 -0.0403624 0)
(0.0407677 -0.0283134 0)
(0.040737 -0.0165371 0)
(0.0405608 -0.00499259 0)
(0.0402262 0.00639896 0)
(0.0397115 0.0177538 0)
(0.0389876 0.0292281 0)
(0.038018 0.0410184 0)
(0.0367583 0.0533603 0)
(0.0351578 0.0665183 0)
(0.0331613 0.0807624 0)
(0.0307147 0.0963235 0)
(0.027774 0.113318 0)
(0.0243182 0.13164 0)
(0.0203658 0.150824 0)
(0.0159871 0.169909 0)
(0.0113071 0.187374 0)
(0.00648702 0.201231 0)
(0.00168668 0.209358 0)
(-0.00298295 0.210055 0)
(-0.00748352 0.20265 0)
(-0.0118316 0.187788 0)
(-0.0160595 0.167209 0)
(-0.0201789 0.143167 0)
(-0.0241621 0.117798 0)
(-0.0279457 0.0926713 0)
(-0.0314477 0.0686561 0)
(-0.0345864 0.0460204 0)
(-0.0372936 0.0246521 0)
(-0.0395155 0.0042786 0)
(-0.0412138 -0.0153697 0)
(-0.042355 -0.0344616 0)
(-0.0428985 -0.0530175 0)
(-0.0427929 -0.0708863 0)
(-0.0419718 -0.087736 0)
(-0.0403563 -0.103044 0)
(-0.0378668 -0.116092 0)
(-0.0344458 -0.125973 0)
(-0.0300919 -0.131631 0)
(-0.0249015 -0.131941 0)
(-0.0191106 -0.125826 0)
(-0.0131128 -0.112401 0)
(-0.00750111 -0.0910724 0)
(-0.00281068 -0.0615293 0)
(-0.000363106 -0.0235242 0)
(0.000356057 -0.0256358 0)
(0.00259315 -0.06618 0)
(0.00671913 -0.0969716 0)
(0.0114557 -0.118669 0)
(0.0163235 -0.132056 0)
(0.0208429 -0.138184 0)
(0.0247524 -0.138311 0)
(0.0279444 -0.133771 0)
(0.0304317 -0.125825 0)
(0.0322992 -0.115566 0)
(0.0336621 -0.103865 0)
(0.0346367 -0.0913729 0)
(0.0353232 -0.0785462 0)
(0.0357985 -0.0656865 0)
(0.036116 -0.0529778 0)
(0.0363082 -0.040518 0)
(0.0363908 -0.0283428 0)
(0.0363657 -0.0164401 0)
(0.0362251 -0.00475867 0)
(0.035952 0.0067888 0)
(0.0355213 0.0183263 0)
(0.0349019 0.0300173 0)
(0.0340562 0.0420652 0)
(0.0329405 0.0547115 0)
(0.031507 0.0682247 0)
(0.0297067 0.0828749 0)
(0.0274954 0.0988853 0)
(0.0248424 0.116354 0)
(0.0217423 0.135144 0)
(0.0182275 0.154745 0)
(0.0143763 0.174148 0)
(0.0103092 0.191793 0)
(0.00616618 0.205684 0)
(0.00206931 0.213733 0)
(-0.00191794 0.214304 0)
(-0.00580271 0.206782 0)
(-0.00963327 0.191842 0)
(-0.0134542 0.171206 0)
(-0.0172709 0.147094 0)
(-0.0210373 0.121596 0)
(-0.0246684 0.0962577 0)
(-0.0280644 0.0719405 0)
(-0.0311329 0.0489242 0)
(-0.0338032 0.0271152 0)
(-0.0360253 0.00625826 0)
(-0.037768 -0.0139062 0)
(-0.0390077 -0.0335466 0)
(-0.0397132 -0.0526926 0)
(-0.0398398 -0.0712087 0)
(-0.0393235 -0.0887797 0)
(-0.0380809 -0.104894 0)
(-0.0360184 -0.118827 0)
(-0.0330534 -0.129639 0)
(-0.0291493 -0.1362 0)
(-0.0243613 -0.137266 0)
(-0.0188859 -0.131604 0)
(-0.0130898 -0.118158 0)
(-0.00756403 -0.0961758 0)
(-0.0028651 -0.0652371 0)
(-0.000377737 -0.0250404 0)
(0.000356458 -0.027018 0)
(0.00254582 -0.0694265 0)
(0.00652369 -0.101273 0)
(0.0110043 -0.123333 0)
(0.0155121 -0.136554 0)
(0.0195916 -0.14217 0)
(0.023018 -0.141617 0)
(0.0257228 -0.136369 0)
(0.0277529 -0.127779 0)
(0.029217 -0.116987 0)
(0.0302435 -0.104873 0)
(0.0309522 -0.0920765 0)
(0.03144 -0.0790327 0)
(0.0317766 -0.0660177 0)
(0.0320069 -0.0531925 0)
(0.0321549 -0.0406365 0)
(0.0322288 -0.0283704 0)
(0.0322246 -0.016371 0)
(0.0321294 -0.00457798 0)
(0.0319228 0.00710343 0)
(0.0315774 0.018804 0)
(0.0310605 0.0306932 0)
(0.0303343 0.04298 0)
(0.0293567 0.0559099 0)
(0.0280835 0.0697528 0)
(0.0264722 0.0847751 0)
(0.0244885 0.10119 0)
(0.0221145 0.119074 0)
(0.0193591 0.138258 0)
(0.0162672 0.158192 0)
(0.0129233 0.177828 0)
(0.00944187 0.195583 0)
(0.00594219 0.209466 0)
(0.00251089 0.217435 0)
(-0.000830915 0.217921 0)
(-0.00412971 0.210362 0)
(-0.00746066 0.195439 0)
(-0.0108782 0.174848 0)
(-0.0143824 0.150753 0)
(-0.0179122 0.125198 0)
(-0.0213654 0.0997004 0)
(-0.0246277 0.0751218 0)
(-0.0275988 0.0517596 0)
(-0.0302057 0.0295454 0)
(-0.0324022 0.00824598 0)
(-0.0341637 -0.0123852 0)
(-0.0354758 -0.0325153 0)
(-0.0363169 -0.0521841 0)
(-0.0366502 -0.0712745 0)
(-0.0364165 -0.0894934 0)
(-0.0355312 -0.106348 0)
(-0.0338905 -0.121118 0)
(-0.0313905 -0.132842 0)
(-0.0279611 -0.140324 0)
(-0.0236151 -0.142208 0)
(-0.0185054 -0.137097 0)
(-0.0129647 -0.123746 0)
(-0.00757304 -0.10122 0)
(-0.00290179 -0.0689584 0)
(-0.000390844 -0.0265851 0)
(0.000355315 -0.0283749 0)
(0.00248588 -0.0725648 0)
(0.00629503 -0.105362 0)
(0.0104975 -0.127678 0)
(0.0146266 -0.140643 0)
(0.0182565 -0.145692 0)
(0.0212022 -0.144442 0)
(0.023435 -0.138504 0)
(0.0250342 -0.129318 0)
(0.0261295 -0.118055 0)
(0.0268584 -0.105599 0)
(0.0273407 -0.092568 0)
(0.0276671 -0.0793694 0)
(0.0278984 -0.0662526 0)
(0.0280698 -0.0533555 0)
(0.0281963 -0.0407395 0)
(0.0282785 -0.0284122 0)
(0.0283066 -0.0163404 0)
(0.0282634 -0.00445621 0)
(0.0281255 0.00734136 0)
(0.0278638 0.0191887 0)
(0.0274451 0.0312603 0)
(0.0268324 0.043769 0)
(0.0259855 0.0569627 0)
(0.0248648 0.0711099 0)
(0.0234349 0.0864709 0)
(0.0216711 0.103245 0)
(0.0195678 0.121486 0)
(0.017147 0.140994 0)
(0.0144647 0.161183 0)
(0.0116094 0.180974 0)
(0.00868912 0.198772 0)
(0.00580244 0.212611 0)
(0.0030035 0.220499 0)
(0.000275857 0.220938 0)
(-0.00246096 0.213409 0)
(-0.00530509 0.19859 0)
(-0.00831939 0.17813 0)
(-0.0115001 0.154131 0)
(-0.0147749 0.128582 0)
(-0.0180278 0.102975 0)
(-0.0211335 0.0781752 0)
(-0.023985 0.0545027 0)
(-0.0265079 0.0319196 0)
(-0.0286586 0.0102188 0)
(-0.0304181 -0.0108304 0)
(-0.0317804 -0.0313924 0)
(-0.0327335 -0.0515171 0)
(-0.0332492 -0.0711075 0)
(-0.0332752 -0.0898971 0)
(-0.032729 -0.107418 0)
(-0.0315006 -0.122966 0)
(-0.0294686 -0.135568 0)
(-0.0265325 -0.143976 0)
(-0.0226628 -0.146724 0)
(-0.0179656 -0.142254 0)
(-0.0127326 -0.129114 0)
(-0.00752421 -0.106161 0)
(-0.0029189 -0.0726654 0)
(-0.000402112 -0.0281487 0)
(0.000352719 -0.0296999 0)
(0.00241404 -0.0755791 0)
(0.00603521 -0.109219 0)
(0.00993926 -0.131684 0)
(0.0136736 -0.144311 0)
(0.016847 -0.148747 0)
(0.019317 -0.146795 0)
(0.0210947 -0.140199 0)
(0.0222899 -0.130472 0)
(0.0230496 -0.118809 0)
(0.0235172 -0.106082 0)
(0.023809 -0.092884 0)
(0.0240072 -0.0795896 0)
(0.0241621 -0.0664198 0)
(0.0242983 -0.0534899 0)
(0.0244216 -0.0408449 0)
(0.0245252 -0.0284806 0)
(0.0245938 -0.0163557 0)
(0.0246064 -0.00439632 0)
(0.0245373 0.00750341 0)
(0.0243562 0.0194843 0)
(0.0240302 0.0317245 0)
(0.0235238 0.0444397 0)
(0.0227998 0.0578777 0)
(0.0218237 0.072304 0)
(0.0205675 0.0879699 0)
(0.0190163 0.105058 0)
(0.0171762 0.1236 0)
(0.0150811 0.143363 0)
(0.0127964 0.163732 0)
(0.0104134 0.183604 0)
(0.00803222 0.201388 0)
(0.0057319 0.215148 0)
(0.00353688 0.222956 0)
(0.00139757 0.223379 0)
(-0.000795836 0.215939 0)
(-0.00316143 0.201297 0)
(-0.00576983 0.181045 0)
(-0.00861537 0.157211 0)
(-0.0116175 0.131728 0)
(-0.0146505 0.106061 0)
(-0.0175803 0.0810804 0)
(-0.0202947 0.0571346 0)
(-0.0227172 0.0342198 0)
(-0.0248064 0.0121587 0)
(-0.0265476 -0.00926096 0)
(-0.0279418 -0.0301989 0)
(-0.0289862 -0.0507143 0)
(-0.0296619 -0.0707312 0)
(-0.029925 -0.090012 0)
(-0.0296978 -0.108121 0)
(-0.0288685 -0.124377 0)
(-0.0273025 -0.137809 0)
(-0.0248722 -0.14713 0)
(-0.0215074 -0.150777 0)
(-0.0172652 -0.147027 0)
(-0.0123903 -0.134211 0)
(-0.00741421 -0.110955 0)
(-0.00291468 -0.0763284 0)
(-0.000411221 -0.0297206 0)
(0.000348739 -0.0309869 0)
(0.00233078 -0.0784545 0)
(0.00574558 -0.112823 0)
(0.00933236 -0.135336 0)
(0.0126576 -0.147549 0)
(0.0153693 -0.151336 0)
(0.0173698 -0.148689 0)
(0.0187099 -0.141476 0)
(0.0195271 -0.131271 0)
(0.0199826 -0.119281 0)
(0.0202216 -0.106357 0)
(0.0203544 -0.0930569 0)
(0.0204526 -0.0797219 0)
(0.020555 -0.0665432 0)
(0.020675 -0.0536147 0)
(0.0208094 -0.0409663 0)
(0.0209441 -0.0285844 0)
(0.0210587 -0.0164215 0)
(0.0211289 -0.0043992 0)
(0.021127 0.00759187 0)
(0.0210226 0.0196956 0)
(0.0207834 0.0320925 0)
(0.0203761 0.0449994 0)
(0.0197676 0.0586629 0)
(0.0189287 0.0733428 0)
(0.0178392 0.0892794 0)
(0.0164941 0.106637 0)
(0.0149108 0.125423 0)
(0.0131339 0.145376 0)
(0.0112364 0.165852 0)
(0.0093112 0.185738 0)
(0.00745009 0.203452 0)
(0.00571332 0.217102 0)
(0.00409837 0.224828 0)
(0.00252664 0.225265 0)
(0.000863177 0.217964 0)
(-0.0010279 0.203563 0)
(-0.00322537 0.183585 0)
(-0.00572313 0.159981 0)
(-0.00843593 0.13462 0)
(-0.0112311 0.10894 0)
(-0.0139685 0.0838207 0)
(-0.0165312 0.0596403 0)
(-0.0188407 0.0364321 0)
(-0.0208565 0.0140517 0)
(-0.0225667 -0.00769236 0)
(-0.023978 -0.0289526 0)
(-0.0250964 -0.0497961 0)
(-0.0259117 -0.0701673 0)
(-0.0263903 -0.0898595 0)
(-0.0264616 -0.108473 0)
(-0.0260155 -0.12536 0)
(-0.0249089 -0.139563 0)
(-0.0229914 -0.149771 0)
(-0.0201543 -0.154333 0)
(-0.0164049 -0.15137 0)
(-0.0119355 -0.138989 0)
(-0.00724035 -0.115559 0)
(-0.00288756 -0.0799163 0)
(-0.000417857 -0.0312892 0)
(0.000343411 -0.03223 0)
(0.00223624 -0.0811764 0)
(0.00542658 -0.116158 0)
(0.00867782 -0.138616 0)
(0.0115804 -0.150347 0)
(0.0138262 -0.153461 0)
(0.0153639 -0.150135 0)
(0.0162833 -0.142355 0)
(0.0167469 -0.131743 0)
(0.0169262 -0.119502 0)
(0.0169653 -0.106453 0)
(0.0169656 -0.0931142 0)
(0.016987 -0.0797897 0)
(0.0170556 -0.0666418 0)
(0.017174 -0.0537441 0)
(0.0173298 -0.0411139 0)
(0.0175021 -0.02873 0)
(0.0176658 -0.0165404 0)
(0.0177938 -0.00446427 0)
(0.0178569 0.00760989 0)
(0.0178248 0.0198277 0)
(0.0176668 0.0323707 0)
(0.0173522 0.0454555 0)
(0.0168523 0.0593254 0)
(0.0161443 0.0742329 0)
(0.0152159 0.0904054 0)
(0.014072 0.107988 0)
(0.0127402 0.126962 0)
(0.0112752 0.14704 0)
(0.00975649 0.167556 0)
(0.00827685 0.187391 0)
(0.00691963 0.204984 0)
(0.00572732 0.218496 0)
(0.00467312 0.226137 0)
(0.00365291 0.226609 0)
(0.00251039 0.21949 0)
(0.00109374 0.205385 0)
(-0.000685024 0.185741 0)
(-0.00282164 0.162424 0)
(-0.00522859 0.137239 0)
(-0.00776931 0.111596 0)
(-0.0102993 0.0863819 0)
(-0.012698 0.0620076 0)
(-0.0148843 0.0385458 0)
(-0.0168174 0.015887 0)
(-0.0184868 -0.00613659 0)
(-0.0199039 -0.0276679 0)
(-0.0210818 -0.0487798 0)
(-0.0220195 -0.0694359 0)
(-0.0226935 -0.0894605 0)
(-0.023043 -0.108494 0)
(-0.0229627 -0.125928 0)
(-0.0223055 -0.140832 0)
(-0.0209028 -0.151884 0)
(-0.0186109 -0.157365 0)
(-0.0153869 -0.155244 0)
(-0.0113675 -0.1434 0)
(-0.00700061 -0.119927 0)
(-0.00283621 -0.0833969 0)
(-0.000421717 -0.0328421 0)
(0.000336715 -0.0334232 0)
(0.00213021 -0.0837305 0)
(0.00507767 -0.119206 0)
(0.00797498 -0.141508 0)
(0.0104414 -0.152696 0)
(0.0122171 -0.155121 0)
(0.0132985 -0.151145 0)
(0.0138126 -0.142857 0)
(0.0139441 -0.131913 0)
(0.0138716 -0.119498 0)
(0.0137346 -0.106395 0)
(0.0136239 -0.093078 0)
(0.0135863 -0.0798115 0)
(0.0136351 -0.06673 0)
(0.0137619 -0.0538887 0)
(0.0139456 -0.0412944 0)
(0.0141593 -0.0289207 0)
(0.0143733 -0.0167132 0)
(0.0145581 -0.00459001 0)
(0.0146835 0.00756089 0)
(0.0147198 0.0198854 0)
(0.014638 0.0325649 0)
(0.0144107 0.0458138 0)
(0.0140143 0.059871 0)
(0.0134323 0.0749797 0)
(0.0126609 0.0913526 0)
(0.0117145 0.109115 0)
(0.0106308 0.128222 0)
(0.00947325 0.148361 0)
(0.0083265 0.168852 0)
(0.00728258 0.188575 0)
(0.00641602 0.206 0)
(0.00575275 0.219345 0)
(0.00524426 0.226897 0)
(0.00476404 0.227422 0)
(0.00413722 0.22052 0)
(0.00319811 0.206757 0)
(0.00184874 0.187502 0)
(8.83871e-05 0.164527 0)
(-0.00199601 0.139569 0)
(-0.00426608 0.114013 0)
(-0.00657459 0.0887509 0)
(-0.00879786 0.0642261 0)
(-0.0108521 0.0405521 0)
(-0.0126952 0.0176564 0)
(-0.0143167 -0.00460278 0)
(-0.0157308 -0.0263563 0)
(-0.0169569 -0.0476799 0)
(-0.0180023 -0.0685543 0)
(-0.0188543 -0.0888345 0)
(-0.0194628 -0.108202 0)
(-0.0197305 -0.126096 0)
(-0.0195104 -0.141621 0)
(-0.0186205 -0.153464 0)
(-0.0168859 -0.159851 0)
(-0.0142153 -0.158612 0)
(-0.0106864 -0.147399 0)
(-0.00669355 -0.124016 0)
(-0.00275944 -0.0867374 0)
(-0.00042251 -0.0343663 0)
(0.000328571 -0.0345603 0)
(0.00201204 -0.0861017 0)
(0.00469729 -0.121947 0)
(0.00722157 -0.143997 0)
(0.0092379 -0.154587 0)
(0.0105387 -0.156318 0)
(0.0111689 -0.151729 0)
(0.0112912 -0.142999 0)
(0.0111091 -0.131801 0)
(0.0108046 -0.119291 0)
(0.0105103 -0.106204 0)
(0.0103046 -0.0929652 0)
(0.0102203 -0.0798005 0)
(0.0102583 -0.0668173 0)
(0.0103993 -0.0540547 0)
(0.0106144 -0.0415114 0)
(0.0108705 -0.0291579 0)
(0.0111343 -0.0169393 0)
(0.011374 -0.00477427 0)
(0.0115591 0.00744819 0)
(0.0116602 0.0198729 0)
(0.0116508 0.0326795 0)
(0.011507 0.0460791 0)
(0.0112105 0.0603039 0)
(0.0107516 0.0755867 0)
(0.0101351 0.0921241 0)
(0.00938454 0.110019 0)
(0.00854723 0.129205 0)
(0.00769442 0.149346 0)
(0.00691497 0.169748 0)
(0.00629927 0.189301 0)
(0.0059131 0.206512 0)
(0.00576701 0.219664 0)
(0.00579317 0.227121 0)
(0.00584559 0.227711 0)
(0.00573303 0.221053 0)
(0.00527711 0.207672 0)
(0.00436988 0.188852 0)
(0.00300312 0.166271 0)
(0.00125959 0.141596 0)
(-0.000723142 0.116176 0)
(-0.00279609 0.0909152 0)
(-0.00483298 0.0662861 0)
(-0.00674699 0.0424437 0)
(-0.0084938 0.0193537 0)
(-0.0100616 -0.0030978 0)
(-0.0114662 -0.0250264 0)
(-0.012732 -0.0465078 0)
(-0.0138736 -0.0675373 0)
(-0.0148888 -0.0879987 0)
(-0.0157392 -0.107616 0)
(-0.0163377 -0.125879 0)
(-0.016541 -0.14194 0)
(-0.0161586 -0.154507 0)
(-0.0149892 -0.161772 0)
(-0.012895 -0.161442 0)
(-0.00989356 -0.150945 0)
(-0.00631835 -0.127782 0)
(-0.0026563 -0.0899043 0)
(-0.000419958 -0.0358479 0)
(0.000318821 -0.0356345 0)
(0.00188066 -0.0882739 0)
(0.00428291 -0.124363 0)
(0.00641375 -0.146066 0)
(0.00796494 -0.156011 0)
(0.00878504 -0.157052 0)
(0.00896759 -0.151896 0)
(0.00870893 -0.142796 0)
(0.00822785 -0.131424 0)
(0.00770659 -0.118898 0)
(0.00726841 -0.105894 0)
(0.00697806 -0.0927875 0)
(0.00685437 -0.0797649 0)
(0.00688558 -0.0669089 0)
(0.00704267 -0.0542448 0)
(0.00728903 -0.0417657 0)
(0.00758645 -0.0294409 0)
(0.00789813 -0.0172169 0)
(0.00819045 -0.0050146 0)
(0.00843245 0.00727473 0)
(0.00859582 0.0197934 0)
(0.00865624 0.0327178 0)
(0.00859392 0.046254 0)
(0.00839576 0.0606264 0)
(0.00805936 0.0760555 0)
(0.00759759 0.0927206 0)
(0.00704334 0.110704 0)
(0.00645272 0.129913 0)
(0.00590401 0.149995 0)
(0.00548935 0.170248 0)
(0.00529687 0.189577 0)
(0.00538376 0.20653 0)
(0.00574642 0.219461 0)
(0.00629991 0.226814 0)
(0.00688134 0.227478 0)
(0.00728504 0.221085 0)
(0.00732075 0.208119 0)
(0.00687009 0.189776 0)
(0.00591567 0.167639 0)
(0.00453325 0.143298 0)
(0.00285652 0.118071 0)
(0.00103428 0.0928626 0)
(-0.000804604 0.0681782 0)
(-0.00256992 0.0442136 0)
(-0.00421447 0.0209731 0)
(-0.00572407 -0.00162689 0)
(-0.00711447 -0.0236845 0)
(-0.00841401 -0.0452721 0)
(-0.00964331 -0.0663965 0)
(-0.01081 -0.0869676 0)
(-0.0118877 -0.106752 0)
(-0.012801 -0.125292 0)
(-0.0134137 -0.141798 0)
(-0.0135314 -0.155014 0)
(-0.012931 -0.163115 0)
(-0.0114319 -0.163706 0)
(-0.0089909 -0.153998 0)
(-0.00587466 -0.131184 0)
(-0.00252598 -0.092864 0)
(-0.000413791 -0.0372725 0)
(0.000307229 -0.0366385 0)
(0.00173457 -0.0902297 0)
(0.00383109 -0.126432 0)
(0.00554645 -0.147695 0)
(0.00661611 -0.156956 0)
(0.00694826 -0.157321 0)
(0.00668479 -0.151651 0)
(0.00605299 -0.142258 0)
(0.00528349 -0.130797 0)
(0.00455567 -0.118331 0)
(0.00398151 -0.105475 0)
(0.00361136 -0.0925508 0)
(0.0034501 -0.0797079 0)
(0.00347412 -0.0670056 0)
(0.00364518 -0.0544583 0)
(0.00391988 -0.0420554 0)
(0.00425531 -0.0297673 0)
(0.00461166 -0.0175435 0)
(0.00495375 -0.00530846 0)
(0.00525037 0.00704283 0)
(0.00547428 0.0196487 0)
(0.00560358 0.0326811 0)
(0.00562246 0.0463394 0)
(0.00552337 0.0608386 0)
(0.00531092 0.0763853 0)
(0.00500623 0.093141 0)
(0.004651 0.111166 0)
(0.00430961 0.130346 0)
(0.00406658 0.150311 0)
(0.00401653 0.170356 0)
(0.00424488 0.189406 0)
(0.00480042 0.20606 0)
(0.00566667 0.218744 0)
(0.00674361 0.225981 0)
(0.00785374 0.226721 0)
(0.00877872 0.22061 0)
(0.00931701 0.208085 0)
(0.00933926 0.190257 0)
(0.00881732 0.168609 0)
(0.00781761 0.144657 0)
(0.00646761 0.119678 0)
(0.00491375 0.0945784 0)
(0.00328617 0.0698922 0)
(0.00167877 0.0458546 0)
(0.000142783 0.02251 0)
(-0.00130436 -0.000193697 0)
(-0.00267727 -0.0223348 0)
(-0.0040066 -0.0439788 0)
(-0.00531791 -0.0651404 0)
(-0.00662758 -0.0857531 0)
(-0.00792089 -0.105623 0)
(-0.00913509 -0.124351 0)
(-0.0101436 -0.141207 0)
(-0.0107526 -0.154988 0)
(-0.010722 -0.163872 0)
(-0.00983261 -0.16538 0)
(-0.00798116 -0.156523 0)
(-0.0053626 -0.134182 0)
(-0.00236787 -0.095583 0)
(-0.000403751 -0.0386255 0)
(0.000293473 -0.037564 0)
(0.00157192 -0.0919497 0)
(0.00333771 -0.12813 0)
(0.0046137 -0.148865 0)
(0.00518392 -0.157411 0)
(0.00501938 -0.157121 0)
(0.00430929 -0.150999 0)
(0.00330893 -0.141393 0)
(0.00225718 -0.129926 0)
(0.00132776 -0.117595 0)
(0.000619844 -0.104949 0)
(0.000169157 -0.0922557 0)
(-3.29157e-05 -0.0796274 0)
(-2.10064e-05 -0.0671039 0)
(0.000158284 -0.0546906 0)
(0.000455547 -0.042376 0)
(0.000823748 -0.0301329 0)
(0.00122045 -0.0179155 0)
(0.0016091 -0.00565313 0)
(0.00195841 0.00675426 0)
(0.00224213 0.0194398 0)
(0.00244084 0.0325692 0)
(0.00254267 0.0463341 0)
(0.00254555 0.0609381 0)
(0.00246102 0.0765731 0)
(0.00231818 0.0933814 0)
(0.00216713 0.111402 0)
(0.00207992 0.130499 0)
(0.00214654 0.15029 0)
(0.00246342 0.170071 0)
(0.00311286 0.188793 0)
(0.00413557 0.205106 0)
(0.00550333 0.217514 0)
(0.00710296 0.224622 0)
(0.00874444 0.225438 0)
(0.0101982 0.219618 0)
(0.0112522 0.207556 0)
(0.0117654 0.190276 0)
(0.0116975 0.169162 0)
(0.0111036 0.14565 0)
(0.0101027 0.120977 0)
(0.00883702 0.0960459 0)
(0.00743677 0.071415 0)
(0.00599892 0.0473581 0)
(0.00457896 0.023959 0)
(0.00319831 0.00119833 0)
(0.00184521 -0.02098 0)
(0.000488392 -0.0426312 0)
(-0.000901676 -0.0637745 0)
(-0.0023488 -0.0843636 0)
(-0.00384915 -0.104243 0)
(-0.00535282 -0.123067 0)
(-0.00674486 -0.140179 0)
(-0.00783536 -0.154434 0)
(-0.008373 -0.164035 0)
(-0.00810412 -0.166444 0)
(-0.00686762 -0.158488 0)
(-0.00478272 -0.136737 0)
(-0.0021815 -0.0980281 0)
(-0.000389589 -0.0398914 0)
(0.000277151 -0.0384014 0)
(0.00139054 -0.0934126 0)
(0.00279817 -0.129433 0)
(0.00360906 -0.149554 0)
(0.00366051 -0.15736 0)
(0.00298896 -0.156446 0)
(0.00182944 -0.149939 0)
(0.000461759 -0.140204 0)
(-0.000870658 -0.128814 0)
(-0.00200214 -0.116692 0)
(-0.00284732 -0.104316 0)
(-0.0033848 -0.0918975 0)
(-0.00363591 -0.0795173 0)
(-0.00364531 -0.0671965 0)
(-0.00346701 -0.0549347 0)
(-0.00315564 -0.0427208 0)
(-0.00276179 -0.0305323 0)
(-0.00233016 -0.0183289 0)
(-0.00189847 -0.00604602 0)
(-0.0014981 0.00641009 0)
(-0.00115427 0.0191661 0)
(-0.000884108 0.0323804 0)
(-0.000695607 0.0462347 0)
(-0.000585559 0.0609205 0)
(-0.00053572 0.0766133 0)
(-0.000509339 0.0934359 0)
(-0.000448459 0.111405 0)
(-0.000274012 0.130368 0)
(0.000108776 0.149929 0)
(0.000797568 0.16939 0)
(0.00187116 0.187734 0)
(0.00336237 0.203668 0)
(0.00523242 0.215773 0)
(0.00735678 0.222735 0)
(0.00953472 0.223621 0)
(0.011527 0.218098 0)
(0.0131112 0.206516 0)
(0.0141348 0.189812 0)
(0.014544 0.169272 0)
(0.0143804 0.146254 0)
(0.0137526 0.121946 0)
(0.0127969 0.0972462 0)
(0.0116421 0.0727319 0)
(0.0103875 0.0487133 0)
(0.00909316 0.0253129 0)
(0.00778463 0.00254505 0)
(0.00645384 -0.0196222 0)
(0.0050705 -0.0412311 0)
(0.00360248 -0.0623018 0)
(0.00202052 -0.0828043 0)
(0.000318795 -0.102618 0)
(-0.00146552 -0.121453 0)
(-0.00323018 -0.138723 0)
(-0.00479257 -0.153358 0)
(-0.00589482 -0.163603 0)
(-0.006254 -0.166882 0)
(-0.00565415 -0.159864 0)
(-0.00413597 -0.138813 0)
(-0.00196657 -0.100167 0)
(-0.000371065 -0.041055 0)
(0.000257788 -0.0391399 0)
(0.00118808 -0.0945945 0)
(0.00220773 -0.130314 0)
(0.00252611 -0.149739 0)
(0.00203829 -0.156789 0)
(0.000848172 -0.15529 0)
(-0.000765569 -0.14847 0)
(-0.00250278 -0.138691 0)
(-0.00411943 -0.12746 0)
(-0.00545931 -0.115617 0)
(-0.00645085 -0.103566 0)
(-0.00708657 -0.0914667 0)
(-0.00739953 -0.0793667 0)
(-0.00744338 -0.0672727 0)
(-0.00727851 -0.0551803 0)
(-0.00696398 -0.0430812 0)
(-0.00655336 -0.0309585 0)
(-0.00609327 -0.0187789 0)
(-0.00562248 -0.00648474 0)
(-0.00517242 0.00601048 0)
(-0.00476739 0.0188258 0)
(-0.00442236 0.0321105 0)
(-0.00414164 0.0460357 0)
(-0.00391699 0.0607786 0)
(-0.00372381 0.0764976 0)
(-0.00351815 0.0932953 0)
(-0.0032348 0.111168 0)
(-0.00278844 0.129944 0)
(-0.0020803 0.14922 0)
(-0.00101216 0.168309 0)
(0.00049131 0.186228 0)
(0.00245524 0.201744 0)
(0.00483101 0.213517 0)
(0.0074845 0.220316 0)
(0.010206 0.221263 0)
(0.0127479 0.216038 0)
(0.0148783 0.204947 0)
(0.0164326 0.188843 0)
(0.0173424 0.168917 0)
(0.0176348 0.146443 0)
(0.0174059 0.122562 0)
(0.0167838 0.0981584 0)
(0.0158948 0.0738261 0)
(0.0148395 0.049908 0)
(0.0136819 0.0265639 0)
(0.0124524 0.00384218 0)
(0.0111471 -0.0182634 0)
(0.00973819 -0.0397793 0)
(0.00819218 -0.0607235 0)
(0.00647586 -0.0810785 0)
(0.00457521 -0.100755 0)
(0.0025161 -0.119516 0)
(0.000387927 -0.13685 0)
(-0.00163677 -0.151767 0)
(-0.00329846 -0.162574 0)
(-0.00429023 -0.166682 0)
(-0.00434515 -0.160623 0)
(-0.00342376 -0.140376 0)
(-0.00172294 -0.101966 0)
(-0.000347954 -0.0421002 0)
(0.000234848 -0.0397674 0)
(0.000962144 -0.0954697 0)
(0.00156179 -0.130742 0)
(0.00135901 -0.149395 0)
(0.000310995 -0.155681 0)
(-0.00140954 -0.153641 0)
(-0.00348447 -0.146586 0)
(-0.00559818 -0.136849 0)
(-0.00750781 -0.125856 0)
(-0.00906762 -0.11436 0)
(-0.0102198 -0.102688 0)
(-0.0109702 -0.0909486 0)
(-0.0113623 -0.0791604 0)
(-0.0114576 -0.0673175 0)
(-0.0113218 -0.0554141 0)
(-0.0110174 -0.043446 0)
(-0.0106006 -0.0314032 0)
(-0.0101196 -0.0192599 0)
(-0.00961402 -0.00696649 0)
(-0.00911548 0.00555539 0)
(-0.00864741 0.018416 0)
(-0.00822282 0.0317544 0)
(-0.00784261 0.0457295 0)
(-0.00749379 0.060503 0)
(-0.00714584 0.0762152 0)
(-0.00674816 0.092948 0)
(-0.00622895 0.110677 0)
(-0.00549752 0.129215 0)
(-0.00445197 0.148154 0)
(-0.00299438 0.16682 0)
(-0.00105302 0.184267 0)
(0.00139037 0.199327 0)
(0.00427784 0.210741 0)
(0.00746686 0.217356 0)
(0.0107406 0.218354 0)
(0.0138442 0.213422 0)
(0.016537 0.202829 0)
(0.0186424 0.187347 0)
(0.0200771 0.168071 0)
(0.0208517 0.146192 0)
(0.0210484 0.122799 0)
(0.0207854 0.0987594 0)
(0.0201845 0.0746782 0)
(0.0193466 0.0509275 0)
(0.0183392 0.0277022 0)
(0.0171971 0.00508429 0)
(0.0159216 -0.0169054 0)
(0.014488 -0.0382756 0)
(0.0128633 -0.0590387 0)
(0.0110118 -0.0791864 0)
(0.00891293 -0.0986567 0)
(0.0065823 -0.117264 0)
(0.00409696 -0.134568 0)
(0.00161885 -0.149669 0)
(-0.000595465 -0.160949 0)
(-0.00222129 -0.165834 0)
(-0.00294557 -0.160745 0)
(-0.00264789 -0.141394 0)
(-0.00145068 -0.103396 0)
(-0.000320044 -0.0430114 0)
(0.000207771 -0.0402702 0)
(0.000710427 -0.09601 0)
(0.000856299 -0.130688 0)
(0.000103693 -0.148497 0)
(-0.00152458 -0.154019 0)
(-0.00378812 -0.151493 0)
(-0.00633484 -0.144279 0)
(-0.00883598 -0.134666 0)
(-0.0110517 -0.12399 0)
(-0.0128478 -0.112905 0)
(-0.0141801 -0.101663 0)
(-0.0150663 -0.0903239 0)
(-0.0155592 -0.0788791 0)
(-0.0157266 -0.0673131 0)
(-0.0156382 -0.0556204 0)
(-0.0153596 -0.0438023 0)
(-0.0149489 -0.0318565 0)
(-0.0144554 -0.0197655 0)
(-0.01392 -0.00748835 0)
(-0.0133741 0.00504439 0)
(-0.0128406 0.0179331 0)
(-0.0123307 0.0313056 0)
(-0.0118421 0.0453068 0)
(-0.0113575 0.0600822 0)
(-0.010841 0.0757528 0)
(-0.0102359 0.0923796 0)
(-0.00946475 0.109919 0)
(-0.0084323 0.128169 0)
(-0.00703454 0.146719 0)
(-0.00517453 0.164912 0)
(-0.00278478 0.181843 0)
(0.000146744 0.196411 0)
(0.00355392 0.207437 0)
(0.00728642 0.213849 0)
(0.0111219 0.214881 0)
(0.0147996 0.210238 0)
(0.0180709 0.200146 0)
(0.0207476 0.185302 0)
(0.0227306 0.166709 0)
(0.0240138 0.145474 0)
(0.0246632 0.122631 0)
(0.0247859 0.0990244 0)
(0.0244972 0.075267 0)
(0.0238968 0.0517549 0)
(0.0230548 0.0287158 0)
(0.0220104 0.00626425 0)
(0.0207703 -0.0155514 0)
(0.0193139 -0.0367203 0)
(0.0176098 -0.0572465 0)
(0.0156216 -0.0771272 0)
(0.0133239 -0.0963242 0)
(0.0107235 -0.114699 0)
(0.00788553 -0.131884 0)
(0.00496067 -0.147073 0)
(0.00220108 -0.158732 0)
(-5.68393e-05 -0.16433 0)
(-0.00146089 -0.16021 0)
(-0.00181061 -0.141837 0)
(-0.00115008 -0.104425 0)
(-0.00028715 -0.0437725 0)
(0.000175973 -0.0406334 0)
(0.000430834 -0.0961862 0)
(8.87597e-05 -0.130121 0)
(-0.00124089 -0.14702 0)
(-0.0034688 -0.151788 0)
(-0.00628986 -0.14883 0)
(-0.00932098 -0.141537 0)
(-0.0122233 -0.13213 0)
(-0.0147623 -0.121843 0)
(-0.0168159 -0.111231 0)
(-0.0183526 -0.100469 0)
(-0.0194004 -0.0895691 0)
(-0.0200197 -0.0784999 0)
(-0.020283 -0.0672383 0)
(-0.0202634 -0.0557808 0)
(-0.0200284 -0.0441352 0)
(-0.0196374 -0.0323073 0)
(-0.0191413 -0.0202886 0)
(-0.0185814 -0.00804721 0)
(-0.0179894 0.0044767 0)
(-0.0173876 0.0173727 0)
(-0.0167856 0.0307559 0)
(-0.0161783 0.0447566 0)
(-0.0155446 0.0595024 0)
(-0.0148434 0.0750945 0)
(-0.0140131 0.0915731 0)
(-0.0129713 0.108875 0)
(-0.0116193 0.126787 0)
(-0.00985188 0.144898 0)
(-0.00757404 0.162572 0)
(-0.00472294 0.178946 0)
(-0.0012928 0.192987 0)
(0.00264338 0.203598 0)
(0.00692836 0.209784 0)
(0.0113354 0.210836 0)
(0.0155992 0.206469 0)
(0.0194641 0.196879 0)
(0.0227307 0.182687 0)
(0.0252846 0.164806 0)
(0.0271015 0.144261 0)
(0.0282308 0.122029 0)
(0.0287661 0.0989277 0)
(0.0288146 0.0755696 0)
(0.0284734 0.0523716 0)
(0.027814 0.029591 0)
(0.0268795 0.00737334 0)
(0.0256818 -0.0142056 0)
(0.0242054 -0.0351142 0)
(0.0224218 -0.0553457 0)
(0.0202954 -0.0748996 0)
(0.0177979 -0.0937576 0)
(0.0149288 -0.111824 0)
(0.0117421 -0.128803 0)
(0.00837651 -0.143983 0)
(0.00507779 -0.15593 0)
(0.00219145 -0.16217 0)
(0.000101876 -0.159001 0)
(-0.000914537 -0.141679 0)
(-0.000821571 -0.105026 0)
(-0.000249129 -0.0443677 0)
(0.00013883 -0.0408409 0)
(0.000122069 -0.0959679 0)
(-0.000740952 -0.12901 0)
(-0.00267312 -0.144943 0)
(-0.0055197 -0.148969 0)
(-0.00891253 -0.145639 0)
(-0.0124415 -0.138344 0)
(-0.0157615 -0.129223 0)
(-0.0186452 -0.119396 0)
(-0.020982 -0.109314 0)
(-0.0227516 -0.0990781 0)
(-0.0239909 -0.0886564 0)
(-0.0247657 -0.0779961 0)
(-0.025152 -0.067069 0)
(-0.0252248 -0.0558746 0)
(-0.0250531 -0.0444279 0)
(-0.0246974 -0.0327433 0)
(-0.0242094 -0.0208213 0)
(-0.0236311 -0.00863952 0)
(-0.0229945 0.00385149 0)
(-0.0223212 0.0167296 0)
(-0.0216198 0.0300965 0)
(-0.0208824 0.0440662 0)
(-0.0200843 0.058748 0)
(-0.0191806 0.0742224 0)
(-0.0181051 0.090509 0)
(-0.0167715 0.107527 0)
(-0.0150788 0.125052 0)
(-0.0129221 0.142676 0)
(-0.0102089 0.159784 0)
(-0.00688156 0.175562 0)
(-0.00294088 0.189043 0)
(0.00153432 0.199213 0)
(0.00638117 0.205152 0)
(0.0113691 0.206206 0)
(0.0162298 0.202105 0)
(0.0207016 0.193012 0)
(0.0245747 0.179481 0)
(0.0277195 0.162339 0)
(0.0300937 0.142529 0)
(0.0317286 0.120969 0)
(0.0327029 0.0984431 0)
(0.0331141 0.0755621 0)
(0.0330548 0.0527575 0)
(0.0325968 0.0303123 0)
(0.031786 0.00840102 0)
(0.0306398 -0.0128738 0)
(0.0291479 -0.0334591 0)
(0.0272856 -0.0533357 0)
(0.0250201 -0.0725024 0)
(0.0223217 -0.0909565 0)
(0.0191846 -0.108642 0)
(0.0156529 -0.12533 0)
(0.0118532 -0.140406 0)
(0.0080225 -0.152546 0)
(0.00451174 -0.159353 0)
(0.00173378 -0.157111 0)
(3.63281e-05 -0.140897 0)
(-0.000465705 -0.105171 0)
(-0.000205838 -0.0447814 0)
(9.58601e-05 -0.0408761 0)
(-0.000215992 -0.0953257 0)
(-0.00163079 -0.127328 0)
(-0.00418877 -0.142243 0)
(-0.00767048 -0.145548 0)
(-0.0116478 -0.141906 0)
(-0.0156889 -0.134686 0)
(-0.0194454 -0.125925 0)
(-0.0226983 -0.116622 0)
(-0.0253478 -0.107124 0)
(-0.0273831 -0.0974593 0)
(-0.0288473 -0.0875545 0)
(-0.0298098 -0.0773383 0)
(-0.0303487 -0.0667787 0)
(-0.0305398 -0.0558792 0)
(-0.0304529 -0.0446622 0)
(-0.0301492 -0.0331507 0)
(-0.0296812 -0.0213546 0)
(-0.0290915 -0.00926121 0)
(-0.0284121 0.00316801 0)
(-0.0276644 0.0159985 0)
(-0.0268555 0.0293174 0)
(-0.0259757 0.0432218 0)
(-0.0249971 0.0578016 0)
(-0.0238712 0.0731165 0)
(-0.0225284 0.0891656 0)
(-0.02088 0.105851 0)
(-0.0188238 0.12294 0)
(-0.0162562 0.140031 0)
(-0.0130885 0.156533 0)
(-0.00926878 0.171678 0)
(-0.00480462 0.184569 0)
(0.000219751 0.194273 0)
(0.00563726 0.199945 0)
(0.0112142 0.200983 0)
(0.0166805 0.197133 0)
(0.0217699 0.188531 0)
(0.026263 0.175668 0)
(0.0300157 0.159287 0)
(0.0329676 0.140254 0)
(0.0351314 0.119423 0)
(0.0365697 0.0975447 0)
(0.0373685 0.0752202 0)
(0.0376143 0.0528911 0)
(0.0373773 0.0308625 0)
(0.0367059 0.00933495 0)
(0.0356219 -0.0115636 0)
(0.0341208 -0.0317586 0)
(0.0321827 -0.0512171 0)
(0.0297785 -0.0699348 0)
(0.026879 -0.0879211 0)
(0.023475 -0.105154 0)
(0.0196022 -0.12147 0)
(0.0153755 -0.136351 0)
(0.0110215 -0.148587 0)
(0.00689276 -0.155881 0)
(0.00342567 -0.15453 0)
(0.00103651 -0.139473 0)
(-8.37681e-05 -0.104835 0)
(-0.000157061 -0.0449982 0)
(4.69492e-05 -0.040722 0)
(-0.000582384 -0.0942325 0)
(-0.00257648 -0.125049 0)
(-0.00577925 -0.138902 0)
(-0.00990842 -0.141511 0)
(-0.0144808 -0.137619 0)
(-0.0190478 -0.130545 0)
(-0.0232611 -0.122213 0)
(-0.0269105 -0.113492 0)
(-0.0299055 -0.104628 0)
(-0.0322422 -0.095578 0)
(-0.0339675 -0.086229 0)
(-0.0351527 -0.0764941 0)
(-0.0358758 -0.0663384 0)
(-0.036213 -0.0557698 0)
(-0.036234 -0.0448179 0)
(-0.0360005 -0.0335145 0)
(-0.0355655 -0.0218786 0)
(-0.0349721 -0.00990755 0)
(-0.0342523 0.00242583 0)
(-0.0334272 0.0151738 0)
(-0.032503 0.0284083 0)
(-0.0314678 0.0422085 0)
(-0.0302914 0.0566446 0)
(-0.0289226 0.0717553 0)
(-0.0272894 0.0875196 0)
(-0.0253016 0.103824 0)
(-0.0228577 0.12043 0)
(-0.0198565 0.136943 0)
(-0.0162143 0.152799 0)
(-0.0118856 0.167279 0)
(-0.0068849 0.179554 0)
(-0.00130175 0.188768 0)
(0.00469372 0.194154 0)
(0.0108657 0.195158 0)
(0.0169435 0.191546 0)
(0.0226574 0.183427 0)
(0.0277799 0.171234 0)
(0.0321533 0.155634 0)
(0.0356995 0.137415 0)
(0.0384122 0.117369 0)
(0.0403369 0.0962084 0)
(0.0415466 0.0745202 0)
(0.04212 0.052751 0)
(0.0421244 0.0312234 0)
(0.0416091 0.0101611 0)
(0.0406 -0.0102846 0)
(0.0390982 -0.0300183 0)
(0.0370892 -0.0489925 0)
(0.0345487 -0.0671977 0)
(0.0314497 -0.0846521 0)
(0.0277811 -0.101364 0)
(0.0235719 -0.117229 0)
(0.0189261 -0.131824 0)
(0.014059 -0.144061 0)
(0.0093216 -0.151758 0)
(0.00516839 -0.151256 0)
(0.00208012 -0.137393 0)
(0.000322274 -0.103997 0)
(-0.000102799 -0.0450033 0)
(-7.86321e-06 -0.0403628 0)
(-0.00097486 -0.0926632 0)
(-0.00357052 -0.122154 0)
(-0.00743085 -0.134907 0)
(-0.0122144 -0.136849 0)
(-0.0173888 -0.132765 0)
(-0.0224942 -0.125904 0)
(-0.0271851 -0.118061 0)
(-0.0312596 -0.109976 0)
(-0.0346349 -0.101791 0)
(-0.0373109 -0.0933966 0)
(-0.0393359 -0.0846433 0)
(-0.0407803 -0.0754293 0)
(-0.0417212 -0.0657176 0)
(-0.0422336 -0.0555202 0)
(-0.042387 -0.0448738 0)
(-0.0422431 -0.0338185 0)
(-0.0418551 -0.0223824 0)
(-0.0412668 -0.0105731 0)
(-0.0405097 0.00162494 0)
(-0.0396048 0.0142502 0)
(-0.0385573 0.0273586 0)
(-0.0373537 0.0410112 0)
(-0.035962 0.0552577 0)
(-0.0343291 0.0701162 0)
(-0.0323816 0.0855467 0)
(-0.0300295 0.101422 0)
(-0.0271731 0.117498 0)
(-0.0237153 0.13339 0)
(-0.0195786 0.148564 0)
(-0.0147249 0.162349 0)
(-0.00917552 0.173985 0)
(-0.00302554 0.182691 0)
(0.00355294 0.187774 0)
(0.010323 0.188729 0)
(0.0170144 0.185338 0)
(0.0233553 0.177692 0)
(0.0291117 0.16617 0)
(0.0341133 0.151368 0)
(0.0382652 0.133996 0)
(0.0415422 0.114787 0)
(0.0439719 0.0944127 0)
(0.0456133 0.0734399 0)
(0.0465353 0.0523159 0)
(0.0468012 0.0313762 0)
(0.0464596 0.010864 0)
(0.0455398 -0.00904836 0)
(0.0440482 -0.028246 0)
(0.0419759 -0.0466668 0)
(0.0393042 -0.0642943 0)
(0.0360095 -0.0811525 0)
(0.0320806 -0.0972753 0)
(0.0275413 -0.112614 0)
(0.0224858 -0.126836 0)
(0.0171177 -0.138981 0)
(0.0117836 -0.146992 0)
(0.00695133 -0.147287 0)
(0.003161 -0.134644 0)
(0.000750181 -0.102638 0)
(-4.33425e-05 -0.0447832 0)
(-6.83548e-05 -0.0397839 0)
(-0.00138956 -0.0905981 0)
(-0.00460165 -0.118628 0)
(-0.00912442 -0.130252 0)
(-0.0145623 -0.131556 0)
(-0.0203408 -0.127337 0)
(-0.0259941 -0.120748 0)
(-0.031182 -0.113446 0)
(-0.0357105 -0.106042 0)
(-0.0395014 -0.0985759 0)
(-0.0425559 -0.0908762 0)
(-0.0449202 -0.0827589 0)
(-0.0466619 -0.074108 0)
(-0.0478551 -0.0648842 0)
(-0.0485733 -0.055103 0)
(-0.0488846 -0.0448075 0)
(-0.0488507 -0.0340455 0)
(-0.0485249 -0.0228542 0)
(-0.0479511 -0.0112516 0)
(-0.0471607 0.000766034 0)
(-0.0461742 0.0132227 0)
(-0.0449962 0.0261581 0)
(-0.0436117 0.0396145 0)
(-0.0419874 0.0536215 0)
(-0.0400693 0.0681767 0)
(-0.037784 0.0832223 0)
(-0.035043 0.0986184 0)
(-0.03175 0.114119 0)
(-0.0278137 0.12935 0)
(-0.0231638 0.14381 0)
(-0.0177705 0.156876 0)
(-0.0116624 0.167853 0)
(-0.00494006 0.176037 0)
(0.00222306 0.180801 0)
(0.00959045 0.181693 0)
(0.0168928 0.178509 0)
(0.023858 0.171326 0)
(0.0302467 0.160474 0)
(0.0358779 0.146481 0)
(0.0406408 0.129987 0)
(0.0444918 0.111664 0)
(0.0474405 0.0921397 0)
(0.0495305 0.0719595 0)
(0.05082 0.0515658 0)
(0.0513663 0.0313021 0)
(0.0512164 0.0114271 0)
(0.0504018 -0.00786864 0)
(0.0489335 -0.0264524 0)
(0.0468085 -0.0442476 0)
(0.0440138 -0.0612303 0)
(0.0405302 -0.0774276 0)
(0.0363477 -0.0928947 0)
(0.0314868 -0.107633 0)
(0.0260329 -0.121399 0)
(0.020178 -0.133357 0)
(0.0142623 -0.141594 0)
(0.00876233 -0.142629 0)
(0.00427195 -0.131221 0)
(0.00119736 -0.100743 0)
(2.10697e-05 -0.0443256 0)
(-0.000133926 -0.0389732 0)
(-0.00182076 -0.0880237 0)
(-0.00565476 -0.114466 0)
(-0.0108352 -0.124937 0)
(-0.0169187 -0.125636 0)
(-0.0232965 -0.121331 0)
(-0.0295024 -0.115062 0)
(-0.0352035 -0.108343 0)
(-0.0402127 -0.101656 0)
(-0.0444539 -0.0949449 0)
(-0.0479256 -0.0879771 0)
(-0.0506691 -0.0805365 0)
(-0.0527465 -0.0724935 0)
(-0.0542276 -0.0638052 0)
(-0.0551827 -0.0544896 0)
(-0.0556785 -0.0445953 0)
(-0.0557761 -0.0341772 0)
(-0.0555286 -0.0232812 0)
(-0.0549799 -0.0119358 0)
(-0.0541612 -0.000149374 0)
(-0.0530924 0.0120872 0)
(-0.0517774 0.0247972 0)
(-0.0502004 0.0380038 0)
(-0.0483274 0.051717 0)
(-0.0461044 0.065915 0)
(-0.0434593 0.0805228 0)
(-0.0403064 0.0953905 0)
(-0.0365548 0.110271 0)
(-0.0321201 0.124806 0)
(-0.026941 0.138522 0)
(-0.0209966 0.150849 0)
(-0.0143233 0.161153 0)
(-0.00702663 0.168803 0)
(0.000718513 0.173239 0)
(0.00867741 0.174055 0)
(0.0165825 0.171066 0)
(0.0241632 0.164335 0)
(0.0311762 0.154149 0)
(0.0374314 0.140973 0)
(0.0428036 0.125383 0)
(0.0472317 0.107989 0)
(0.0507074 0.0893764 0)
(0.0532582 0.070063 0)
(0.0549307 0.0504827 0)
(0.0557746 0.0309827 0)
(0.0558341 0.011833 0)
(0.0551416 -0.00676086 0)
(0.053712 -0.0246505 0)
(0.0515476 -0.041746 0)
(0.0486413 -0.0580149 0)
(0.0449791 -0.0734856 0)
(0.0405529 -0.088231 0)
(0.0353815 -0.102298 0)
(0.029543 -0.115527 0)
(0.0232183 -0.127208 0)
(0.0167394 -0.13558 0)
(0.0105875 -0.13729 0)
(0.00540448 -0.127122 0)
(0.0016607 -0.0983004 0)
(9.01949e-05 -0.0436196 0)
(-0.000203562 -0.0379223 0)
(-0.00226082 -0.0849349 0)
(-0.00671092 -0.109673 0)
(-0.0125328 -0.118976 0)
(-0.0192427 -0.119099 0)
(-0.0262062 -0.114751 0)
(-0.0329622 -0.10884 0)
(-0.039187 -0.102734 0)
(-0.0446992 -0.0967905 0)
(-0.0494219 -0.0908623 0)
(-0.0533476 -0.0846603 0)
(-0.0565091 -0.0779371 0)
(-0.0589604 -0.0705485 0)
(-0.0607651 -0.0624469 0)
(-0.0619892 -0.0536508 0)
(-0.0626971 -0.0442128 0)
(-0.0629487 -0.0341943 0)
(-0.0627968 -0.0236496 0)
(-0.0622849 -0.0126173 0)
(-0.0614442 -0.00111869 0)
(-0.0602938 0.0108408 0)
(-0.0588371 0.0232675 0)
(-0.0570578 0.0361661 0)
(-0.054922 0.0495273 0)
(-0.0523767 0.0633109 0)
(-0.0493524 0.0774269 0)
(-0.045768 0.0917167 0)
(-0.0415392 0.105935 0)
(-0.0365904 0.119739 0)
(-0.0308702 0.132688 0)
(-0.0243677 0.144259 0)
(-0.0171273 0.153883 0)
(-0.00925934 0.160992 0)
(-0.000940037 0.165093 0)
(0.00759869 0.165824 0)
(0.0160923 0.16302 0)
(0.0242727 0.15673 0)
(0.0318946 0.147204 0)
(0.0387606 0.134853 0)
(0.0447328 0.120188 0)
(0.0497337 0.103762 0)
(0.0537375 0.0861154 0)
(0.0567559 0.0677387 0)
(0.0588225 0.049052 0)
(0.0599786 0.0304015 0)
(0.060264 0.0120645 0)
(0.059711 -0.0057419 0)
(0.0583373 -0.0228561 0)
(0.0561496 -0.0391759 0)
(0.0531466 -0.0546607 0)
(0.0493192 -0.0693383 0)
(0.0446626 -0.0832963 0)
(0.0391948 -0.0966221 0)
(0.0329883 -0.109235 0)
(0.0262138 -0.120552 0)
(0.019194 -0.128968 0)
(0.0124112 -0.131283 0)
(0.0065487 -0.122351 0)
(0.00213637 -0.0953034 0)
(0.000163639 -0.0426561 0)
(-0.000275824 -0.0366273 0)
(-0.00270033 -0.0813369 0)
(-0.00774784 -0.104266 0)
(-0.014182 -0.112391 0)
(-0.0214868 -0.111968 0)
(-0.029011 -0.10761 0)
(-0.0363042 -0.102081 0)
(-0.0430541 -0.0966055 0)
(-0.0490841 -0.0914205 0)
(-0.0543137 -0.0862959 0)
(-0.0587257 -0.0808892 0)
(-0.0623414 -0.0749228 0)
(-0.0652038 -0.0682363 0)
(-0.0673679 -0.0607752 0)
(-0.0688938 -0.0525563 0)
(-0.0698425 -0.0436344 0)
(-0.0702721 -0.0340763 0)
(-0.0702346 -0.023944 0)
(-0.0697732 -0.0132866 0)
(-0.0689185 -0.00213771 0)
(-0.0676892 0.0094822 0)
(-0.0660883 0.0215627 0)
(-0.0640997 0.0340906 0)
(-0.0616902 0.047038 0)
(-0.0588089 0.0603477 0)
(-0.0553904 0.0739168 0)
(-0.0513595 0.08758 0)
(-0.0466402 0.101096 0)
(-0.0411671 0.114139 0)
(-0.0348999 0.126301 0)
(-0.0278381 0.137106 0)
(-0.0200349 0.146044 0)
(-0.0116051 0.152613 0)
(-0.00272581 0.156377 0)
(0.00637449 0.157018 0)
(0.0154353 0.154388 0)
(0.0241923 0.14853 0)
(0.0324001 0.139659 0)
(0.0398556 0.128134 0)
(0.0464103 0.114411 0)
(0.0519717 0.0989861 0)
(0.0564975 0.0823562 0)
(0.0599836 0.0649805 0)
(0.0624502 0.0472627 0)
(0.0639295 0.0295439 0)
(0.0644556 0.0121048 0)
(0.0640591 -0.00482947 0)
(0.0627594 -0.0210868 0)
(0.0605668 -0.0365543 0)
(0.0574848 -0.0511835 0)
(0.0535091 -0.0650008 0)
(0.0486385 -0.0781059 0)
(0.0428917 -0.0906227 0)
(0.0363372 -0.102545 0)
(0.0291366 -0.113412 0)
(0.0216026 -0.121783 0)
(0.0142153 -0.124631 0)
(0.00769312 -0.116918 0)
(0.00261973 -0.0917502 0)
(0.000240845 -0.0414282 0)
(-0.000348879 -0.0350902 0)
(-0.00312848 -0.0772463 0)
(-0.00874069 -0.0982766 0)
(-0.0157439 -0.10522 0)
(-0.0235977 -0.104277 0)
(-0.0316437 -0.099932 0)
(-0.0394475 -0.0947965 0)
(-0.0467109 -0.0899538 0)
(-0.0532619 -0.0855305 0)
(-0.059014 -0.0812202 0)
(-0.0639377 -0.0766319 0)
(-0.0680392 -0.0714581 0)
(-0.0713475 -0.0655209 0)
(-0.0739063 -0.0587556 0)
(-0.0757677 -0.0511748 0)
(-0.0769878 -0.0428331 0)
(-0.0776217 -0.0338008 0)
(-0.07772 -0.0241474 0)
(-0.077325 -0.0139317 0)
(-0.0764673 -0.00319991 0)
(-0.0751648 0.00801289 0)
(-0.0734207 0.0196797 0)
(-0.0712197 0.03177 0)
(-0.0685301 0.0442388 0)
(-0.0653045 0.0570135 0)
(-0.0614825 0.0699801 0)
(-0.0569967 0.0829692 0)
(-0.0517807 0.0957453 0)
(-0.0457805 0.108001 0)
(-0.0389678 0.119361 0)
(-0.0313533 0.129395 0)
(-0.0229989 0.137649 0)
(-0.014024 0.143681 0)
(-0.00460626 0.147109 0)
(0.00503006 0.147659 0)
(0.0146293 0.145198 0)
(0.0239323 0.139762 0)
(0.0326947 0.131539 0)
(0.0407103 0.120842 0)
(0.0478214 0.108072 0)
(0.0539226 0.0936757 0)
(0.0589563 0.0781054 0)
(0.062903 0.0617883 0)
(0.0657699 0.0451086 0)
(0.0675788 0.0283987 0)
(0.0683574 0.0119388 0)
(0.0681332 -0.00404122 0)
(0.0669258 -0.0193615 0)
(0.0647478 -0.0339002 0)
(0.0616064 -0.0476019 0)
(0.0575017 -0.0604913 0)
(0.0524367 -0.0726784 0)
(0.0464316 -0.08432 0)
(0.0395528 -0.09548 0)
(0.031954 -0.105815 0)
(0.0239379 -0.114054 0)
(0.0159791 -0.117357 0)
(0.00882443 -0.110841 0)
(0.00310526 -0.0876451 0)
(0.000321065 -0.0399319 0)
(-0.000420599 -0.0333192 0)
(-0.00353365 -0.0726919 0)
(-0.00966343 -0.091749 0)
(-0.0171773 -0.0975146 0)
(-0.0255184 -0.0960757 0)
(-0.0340303 -0.0917586 0)
(-0.0423006 -0.0870138 0)
(-0.0500483 -0.0827908 0)
(-0.057107 -0.0791172 0)
(-0.0633832 -0.0756198 0)
(-0.0688327 -0.0718635 0)
(-0.0734441 -0.0675121 0)
(-0.077229 -0.0623682 0)
(-0.0802167 -0.0563537 0)
(-0.0824486 -0.0494734 0)
(-0.0839733 -0.0417791 0)
(-0.0848414 -0.0333427 0)
(-0.0851009 -0.0242395 0)
(-0.0847928 -0.0145376 0)
(-0.0839474 -0.00429524 0)
(-0.0825822 0.00643811 0)
(-0.0807009 0.0176195 0)
(-0.07829 0.029202 0)
(-0.0753203 0.041125 0)
(-0.0717489 0.0533026 0)
(-0.067522 0.0656116 0)
(-0.0625811 0.0778808 0)
(-0.0568709 0.0898823 0)
(-0.0503498 0.101328 0)
(-0.0430022 0.111875 0)
(-0.0348506 0.121138 0)
(-0.0259654 0.128714 0)
(-0.0164705 0.134218 0)
(-0.00654368 0.137318 0)
(0.00359507 0.137778 0)
(0.0136964 0.135482 0)
(0.0235066 0.130462 0)
(0.0327847 0.122879 0)
(0.0413224 0.113007 0)
(0.0489554 0.101199 0)
(0.0555672 0.0878522 0)
(0.0610864 0.0733774 0)
(0.0654793 0.058169 0)
(0.0687399 0.0425892 0)
(0.0708794 0.0269588 0)
(0.0719181 0.0115541 0)
(0.0718792 -0.00339355 0)
(0.0707808 -0.017699 0)
(0.0686364 -0.0312338 0)
(0.0654559 -0.0439364 0)
(0.0612433 -0.0558304 0)
(0.0560057 -0.0670353 0)
(0.0497664 -0.0777381 0)
(0.0425912 -0.0880678 0)
(0.0346279 -0.0977952 0)
(0.0261682 -0.105817 0)
(0.0176787 -0.109498 0)
(0.00992721 -0.104145 0)
(0.00358639 -0.0829996 0)
(0.000403332 -0.0381663 0)
(-0.000488733 -0.0313295 0)
(-0.00390434 -0.0677151 0)
(-0.0104907 -0.0847431 0)
(-0.0184418 -0.0893438 0)
(-0.0271912 -0.0874324 0)
(-0.0360934 -0.0831491 0)
(-0.044764 -0.0787793 0)
(-0.052944 -0.0751475 0)
(-0.0604745 -0.0721958 0)
(-0.0672565 -0.0694943 0)
(-0.07323 -0.0665706 0)
(-0.0783636 -0.0630612 0)
(-0.082649 -0.0587474 0)
(-0.0860974 -0.053535 0)
(-0.0887358 -0.047417 0)
(-0.090602 -0.040439 0)
(-0.0917397 -0.0326719 0)
(-0.0921923 -0.0241947 0)
(-0.0919985 -0.0150837 0)
(-0.0911877 -0.00540807 0)
(-0.0897775 0.00476903 0)
(-0.0877728 0.0153895 0)
(-0.0851624 0.0263913 0)
(-0.0819209 0.0376998 0)
(-0.0780113 0.0492175 0)
(-0.0733877 0.0608148 0)
(-0.0680018 0.0723205 0)
(-0.0618104 0.0835162 0)
(-0.0547852 0.0941342 0)
(-0.046924 0.103862 0)
(-0.0382608 0.112358 0)
(-0.0288748 0.119268 0)
(-0.0188944 0.124256 0)
(-0.00849643 0.127039 0)
(0.00210308 0.127414 0)
(0.012662 0.125282 0)
(0.0229332 0.120671 0)
(0.0326798 0.113721 0)
(0.0416937 0.10467 0)
(0.0498058 0.093827 0)
(0.0568905 0.0815455 0)
(0.0628645 0.0681947 0)
(0.0676809 0.0541367 0)
(0.0713209 0.0397105 0)
(0.0737854 0.0252226 0)
(0.075086 0.0109424 0)
(0.0752405 -0.00289978 0)
(0.0742641 -0.0161164 0)
(0.0721699 -0.0285742 0)
(0.0689693 -0.0402077 0)
(0.0646699 -0.0510404 0)
(0.0592835 -0.061201 0)
(0.0528378 -0.0709051 0)
(0.0453998 -0.0803419 0)
(0.0371125 -0.0893909 0)
(0.0282563 -0.0971148 0)
(0.0192863 -0.101095 0)
(0.0109837 -0.0968635 0)
(0.00405549 -0.0778328 0)
(0.000486442 -0.0361345 0)
(-0.000551166 -0.0291423 0)
(-0.00423032 -0.0623688 0)
(-0.0111999 -0.0773328 0)
(-0.0195005 -0.0807918 0)
(-0.0285611 -0.078434 0)
(-0.0377557 -0.0741858 0)
(-0.0467343 -0.0701646 0)
(-0.0552658 -0.0670808 0)
(-0.0632038 -0.0648053 0)
(-0.0704461 -0.0628646 0)
(-0.0769187 -0.0607563 0)
(-0.0825697 -0.0580928 0)
(-0.087368 -0.0546338 0)
(-0.0913034 -0.0502661 0)
(-0.0943842 -0.0449678 0)
(-0.0966334 -0.038774 0)
(-0.0980835 -0.0317513 0)
(-0.0987705 -0.0239795 0)
(-0.0987289 -0.0155408 0)
(-0.0979863 -0.00651394 0)
(-0.09656 0.0030258 0)
(-0.0944568 0.0130063 0)
(-0.0916687 0.023352 0)
(-0.0881754 0.033976 0)
(-0.0839471 0.0447715 0)
(-0.0789471 0.0556043 0)
(-0.0731384 0.0663056 0)
(-0.0664911 0.0766676 0)
(-0.0589908 0.0864433 0)
(-0.0506487 0.0953515 0)
(-0.0415107 0.103088 0)
(-0.0316645 0.109346 0)
(-0.0212422 0.113837 0)
(-0.0104201 0.116317 0)
(0.00059036 0.116614 0)
(0.0115547 0.114647 0)
(0.0222327 0.110441 0)
(0.0323933 0.104116 0)
(0.0418298 0.0958795 0)
(0.0503701 0.0860014 0)
(0.0578816 0.0747941 0)
(0.0642708 0.0625883 0)
(0.069479 0.0497142 0)
(0.0734756 0.0364866 0)
(0.0762504 0.0231958 0)
(0.0778065 0.0101021 0)
(0.0781549 -0.00256776 0)
(0.0773068 -0.0146263 0)
(0.075274 -0.0259379 0)
(0.0720688 -0.0364353 0)
(0.0677026 -0.0461439 0)
(0.062193 -0.0552028 0)
(0.0555734 -0.0638541 0)
(0.0479137 -0.0723431 0)
(0.0393527 -0.0806507 0)
(0.0301582 -0.0880015 0)
(0.0207699 -0.0922016 0)
(0.0119738 -0.089043 0)
(0.00450386 -0.0721732 0)
(0.000568951 -0.0338443 0)
(-0.000606261 -0.0267846 0)
(-0.00450405 -0.0567155 0)
(-0.011774 -0.0696041 0)
(-0.0203234 -0.0719593 0)
(-0.0295802 -0.069188 0)
(-0.0389453 -0.0649766 0)
(-0.0481098 -0.0612712 0)
(-0.056878 -0.0586793 0)
(-0.0651231 -0.0570165 0)
(-0.0727457 -0.0557802 0)
(-0.0796614 -0.0544476 0)
(-0.0857991 -0.0526121 0)
(-0.0911044 -0.0500134 0)
(-0.0955424 -0.0465182 0)
(-0.0990984 -0.0420863 0)
(-0.101775 -0.0367388 0)
(-0.103589 -0.0305338 0)
(-0.104564 -0.0235483 0)
(-0.104727 -0.0158667 0)
(-0.104103 -0.00757493 0)
(-0.102706 0.00124212 0)
(-0.100546 0.0105 0)
(-0.097618 0.0201117 0)
(-0.0939091 0.0299801 0)
(-0.0893971 0.0399911 0)
(-0.0840563 0.0500082 0)
(-0.0778622 0.0598664 0)
(-0.0707987 0.0693701 0)
(-0.0628659 0.0782929 0)
(-0.0540887 0.0863829 0)
(-0.0445247 0.0933733 0)
(-0.0342694 0.0989976 0)
(-0.0234591 0.103009 0)
(-0.0122688 0.105202 0)
(-0.000905399 0.105434 0)
(0.0104045 0.103635 0)
(0.021428 0.0998289 0)
(0.0319408 0.0941217 0)
(0.0417385 0.0866917 0)
(0.0506481 0.0777746 0)
(0.0585316 0.0676451 0)
(0.0652869 0.0565983 0)
(0.070845 0.0449334 0)
(0.075164 0.0329408 0)
(0.0782233 0.0208935 0)
(0.0800168 0.00904077 0)
(0.0805481 -0.00239652 0)
(0.0798243 -0.0132335 0)
(0.0778555 -0.0233352 0)
(0.0746555 -0.0326354 0)
(0.0702406 -0.0411639 0)
(0.0646356 -0.0490714 0)
(0.0578815 -0.0566256 0)
(0.0500519 -0.0641222 0)
(0.0412813 -0.0716349 0)
(0.0318219 -0.0785438 0)
(0.0220926 -0.082885 0)
(0.0128749 -0.0807406 0)
(0.00492189 -0.0660594 0)
(0.000649227 -0.0313084 0)
(-0.00065327 -0.0242865 0)
(-0.00472209 -0.0508242 0)
(-0.012204 -0.061653 0)
(-0.020891 -0.0629617 0)
(-0.0302118 -0.0598237 0)
(-0.0396005 -0.0556578 0)
(-0.0487965 -0.0522347 0)
(-0.0576483 -0.0500694 0)
(-0.0660582 -0.0489393 0)
(-0.0739384 -0.0483277 0)
(-0.0812006 -0.047704 0)
(-0.0877591 -0.0466506 0)
(-0.0935371 -0.0448908 0)
(-0.0984737 -0.0422722 0)
(-0.102527 -0.0387348 0)
(-0.105674 -0.0342829 0)
(-0.10791 -0.0289615 0)
(-0.10924 -0.0228401 0)
(-0.10968 -0.0160014 0)
(-0.109243 -0.00853384 0)
(-0.107945 -0.000528762 0)
(-0.105793 0.00792023 0)
(-0.102787 0.0167171 0)
(-0.0989211 0.0257568 0)
(-0.0941823 0.0349205 0)
(-0.0885568 0.0440711 0)
(-0.0820336 0.0530495 0)
(-0.0746112 0.0616724 0)
(-0.0663048 0.069734 0)
(-0.057153 0.0770103 0)
(-0.0472248 0.0832683 0)
(-0.0366237 0.088279 0)
(-0.0254895 0.0918333 0)
(-0.0139963 0.0937584 0)
(-0.0023462 0.0939353 0)
(0.00924163 0.0923091 0)
(0.0205421 0.0889008 0)
(0.0313376 0.0838033 0)
(0.0414274 0.0771706 0)
(0.0506385 0.0692076 0)
(0.0588291 0.0601553 0)
(0.0658901 0.0502756 0)
(0.071743 0.0398383 0)
(0.0763358 0.0291098 0)
(0.0796379 0.0183447 0)
(0.0816342 0.00777985 0)
(0.0823218 -0.00237214 0)
(0.0817037 -0.0119319 0)
(0.0797901 -0.0207681 0)
(0.076598 -0.0288196 0)
(0.072151 -0.0361234 0)
(0.0664833 -0.0428435 0)
(0.0596451 -0.0492706 0)
(0.0517138 -0.0557443 0)
(0.0428168 -0.0624206 0)
(0.0331861 -0.0688256 0)
(0.0232127 -0.0732278 0)
(0.0136623 -0.0720283 0)
(0.00529938 -0.0595415 0)
(0.000725569 -0.0285453 0)
(-0.000692758 -0.0216788 0)
(-0.00488621 -0.0447661 0)
(-0.0124901 -0.0535816 0)
(-0.0211958 -0.0539272 0)
(-0.0304332 -0.0504908 0)
(-0.0396749 -0.0463944 0)
(-0.0487153 -0.043227 0)
(-0.0574574 -0.0414202 0)
(-0.0658437 -0.0407289 0)
(-0.0738092 -0.0406399 0)
(-0.0812719 -0.0406287 0)
(-0.0881384 -0.0402771 0)
(-0.0943139 -0.0393 0)
(-0.0997123 -0.037529 0)
(-0.104263 -0.0348858 0)
(-0.107912 -0.0313557 0)
(-0.110627 -0.0269673 0)
(-0.11239 -0.021778 0)
(-0.113193 -0.0158631 0)
(-0.113041 -0.00930835 0)
(-0.111938 -0.00220665 0)
(-0.109889 0.00534395 0)
(-0.106899 0.0132416 0)
(-0.102966 0.0213767 0)
(-0.0980865 0.0296282 0)
(-0.0922601 0.0378607 0)
(-0.0854897 0.045922 0)
(-0.0777892 0.0536421 0)
(-0.0691887 0.0608349 0)
(-0.0597411 0.0673024 0)
(-0.0495267 0.0728427 0)
(-0.038657 0.0772602 0)
(-0.0272754 0.0803787 0)
(-0.0155552 0.0820546 0)
(-0.00369433 0.08219 0)
(0.00809496 0.0807415 0)
(0.0195949 0.0777292 0)
(0.0305947 0.073234 0)
(0.0408975 0.067389 0)
(0.050331 0.060372 0)
(0.0587505 0.0523934 0)
(0.066041 0.0436849 0)
(0.0721159 0.0344887 0)
(0.0769141 0.0250473 0)
(0.0803957 0.0155967 0)
(0.0825386 0.00635928 0)
(0.0833347 -0.00246322 0)
(0.082786 -0.0107002 0)
(0.0809057 -0.0182286 0)
(0.0777179 -0.0249956 0)
(0.0732571 -0.0310489 0)
(0.0675697 -0.0365657 0)
(0.0607155 -0.0418565 0)
(0.0527736 -0.0472956 0)
(0.0438602 -0.0531079 0)
(0.0341789 -0.0589534 0)
(0.024083 -0.0633335 0)
(0.0143097 -0.062995 0)
(0.00562615 -0.052682 0)
(0.000796446 -0.0255791 0)
(-0.00072696 -0.0189892 0)
(-0.00500369 -0.0386103 0)
(-0.0126415 -0.045495 0)
(-0.021242 -0.044994 0)
(-0.0302354 -0.0413574 0)
(-0.0391378 -0.0373791 0)
(-0.0478058 -0.0344564 0)
(-0.0562067 -0.0329443 0)
(-0.064335 -0.0325906 0)
(-0.0721617 -0.0329022 0)
(-0.0796229 -0.0333774 0)
(-0.0866277 -0.0336109 0)
(-0.0930707 -0.0333189 0)
(-0.0988451 -0.0323248 0)
(-0.103852 -0.0305357 0)
(-0.108007 -0.0279187 0)
(-0.111242 -0.0244845 0)
(-0.113509 -0.020274 0)
(-0.114776 -0.0153496 0)
(-0.115023 -0.00978864 0)
(-0.114241 -0.0036789 0)
(-0.112427 0.00288314 0)
(-0.109584 0.00979465 0)
(-0.105714 0.0169455 0)
(-0.100821 0.0242161 0)
(-0.0949157 0.0314753 0)
(-0.0880159 0.0385792 0)
(-0.0801503 0.0453718 0)
(-0.0713647 0.0516858 0)
(-0.0617258 0.0573474 0)
(-0.0513258 0.0621825 0)
(-0.0402843 0.0660252 0)
(-0.0287489 0.0687281 0)
(-0.016893 0.0701726 0)
(-0.00491132 0.0702792 0)
(0.00698964 0.0690142 0)
(0.0185984 0.066397 0)
(0.0297101 0.062498 0)
(0.0401314 0.0574323 0)
(0.0496907 0.0513535 0)
(0.0582411 0.0444449 0)
(0.0656624 0.0369105 0)
(0.0718611 0.0289661 0)
(0.0767685 0.0208312 0)
(0.0803385 0.0127216 0)
(0.0825444 0.00484301 0)
(0.0833772 -0.00261718 0)
(0.0828427 -0.00950155 0)
(0.0809627 -0.0156994 0)
(0.0777739 -0.0211707 0)
(0.0733262 -0.0259754 0)
(0.0676804 -0.0303025 0)
(0.0609052 -0.0344756 0)
(0.053077 -0.0388914 0)
(0.0442924 -0.0438274 0)
(0.0347157 -0.0490628 0)
(0.02465 -0.0533305 0)
(0.014789 -0.0537493 0)
(0.00589256 -0.0455565 0)
(0.000860834 -0.0224396 0)
(-0.000759857 -0.0162391 0)
(-0.00508577 -0.0324204 0)
(-0.0126716 -0.0374988 0)
(-0.0210376 -0.0363086 0)
(-0.0296151 -0.0326076 0)
(-0.0379694 -0.0288279 0)
(-0.0460251 -0.0261629 0)
(-0.0538225 -0.0248949 0)
(-0.0614196 -0.0247775 0)
(-0.0688355 -0.0253553 0)
(-0.0760373 -0.0261659 0)
(-0.0829484 -0.0268324 0)
(-0.089463 -0.0270853 0)
(-0.0954614 -0.0267501 0)
(-0.100822 -0.0257261 0)
(-0.10543 -0.0239668 0)
(-0.109186 -0.0214653 0)
(-0.112004 -0.0182445 0)
(-0.11382 -0.0143495 0)
(-0.114586 -0.00984297 0)
(-0.11427 -0.00480113 0)
(-0.112853 0.000688542 0)
(-0.110328 0.00652867 0)
(-0.106696 0.0126141 0)
(-0.101965 0.0188311 0)
(-0.0961535 0.0250564 0)
(-0.0892907 0.0311568 0)
(-0.0814198 0.0369907 0)
(-0.0726009 0.0424097 0)
(-0.0629148 0.0472621 0)
(-0.0524652 0.051399 0)
(-0.0413808 0.0546803 0)
(-0.0298144 0.0569836 0)
(-0.0179408 0.0582118 0)
(-0.00595339 0.058301 0)
(0.00594511 0.0572256 0)
(0.0175476 0.0550042 0)
(0.0286536 0.0516979 0)
(0.039072 0.0474061 0)
(0.0486316 0.0422608 0)
(0.0571832 0.0364211 0)
(0.0646027 0.030065 0)
(0.0707917 0.0233831 0)
(0.0756772 0.0165708 0)
(0.0792104 0.00982211 0)
(0.0813658 0.0033224 0)
(0.0821403 -0.00275974 0)
(0.0815505 -0.00828494 0)
(0.0796343 -0.0131597 0)
(0.0764475 -0.0173594 0)
(0.0720595 -0.0209562 0)
(0.0665466 -0.024146 0)
(0.0599832 -0.027255 0)
(0.0524356 -0.030686 0)
(0.0439693 -0.0347491 0)
(0.0346952 -0.0393261 0)
(0.024851 -0.0433787 0)
(0.0150687 -0.0444236 0)
(0.00608948 -0.0382555 0)
(0.000918571 -0.019161 0)
(-0.000796539 -0.0134417 0)
(-0.00514248 -0.0262558 0)
(-0.0125862 -0.0297011 0)
(-0.0205783 -0.0280259 0)
(-0.0285566 -0.0244381 0)
(-0.0361424 -0.0209736 0)
(-0.0433339 -0.0186085 0)
(-0.05025 -0.0175542 0)
(-0.0570198 -0.0175814 0)
(-0.0637199 -0.0182881 0)
(-0.0703592 -0.019268 0)
(-0.0768868 -0.0201887 0)
(-0.0832077 -0.0208091 0)
(-0.0892002 -0.0209689 0)
(-0.0947291 -0.0205695 0)
(-0.0996578 -0.0195573 0)
(-0.103856 -0.0179125 0)
(-0.107208 -0.0156405 0)
(-0.109612 -0.012768 0)
(-0.110987 -0.00933872 0)
(-0.111271 -0.00541153 0)
(-0.110422 -0.00105813 0)
(-0.108412 0.00363778 0)
(-0.105233 0.00858245 0)
(-0.100889 0.0136738 0)
(-0.0954011 0.0188009 0)
(-0.0888039 0.023845 0)
(-0.0811506 0.0286808 0)
(-0.0725132 0.033179 0)
(-0.0629847 0.0372092 0)
(-0.05268 0.0406452 0)
(-0.0417368 0.0433702 0)
(-0.0303146 0.0452832 0)
(-0.0185914 0.0463054 0)
(-0.00676154 0.0463858 0)
(0.00497313 0.0455058 0)
(0.0164076 0.0436829 0)
(0.027343 0.0409697 0)
(0.0375895 0.0374512 0)
(0.0469752 0.0332401 0)
(0.0553496 0.0284725 0)
(0.0625866 0.0233015 0)
(0.0685865 0.0178918 0)
(0.0732769 0.0124131 0)
(0.0766133 0.00703373 0)
(0.0785794 0.00191432 0)
(0.079186 -0.00280081 0)
(0.0784699 -0.00699544 0)
(0.0764925 -0.010597 0)
(0.0733346 -0.013597 0)
(0.0690874 -0.0160762 0)
(0.0638414 -0.0182285 0)
(0.0576705 -0.0203676 0)
(0.0506209 -0.0228818 0)
(0.0427135 -0.026091 0)
(0.0339899 -0.0299603 0)
(0.0246047 -0.0336766 0)
(0.0151079 -0.03518 0)
(0.00620619 -0.030887 0)
(0.000970415 -0.0157815 0)
(-0.000840857 -0.0106031 0)
(-0.0051706 -0.0201785 0)
(-0.0123584 -0.0222212 0)
(-0.0198134 -0.0203134 0)
(-0.0269928 -0.0170554 0)
(-0.0335849 -0.0140553 0)
(-0.0396644 -0.0120607 0)
(-0.0454294 -0.0112134 0)
(-0.0510808 -0.0113112 0)
(-0.0567556 -0.0120191 0)
(-0.0625097 -0.0130023 0)
(-0.0683256 -0.0139873 0)
(-0.0741292 -0.0147753 0)
(-0.079808 -0.0152321 0)
(-0.0852262 -0.0152717 0)
(-0.090237 -0.0148426 0)
(-0.0946923 -0.0139182 0)
(-0.0984506 -0.0124915 0)
(-0.101382 -0.0105722 0)
(-0.103374 -0.00818467 0)
(-0.104332 -0.00536739 0)
(-0.104182 -0.00217146 0)
(-0.102873 0.00133981 0)
(-0.100374 0.00509155 0)
(-0.0966771 0.00899928 0)
(-0.0917935 0.0129706 0)
(-0.0857563 0.0169056 0)
(-0.0786208 0.0206988 0)
(-0.0704644 0.0242418 0)
(-0.0613877 0.0274261 0)
(-0.051514 0.0301474 0)
(-0.0409889 0.0323102 0)
(-0.029978 0.0338326 0)
(-0.0186644 0.0346519 0)
(-0.00724523 0.034728 0)
(0.0040762 0.034048 0)
(0.0150945 0.0326277 0)
(0.0256107 0.0305114 0)
(0.035435 0.0277703 0)
(0.0443959 0.0244982 0)
(0.0523435 0.0208082 0)
(0.059154 0.0168276 0)
(0.064732 0.0126929 0)
(0.0690138 0.00854423 0)
(0.0719676 0.00452002 0)
(0.0735953 0.000750338 0)
(0.0739308 -0.00265001 0)
(0.0730385 -0.00559208 0)
(0.0710089 -0.00802572 0)
(0.06795 -0.0099563 0)
(0.063974 -0.0114656 0)
(0.0591803 -0.0127324 0)
(0.0536347 -0.0140387 0)
(0.047352 -0.0157344 0)
(0.0402958 -0.0181236 0)
(0.0324239 -0.0212334 0)
(0.0237909 -0.0244701 0)
(0.0148405 -0.0262193 0)
(0.00622287 -0.0235832 0)
(0.00101683 -0.0123439 0)
(-0.000888521 -0.00773507 0)
(-0.00512775 -0.0142807 0)
(-0.0118821 -0.0152151 0)
(-0.0185852 -0.0133667 0)
(-0.0247388 -0.0106769 0)
(-0.0301137 -0.0083058 0)
(-0.0348598 -0.00676812 0)
(-0.0392458 -0.00614067 0)
(-0.0435338 -0.00625689 0)
(-0.0479132 -0.00686004 0)
(-0.0524828 -0.00769865 0)
(-0.0572589 -0.00856984 0)
(-0.0621936 -0.0093274 0)
(-0.0671935 -0.00987272 0)
(-0.0721349 -0.0101414 0)
(-0.0768769 -0.0100921 0)
(-0.0812698 -0.00969959 0)
(-0.0851635 -0.00895117 0)
(-0.0884132 -0.00784492 0)
(-0.0908847 -0.00638943 0)
(-0.0924588 -0.00460385 0)
(-0.0930344 -0.00251781 0)
(-0.0925313 -0.000171377 0)
(-0.0908929 0.00238473 0)
(-0.0880879 0.00508985 0)
(-0.0841095 0.00787554 0)
(-0.0789771 0.0106663 0)
(-0.0727368 0.0133814 0)
(-0.0654613 0.0159368 0)
(-0.0572497 0.0182482 0)
(-0.0482264 0.0202343 0)
(-0.0385393 0.0218209 0)
(-0.0283572 0.0229447 0)
(-0.0178655 0.0235574 0)
(-0.00726349 0.0236289 0)
(0.00324441 0.0231501 0)
(0.0134526 0.0221344 0)
(0.023163 0.0206174 0)
(0.0321883 0.0186556 0)
(0.0403608 0.0163229 0)
(0.0475372 0.0137075 0)
(0.0536027 0.0109078 0)
(0.0584752 0.00802838 0)
(0.062108 0.00517511 0)
(0.0644911 0.00245094 0)
(0.065652 -4.92686e-05 0)
(0.0656527 -0.00224422 0)
(0.0645878 -0.00407402 0)
(0.0625758 -0.00550921 0)
(0.0597476 -0.00656312 0)
(0.0562301 -0.00730803 0)
(0.0521239 -0.00789151 0)
(0.0474786 -0.00854263 0)
(0.0422701 -0.00954789 0)
(0.036398 -0.0111684 0)
(0.0297286 -0.0134705 0)
(0.0222047 -0.0160676 0)
(0.014138 -0.0178046 0)
(0.00608969 -0.0165229 0)
(0.0010524 -0.00890415 0)
(-0.000913387 -0.00490042 0)
(-0.00488341 -0.00874501 0)
(-0.0108863 -0.00893186 0)
(-0.0165221 -0.00744864 0)
(-0.0213786 -0.00554929 0)
(-0.0253255 -0.00394817 0)
(-0.0285764 -0.00293992 0)
(-0.0314452 -0.00254793 0)
(-0.0342279 -0.00265046 0)
(-0.0371416 -0.00307637 0)
(-0.0403105 -0.00366363 0)
(-0.0437752 -0.00428499 0)
(-0.0475121 -0.00485111 0)
(-0.051452 -0.00530296 0)
(-0.0554952 -0.00560201 0)
(-0.0595225 -0.0057225 0)
(-0.0634026 -0.00564678 0)
(-0.0669986 -0.00536313 0)
(-0.0701725 -0.00486512 0)
(-0.0727899 -0.00415185 0)
(-0.0747248 -0.00322852 0)
(-0.0758629 -0.00210706 0)
(-0.0761061 -0.00080648 0)
(-0.0753754 0.000646602 0)
(-0.0736156 0.00221767 0)
(-0.0707964 0.00386509 0)
(-0.0669149 0.0055415 0)
(-0.0619967 0.0071946 0)
(-0.0560968 0.00876876 0)
(-0.0492995 0.0102071 0)
(-0.041717 0.0114541 0)
(-0.0334876 0.0124585 0)
(-0.0247717 0.0131765 0)
(-0.015748 0.0135748 0)
(-0.00660859 0.0136331 0)
(0.00244905 0.0133464 0)
(0.0112281 0.0127246 0)
(0.01954 0.011792 0)
(0.0272087 0.0105881 0)
(0.0340805 0.00916374 0)
(0.0400284 0.00757903 0)
(0.0449572 0.00589995 0)
(0.048807 0.00419518 0)
(0.0515556 0.0025329 0)
(0.0532187 0.000977704 0)
(0.0538495 -0.00041244 0)
(0.0535344 -0.00158984 0)
(0.0523892 -0.00252133 0)
(0.0505485 -0.00319333 0)
(0.0481528 -0.00361958 0)
(0.0453306 -0.00385198 0)
(0.0421745 -0.00399235 0)
(0.0387129 -0.00419841 0)
(0.0348857 -0.00467074 0)
(0.0305364 -0.00560219 0)
(0.0254507 -0.00707132 0)
(0.0194626 -0.00887485 0)
(0.0127304 -0.0103082 0)
(0.00568116 -0.00998167 0)
(0.0010534 -0.0055708 0)
(-0.000834334 -0.00217545 0)
(-0.00412464 -0.0037874 0)
(-0.00879175 -0.00363037 0)
(-0.012866 -0.00278347 0)
(-0.0160874 -0.00183202 0)
(-0.018433 -0.00107909 0)
(-0.020143 -0.0006299 0)
(-0.0215207 -0.000473405 0)
(-0.0228387 -0.00054184 0)
(-0.0242947 -0.000752627 0)
(-0.0260036 -0.00103281 0)
(-0.0280095 -0.00132844 0)
(-0.0303043 -0.00160401 0)
(-0.0328443 -0.00183743 0)
(-0.0355621 -0.00201475 0)
(-0.0383752 -0.00212637 0)
(-0.0411905 -0.00216499 0)
(-0.0439079 -0.00212473 0)
(-0.0464231 -0.00200102 0)
(-0.0486302 -0.00179087 0)
(-0.0504249 -0.0014933 0)
(-0.0517076 -0.00110996 0)
(-0.0523867 -0.000645514 0)
(-0.0523823 -0.000107897 0)
(-0.0516297 0.000491289 0)
(-0.0500837 0.00113649 0)
(-0.0477208 0.00180861 0)
(-0.0445419 0.00248547 0)
(-0.0405743 0.00314234 0)
(-0.0358725 0.00375293 0)
(-0.0305178 0.00429066 0)
(-0.024617 0.00473034 0)
(-0.0182993 0.00504997 0)
(-0.0117118 0.0052326 0)
(-0.0050147 0.00526763 0)
(0.001626 0.00515248 0)
(0.00804429 0.00489217 0)
(0.0140832 0.00449913 0)
(0.0196006 0.0039932 0)
(0.0244765 0.00339949 0)
(0.0286168 0.00274665 0)
(0.031958 0.00206519 0)
(0.0344685 0.00138589 0)
(0.0361505 0.000738225 0)
(0.0370381 0.000149121 0)
(0.0371959 -0.000358131 0)
(0.0367143 -0.000765443 0)
(0.0357045 -0.00106075 0)
(0.0342894 -0.00123977 0)
(0.032593 -0.00130949 0)
(0.0307247 -0.00129351 0)
(0.0287577 -0.00123856 0)
(0.0267033 -0.00121928 0)
(0.024486 -0.00133499 0)
(0.0219316 -0.00168959 0)
(0.0187931 -0.00234527 0)
(0.0148346 -0.00324416 0)
(0.0100588 -0.00409291 0)
(0.00469596 -0.00424624 0)
(0.000942352 -0.00244546 0)
(-0.00043683 -0.000420372 0)
(-0.00215356 -0.000731312 0)
(-0.00445755 -0.00061804 0)
(-0.00623459 -0.000385108 0)
(-0.00743229 -0.000162444 0)
(-0.00810695 -4.27717e-06 0)
(-0.00843663 7.93061e-05 0)
(-0.00860748 9.95839e-05 0)
(-0.00877206 7.57918e-05 0)
(-0.00903309 2.69747e-05 0)
(-0.00944597 -3.2196e-05 0)
(-0.0100299 -9.23928e-05 0)
(-0.0107805 -0.000148593 0)
(-0.0116786 -0.00019838 0)
(-0.0126968 -0.000240524 0)
(-0.0138022 -0.000274149 0)
(-0.0149576 -0.000298375 0)
(-0.0161223 -0.000312209 0)
(-0.0172527 -0.000314555 0)
(-0.0183028 -0.000304291 0)
(-0.019225 -0.000280405 0)
(-0.0199713 -0.000242159 0)
(-0.0204948 -0.000189256 0)
(-0.0207517 -0.000121936 0)
(-0.0207028 -4.1195e-05 0)
(-0.0203159 5.11049e-05 0)
(-0.0195685 0.000152337 0)
(-0.0184489 0.000259074 0)
(-0.0169588 0.000367083 0)
(-0.0151142 0.000471432 0)
(-0.0129465 0.000566739 0)
(-0.0105022 0.000647542 0)
(-0.00784184 0.000708792 0)
(-0.00503771 0.000746347 0)
(-0.00217073 0.000757299 0)
(0.000674677 0.000740187 0)
(0.00341563 0.000695931 0)
(0.00597387 0.000628077 0)
(0.00827984 0.00054159 0)
(0.0102776 0.00044204 0)
(0.0119271 0.000335324 0)
(0.0132052 0.00022733 0)
(0.0141065 0.000123629 0)
(0.0146426 2.92365e-05 0)
(0.0148407 -5.15427e-05 0)
(0.0147421 -0.000115156 0)
(0.0143996 -0.000158966 0)
(0.013874 -0.000181332 0)
(0.0132313 -0.000181623 0)
(0.0125373 -0.00016085 0)
(0.0118506 -0.000122937 0)
(0.011211 -7.66189e-05 0)
(0.0106246 -3.73952e-05 0)
(0.0100453 -2.81218e-05 0)
(0.00936224 -7.62227e-05 0)
(0.00840374 -0.000205045 0)
(0.00697238 -0.000416555 0)
(0.00497343 -0.000660732 0)
(0.00241034 -0.000795761 0)
(0.000491708 -0.000467236 0)
)
;

boundaryField
{
    bottomwall
    {
        type            noSlip;
    }
    topwall
    {
        type            noSlip;
    }
    coldwall
    {
        type            noSlip;
    }
    radinlet
    {
        type            noSlip;
    }
    hotwall
    {
        type            noSlip;
    }
    frontAndback
    {
        type            empty;
    }
}


// ************************************************************************* //
