/*--------------------------------*- C++ -*----------------------------------*\
| =========                 |                                                 |
| \\      /  F ield         | OpenFOAM: The Open Source CFD Toolbox           |
|  \\    /   O peration     | Version:  2306                                  |
|   \\  /    A nd           | Website:  www.openfoam.com                      |
|    \\/     M anipulation  |                                                 |
\*---------------------------------------------------------------------------*/
FoamFile
{
    version     2.0;
    format      ascii;
    arch        "LSB;label=32;scalar=64";
    class       cellSet;
    location    "constant/polyMesh/sets";
    object      porousBlockage;
}
// * * * * * * * * * * * * * * * * * * * * * * * * * * * * * * * * * * * * * //


1024
(
18480
16432
14384
12336
18481
16433
14385
12337
18482
16434
14386
12338
18483
16435
14387
12339
18484
16436
14388
12340
18485
16437
14389
12341
18486
16438
14390
12342
18487
16439
14391
12343
18488
16440
14392
12344
18489
16441
14393
12345
18490
16442
14394
12346
18491
16443
14395
12347
18492
16444
14396
12348
18493
16445
14397
12349
18494
16446
14398
12350
18495
16447
14399
12351
18496
16448
14400
12352
18497
16449
14401
12353
18498
16450
14402
12354
18499
16451
14403
12355
18500
16452
14404
12356
18501
16453
14405
12357
18502
16454
14406
12358
18503
16455
14407
12359
18504
16456
14408
12360
18505
16457
14409
12361
18506
16458
14410
12362
18507
16459
14411
12363
18508
16460
14412
12364
18509
16461
14413
12365
18510
16462
14414
12366
18511
16463
14415
12367
18736
16688
14640
12592
18737
16689
14641
12593
18738
16690
14642
12594
18739
16691
14643
12595
18740
16692
14644
12596
18741
16693
14645
12597
18742
16694
14646
12598
18743
16695
14647
12599
18744
16696
14648
12600
18745
16697
14649
12601
18746
16698
14650
12602
18747
16699
14651
12603
18748
16700
14652
12604
18749
16701
14653
12605
18750
16702
14654
12606
18751
16703
14655
12607
18752
16704
14656
12608
18753
16705
14657
12609
18754
16706
14658
12610
18755
16707
14659
12611
18756
16708
14660
12612
18757
16709
14661
12613
18758
16710
14662
12614
18759
16711
14663
12615
18760
16712
14664
12616
18761
16713
14665
12617
18762
16714
14666
12618
18763
16715
14667
12619
18764
16716
14668
12620
18765
16717
14669
12621
18766
16718
14670
12622
18767
16719
14671
12623
18992
16944
14896
12848
18993
16945
14897
12849
18994
16946
14898
12850
18995
16947
14899
12851
18996
16948
14900
12852
18997
16949
14901
12853
18998
16950
14902
12854
18999
16951
14903
12855
19000
16952
14904
12856
19001
16953
14905
12857
19002
16954
14906
12858
19003
16955
14907
12859
19004
16956
14908
12860
19005
16957
14909
12861
19006
16958
14910
12862
19007
16959
14911
12863
19008
16960
14912
12864
19009
16961
14913
12865
19010
16962
14914
12866
19011
16963
14915
12867
19012
16964
14916
12868
19013
16965
14917
12869
19014
16966
14918
12870
19015
16967
14919
12871
19016
16968
14920
12872
19017
16969
14921
12873
19018
16970
14922
12874
19019
16971
14923
12875
19020
16972
14924
12876
19021
16973
14925
12877
19022
16974
14926
12878
19023
16975
14927
12879
19248
17200
15152
13104
19249
17201
15153
13105
19250
17202
15154
13106
19251
17203
15155
13107
19252
17204
15156
13108
19253
17205
15157
13109
19254
17206
15158
13110
19255
17207
15159
13111
19256
17208
15160
13112
19257
17209
15161
13113
19258
17210
15162
13114
19259
17211
15163
13115
19260
17212
15164
13116
19261
17213
15165
13117
19262
17214
15166
13118
19263
17215
15167
13119
19264
17216
15168
13120
19265
17217
15169
13121
19266
17218
15170
13122
19267
17219
15171
13123
19268
17220
15172
13124
19269
17221
15173
13125
19270
17222
15174
13126
19271
17223
15175
13127
19272
17224
15176
13128
19273
17225
15177
13129
19274
17226
15178
13130
19275
17227
15179
13131
19276
17228
15180
13132
19277
17229
15181
13133
19278
17230
15182
13134
19279
17231
15183
13135
19504
17456
15408
13360
19505
17457
15409
13361
19506
17458
15410
13362
19507
17459
15411
13363
19508
17460
15412
13364
19509
17461
15413
13365
19510
17462
15414
13366
19511
17463
15415
13367
19512
17464
15416
13368
19513
17465
15417
13369
19514
17466
15418
13370
19515
17467
15419
13371
19516
17468
15420
13372
19517
17469
15421
13373
19518
17470
15422
13374
19519
17471
15423
13375
19520
17472
15424
13376
19521
17473
15425
13377
19522
17474
15426
13378
19523
17475
15427
13379
19524
17476
15428
13380
19525
17477
15429
13381
19526
17478
15430
13382
19527
17479
15431
13383
19528
17480
15432
13384
19529
17481
15433
13385
19530
17482
15434
13386
19531
17483
15435
13387
19532
17484
15436
13388
19533
17485
15437
13389
19534
17486
15438
13390
19535
17487
15439
13391
19760
17712
15664
13616
19761
17713
15665
13617
19762
17714
15666
13618
19763
17715
15667
13619
19764
17716
15668
13620
19765
17717
15669
13621
19766
17718
15670
13622
19767
17719
15671
13623
19768
17720
15672
13624
19769
17721
15673
13625
19770
17722
15674
13626
19771
17723
15675
13627
19772
17724
15676
13628
19773
17725
15677
13629
19774
17726
15678
13630
19775
17727
15679
13631
19776
17728
15680
13632
19777
17729
15681
13633
19778
17730
15682
13634
19779
17731
15683
13635
19780
17732
15684
13636
19781
17733
15685
13637
19782
17734
15686
13638
19783
17735
15687
13639
19784
17736
15688
13640
19785
17737
15689
13641
19786
17738
15690
13642
19787
17739
15691
13643
19788
17740
15692
13644
19789
17741
15693
13645
19790
17742
15694
13646
19791
17743
15695
13647
20016
17968
15920
13872
20017
17969
15921
13873
20018
17970
15922
13874
20019
17971
15923
13875
20020
17972
15924
13876
20021
17973
15925
13877
20022
17974
15926
13878
20023
17975
15927
13879
20024
17976
15928
13880
20025
17977
15929
13881
20026
17978
15930
13882
20027
17979
15931
13883
20028
17980
15932
13884
20029
17981
15933
13885
20030
17982
15934
13886
20031
17983
15935
13887
20032
17984
15936
13888
20033
17985
15937
13889
20034
17986
15938
13890
20035
17987
15939
13891
20036
17988
15940
13892
20037
17989
15941
13893
20038
17990
15942
13894
20039
17991
15943
13895
20040
17992
15944
13896
20041
17993
15945
13897
20042
17994
15946
13898
20043
17995
15947
13899
20044
17996
15948
13900
20045
17997
15949
13901
20046
17998
15950
13902
20047
17999
15951
13903
20272
18224
16176
14128
20273
18225
16177
14129
20274
18226
16178
14130
20275
18227
16179
14131
20276
18228
16180
14132
20277
18229
16181
14133
20278
18230
16182
14134
20279
18231
16183
14135
20280
18232
16184
14136
20281
18233
16185
14137
20282
18234
16186
14138
20283
18235
16187
14139
20284
18236
16188
14140
20285
18237
16189
14141
20286
18238
16190
14142
20287
18239
16191
14143
20288
18240
16192
14144
20289
18241
16193
14145
20290
18242
16194
14146
20291
18243
16195
14147
20292
18244
16196
14148
20293
18245
16197
14149
20294
18246
16198
14150
20295
18247
16199
14151
20296
18248
16200
14152
20297
18249
16201
14153
20298
18250
16202
14154
20299
18251
16203
14155
20300
18252
16204
14156
20301
18253
16205
14157
20302
18254
16206
14158
20303
18255
16207
14159
)


// ************************************************************************* //
