/*--------------------------------*- C++ -*----------------------------------*\
| =========                 |                                                 |
| \\      /  F ield         | OpenFOAM: The Open Source CFD Toolbox           |
|  \\    /   O peration     | Version:  2312                                  |
|   \\  /    A nd           | Website:  www.openfoam.com                      |
|    \\/     M anipulation  |                                                 |
\*---------------------------------------------------------------------------*/
FoamFile
{
    version     2.0;
    format      ascii;
    arch        "LSB;label=32;scalar=64";
    class       volScalarField;
    location    "0.03";
    object      ILambda_1_0;
}
// * * * * * * * * * * * * * * * * * * * * * * * * * * * * * * * * * * * * * //

dimensions      [1 0 -3 0 0 0 0];

internalField   nonuniform List<scalar> 
900
(
16149.2
18557.2
18110
18043.3
18048.6
18049.5
18049.4
18049.4
18049.4
18049.4
18049.4
18049.4
18049.4
18049.4
18049.4
18049.4
18049.4
18049.4
18049.4
18049.4
18049.4
18049.4
18049.4
18049.4
18049.4
18049.4
18049.4
18049.4
18049.4
18049.4
12820.3
18939.3
18379.1
18052.8
18040.5
18049
18049.7
18049.6
18049.5
18049.5
18049.5
18049.5
18049.5
18049.5
18049.5
18049.5
18049.5
18049.5
18049.5
18049.5
18049.5
18049.5
18049.5
18049.5
18049.5
18049.5
18049.5
18049.5
18049.5
18049.5
10017.5
18682.8
18713.1
18115.9
18029.7
18045.6
18050.2
18050
18049.9
18049.9
18049.9
18049.9
18049.9
18049.9
18049.9
18049.9
18049.9
18049.9
18049.9
18049.9
18049.9
18049.9
18049.9
18049.9
18049.9
18049.9
18049.9
18049.9
18049.9
18049.9
7698.8
17916.9
19002
18244.6
18025.7
18036.8
18049.1
18049.9
18049.5
18049.4
18049.4
18049.4
18049.4
18049.4
18049.4
18049.4
18049.4
18049.4
18049.4
18049.4
18049.4
18049.4
18049.4
18049.4
18049.4
18049.4
18049.4
18049.4
18049.4
18049.4
5803.5
16783.1
19161.3
18431.3
18042.3
18023.8
18045.1
18049.1
18048.5
18048.3
18048.3
18048.3
18048.3
18048.3
18048.3
18048.3
18048.3
18048.3
18048.3
18048.3
18048.3
18048.3
18048.3
18048.3
18048.3
18048.3
18048.3
18048.3
18048.3
18048.3
4271.78
15406
19138
18654.3
18093.1
18012.2
18039.1
18048.9
18048.8
18048.3
18048.2
18048.2
18048.2
18048.2
18048.2
18048.2
18048.2
18048.2
18048.2
18048.2
18048.2
18048.2
18048.2
18048.2
18048.2
18048.2
18048.2
18048.2
18048.2
18048.2
3049.02
13888.6
18905.1
18880.7
18185.5
18009.5
18032.2
18049.7
18051.3
18050.5
18050.4
18050.4
18050.4
18050.4
18050.4
18050.4
18050.4
18050.4
18050.4
18050.4
18050.4
18050.4
18050.4
18050.4
18050.4
18050.4
18050.4
18050.4
18050.4
18050.4
2086.44
12312.3
18455.5
19072
18316.6
18020.6
18023.7
18049.6
18054.3
18053.4
18053
18053
18053.1
18053.1
18053.1
18053.1
18053.1
18053.1
18053.1
18053.1
18053.1
18053.1
18053.1
18053.1
18053.1
18053.1
18053.1
18053.1
18053.1
18053.1
1340.83
10740.9
17799.8
19192.1
18476.1
18048.3
18012.4
18045
18054.7
18054.1
18053.4
18053.4
18053.4
18053.4
18053.4
18053.4
18053.4
18053.4
18053.4
18053.4
18053.4
18053.4
18053.4
18053.4
18053.4
18053.4
18053.4
18053.4
18053.4
18053.4
774.236
9222.7
16961.8
19213.2
18650.8
18095.5
17999.3
18033.9
18050.6
18051.1
18049.9
18049.7
18049.8
18049.8
18049.8
18049.8
18049.8
18049.8
18049.8
18049.8
18049.8
18049.8
18049.8
18049.8
18049.8
18049.8
18049.8
18049.8
18049.8
18049.8
353.729
7792.29
15973.1
19117.3
18828.3
18166.6
17988.5
18017
18042.5
18045.3
18043.7
18043.2
18043.3
18043.3
18043.3
18043.3
18043.3
18043.3
18043.3
18043.3
18043.3
18043.3
18043.3
18043.3
18043.3
18043.3
18043.3
18043.3
18043.3
18043.3
51.0572
6472.76
14868.1
18894.5
18996
18267
17987.8
17997.9
18032.8
18040
18038.2
18037.2
18037.2
18037.3
18037.3
18037.3
18037.3
18037.3
18037.3
18037.3
18037.3
18037.3
18037.3
18037.3
18037.3
18037.3
18037.3
18037.3
18037.3
18037.3
-157.747
5277.99
13680.5
18539.7
19140
18400.6
18007.2
17982
18024.6
18038.7
18037.6
18035.9
18035.7
18035.8
18035.8
18035.8
18035.8
18035.8
18035.8
18035.8
18035.8
18035.8
18035.8
18035.8
18035.8
18035.8
18035.8
18035.8
18035.8
18035.8
-292.856
4214.83
12442.2
18051.2
19243.2
18566.9
18056
17975.9
18021
18044.2
18045.2
18042.9
18042.3
18042.3
18042.4
18042.4
18042.4
18042.4
18042.4
18042.4
18042.4
18042.4
18042.4
18042.4
18042.4
18042.4
18042.4
18042.4
18042.4
18042.4
-371.141
3284.84
11182.5
17430.4
19284.5
18758.2
18140.4
17985.5
18023.9
18057
18062
18059.6
18058.4
18058.4
18058.5
18058.5
18058.5
18058.5
18058.5
18058.5
18058.5
18058.5
18058.5
18058.5
18058.5
18058.5
18058.5
18058.5
18058.5
18058.5
-406.638
2485.54
9928.18
16682.1
19240.6
18958.1
18260.6
18014.2
18032.9
18074.9
18085.9
18084.1
18082.4
18082.1
18082.1
18082.2
18082.2
18082.2
18082.2
18082.2
18082.2
18082.2
18082.2
18082.2
18082.2
18082.2
18082.2
18082.2
18082.2
18082.2
-410.932
1811.27
8703.36
15815.3
19087.7
19142.5
18409
18061.5
18045.3
18092.3
18110.7
18110.8
18108.7
18108
18108
18108.1
18108.1
18108.1
18108.1
18108.1
18108.1
18108.1
18108.1
18108.1
18108.1
18108.1
18108.1
18108.1
18108.1
18108.1
-393.482
1253.94
7529.3
14843.9
18805.2
19281.4
18570.1
18122.1
18055.6
18101
18127.4
18130.5
18128.4
18127.4
18127.3
18127.3
18127.4
18127.4
18127.4
18127.4
18127.4
18127.4
18127.4
18127.4
18127.4
18127.4
18127.4
18127.4
18127.4
18127.4
-361.887
803.629
6423.97
13786.4
18377.9
19342.1
18721.1
18185.5
18055.6
18090.7
18123.9
18131.3
18129.8
18128.4
18128.2
18128.2
18128.2
18128.2
18128.2
18128.2
18128.2
18128.2
18128.2
18128.2
18128.2
18128.2
18128.2
18128.2
18128.2
18128.2
-322.127
449.133
5401.62
12665.4
17799
19293.8
18834.5
18236.4
18035
18049.7
18087.1
18099.6
18099.3
18097.8
18097.3
18097.3
18097.3
18097.3
18097.3
18097.3
18097.3
18097.3
18097.3
18097.3
18097.3
18097.3
18097.3
18097.3
18097.3
18097.3
-278.767
178.521
4472.57
11505.8
17070.4
19110.5
18881.1
18256.1
17981.5
17966.1
18003.7
18021.2
18023
18021.5
18020.8
18020.7
18020.7
18020.7
18020.7
18020.7
18020.7
18020.7
18020.7
18020.7
18020.7
18020.7
18020.7
18020.7
18020.7
18020.7
-235.163
-20.3414
3643.05
10333.8
16203
18774.2
18832.9
18224.1
17882.4
17828.9
17861.3
17883.1
17887.4
17886.4
17885.5
17885.3
17885.3
17885.4
17885.4
17885.4
17885.4
17885.4
17885.4
17885.4
17885.4
17885.4
17885.4
17885.4
17885.4
17885.4
-193.654
-159.33
2915.39
9174.85
15215.8
18276.4
18666.5
18120.4
17725.1
17628.1
17649.9
17674.3
17681.4
17681.2
17680.3
17680
17679.9
17680
17680
17680
17680
17680
17680
17680
17680
17680
17680
17680
17680
17680
-155.743
-249.666
2288.36
8052.03
14133.4
17618.6
18365.1
17926.9
17497.8
17356.1
17361.8
17386.6
17396.5
17397.4
17396.5
17396.1
17396.1
17396.1
17396.1
17396.1
17396.1
17396.1
17396.1
17396.1
17396.1
17396.1
17396.1
17396.1
17396.1
17396.1
-122.272
-301.613
1757.76
6985.3
12984.5
16812.1
17920
17630.2
17191.6
17007.9
16993.1
17015.6
17027.7
17029.9
17029.4
17028.9
17028.8
17028.8
17028.8
17028.8
17028.8
17028.8
17028.8
17028.8
17028.8
17028.8
17028.8
17028.8
17028.8
17028.8
-93.5684
-324.259
1316.9
5989.98
11798.2
15874.7
17329.7
17220.1
16798.6
16579.6
16541.6
16558.9
16572.4
16576.1
16575.9
16575.5
16575.3
16575.3
16575.3
16575.3
16575.3
16575.3
16575.3
16575.3
16575.3
16575.3
16575.3
16575.3
16575.3
16575.3
-69.6424
-325.538
958.127
5079.9
10609
14838.2
16610
16702
16323.8
16079.3
16017.2
16026.7
16040.5
16045.5
16045.9
16045.5
16045.3
16045.2
16045.2
16045.2
16045.2
16045.2
16045.2
16045.2
16045.2
16045.2
16045.2
16045.2
16045.2
16045.2
-49.9614
-311.272
668.826
4247.06
9414.37
13691.4
15731.9
16036.2
15726.5
15469.8
15385.1
15384.7
15397.5
15403.5
15404.5
15404.2
15404
15403.9
15403.9
15403.9
15403.9
15403.9
15403.9
15403.9
15403.9
15403.9
15403.9
15403.9
15403.9
15403.9
-35.4308
-291.017
457.594
3575.68
8395.56
12671.7
14934.7
15439.9
15208.1
14948.1
14842.9
14831.7
14842.5
14849.2
14850.9
14850.8
14850.6
14850.5
14850.5
14850.5
14850.5
14850.5
14850.5
14850.5
14850.5
14850.5
14850.5
14850.5
14850.5
14850.5
-18.4493
-246.047
217.339
2639.54
6771.11
10801
13232.2
14004.7
13926.3
13698.5
13577.5
13550.8
13556
13562.5
13564.8
13565.1
13564.9
13564.8
13564.8
13564.8
13564.8
13564.8
13564.8
13564.8
13564.8
13564.8
13564.8
13564.8
13564.8
13564.8
)
;

boundaryField
{
    fixedWall_Bottom
    {
        type            greyDiffusiveRadiation;
        refValue        uniform 18049.5;
        refGradient     uniform 0;
        valueFraction   uniform 1;
        source          uniform 0;
        value           uniform 18049.5;
    }
    fixedWall_Right
    {
        type            greyDiffusiveRadiation;
        refValue        uniform 0;
        refGradient     uniform 0;
        valueFraction   uniform 0;
        source          uniform 0;
        value           nonuniform List<scalar> 
30
(
18049.4
18049.5
18049.9
18049.4
18048.3
18048.2
18050.4
18053.1
18053.4
18049.8
18043.3
18037.3
18035.8
18042.4
18058.5
18082.2
18108.1
18127.4
18128.2
18097.3
18020.7
17885.4
17680
17396.1
17028.8
16575.3
16045.2
15403.9
14850.5
13564.8
)
;
    }
    fixedWall_Left
    {
        type            greyDiffusiveRadiation;
        refValue        uniform 0;
        refGradient     uniform 0;
        valueFraction   uniform 1;
        source          uniform 0;
        value           uniform 0;
    }
    fixedWall_Top
    {
        type            greyDiffusiveRadiation;
        refValue        uniform 0;
        refGradient     uniform 0;
        valueFraction   uniform 0;
        source          uniform 0;
        value           nonuniform List<scalar> 
30
(
-18.4493
-246.047
217.339
2639.54
6771.11
10801
13232.2
14004.7
13926.3
13698.5
13577.5
13550.8
13556
13562.5
13564.8
13565.1
13564.9
13564.8
13564.8
13564.8
13564.8
13564.8
13564.8
13564.8
13564.8
13564.8
13564.8
13564.8
13564.8
13564.8
)
;
    }
    frontAndBack
    {
        type            empty;
    }
}


// ************************************************************************* //
