/*--------------------------------*- C++ -*----------------------------------*\
| =========                 |                                                 |
| \\      /  F ield         | OpenFOAM: The Open Source CFD Toolbox           |
|  \\    /   O peration     | Version:  2312                                  |
|   \\  /    A nd           | Website:  www.openfoam.com                      |
|    \\/     M anipulation  |                                                 |
\*---------------------------------------------------------------------------*/
FoamFile
{
    version     2.0;
    format      ascii;
    arch        "LSB;label=32;scalar=64";
    class       volScalarField;
    location    "0.03";
    object      ILambda_58_0;
}
// * * * * * * * * * * * * * * * * * * * * * * * * * * * * * * * * * * * * * //

dimensions      [1 0 -3 0 0 0 0];

internalField   nonuniform List<scalar> 
900
(
18049.7
18049.7
18049.7
18049.7
18049.7
18049.7
18049.7
18049.7
18049.7
18049.7
18049.7
18049.7
18049.7
18049.7
18049.7
18049.7
18049.7
18049.7
18049.7
18049.6
18049.6
18050.5
18051.9
18048
18029.1
18022.7
18181.3
18655.8
18342.1
11655.3
18049.5
18049.5
18049.5
18049.5
18049.5
18049.5
18049.5
18049.5
18049.5
18049.5
18049.5
18049.5
18049.5
18049.5
18049.5
18049.6
18049.7
18049.5
18049.2
18049.4
18050.9
18051.3
18040.5
18013
18029.4
18275.7
18811.3
18557.7
14338.7
4096.86
18047.9
18047.9
18047.9
18047.9
18047.9
18047.9
18047.9
18047.9
18047.9
18047.9
18047.9
18047.9
18047.9
18048
18048.1
18048
18047.6
18047.1
18047.4
18049.5
18049.7
18036.3
18006
18023.7
18266.1
18792.9
18796.9
16035.2
8764.88
670.16
18048.4
18048.4
18048.4
18048.4
18048.4
18048.4
18048.4
18048.4
18048.4
18048.4
18048.4
18048.4
18048.5
18048.5
18048.2
18047.6
18047.1
18047.9
18051
18052.1
18038.5
18005.7
18013.2
18223.8
18725.6
18957.1
17221.9
11792.5
4095.72
-443.3
18053.5
18053.5
18053.5
18053.5
18053.5
18053.5
18053.5
18053.5
18053.5
18053.5
18053.6
18053.6
18053.4
18053
18052.3
18052.1
18053.7
18058.1
18060.5
18047.2
18011.6
18003.4
18170.3
18630
19022.2
18051.2
14063.5
7252.9
1171.2
-542.342
18057.3
18057.3
18057.3
18057.3
18057.3
18057.3
18057.3
18057.3
18057.4
18057.4
18057.3
18057.1
18056.7
18056.1
18056.4
18059
18064.4
18067.3
18053.9
18015
17990.3
18110.9
18515.4
19001.4
18594.3
15782.3
10050.8
3532.48
-204.224
-336.221
18050.6
18050.6
18050.6
18050.6
18050.6
18050.6
18050.6
18050.6
18050.6
18050.5
18050.3
18049.9
18049.6
18050.4
18053.7
18059.4
18062
18047.8
18006.1
17967.2
18045.7
18389.7
18914.8
18909.9
17051.1
12434.9
6122.27
1088.76
-586.607
-129.873
18033.5
18033.5
18033.5
18033.5
18033.5
18033.5
18033.5
18033.5
18033.4
18033.2
18032.9
18032.9
18034.1
18037.6
18042.9
18044.4
18029.1
17986
17938.1
17982.9
18267.6
18791.1
19056.8
17951.2
14395.7
8667.67
2975.98
-162.545
-496.927
-8.60277
18019.9
18019.9
18019.9
18019.9
18019.9
18019.9
18019.8
18019.7
18019.6
18019.5
18019.7
18021.1
18024.3
18028.6
18028.5
18012.6
17970.5
17919.3
17940.2
18171.2
18664.4
19094.1
18560.4
15955.2
11014.3
5180.9
894.991
-574.263
-277.381
36.0045
18027.9
18027.9
18027.9
18027.9
18027.9
18027.8
18027.8
18027.7
18027.7
18028.1
18029.4
18032.1
18035.1
18033.6
18017.8
17978.9
17929.7
17935.9
18120.4
18564.6
19073.2
18949.7
17153.3
13078.7
7490.4
2459.38
-196.779
-533.437
-93.1412
37.0116
18066.9
18066.9
18066.9
18066.9
18066.9
18066.8
18066.8
18066.9
18067.3
18068.5
18070.5
18072.3
18069.7
18055
18020.9
17977.4
17976.4
18122.1
18506.6
19029.1
19175.5
18032.8
14818.1
9744.4
4372.11
676.804
-572.809
-332.98
10.0744
22.5089
18129.3
18129.3
18129.3
18129.3
18129.3
18129.3
18129.4
18129.8
18130.7
18132.1
18132.9
18129.8
18116.8
18088.5
18052.5
18049.2
18163.3
18484.9
18976.1
19276.3
18631.2
16209.5
11818.7
6471.42
2004.99
-257.431
-544.42
-138.76
45.3066
8.15479
18189.9
18189.9
18189.9
18189.9
18189.9
18190
18190.3
18191
18191.9
18192
18188.8
18177.8
18155.4
18127.4
18124.5
18213.4
18474.3
18907.1
19272.2
18979.3
17242.4
13612.3
8595.84
3692.8
481.234
-579.334
-359.633
-13.1517
42.1269
-0.606496
18210.7
18210.7
18210.7
18210.7
18210.8
18211.1
18211.5
18212
18211.7
18208.7
18199.9
18182.9
18162.2
18160.9
18229.8
18435.8
18798.5
19167
19101.6
17918.9
15047
10586
5599.99
1643.47
-309.234
-550.513
-168.412
42.7214
25.4461
-3.94819
18148.8
18148.8
18148.8
18148.9
18149.1
18149.4
18149.6
18149.1
18146.5
18139.8
18127.3
18112.8
18113.2
18166.3
18325.2
18617
18952
19016.4
18254.1
16074.9
12298.4
7551.08
3154.09
347.783
-579.18
-380.292
-34.2819
51.9882
9.45704
-3.96035
17964.4
17964.5
17964.5
17964.6
17964.8
17964.8
17964.3
17962.3
17957.2
17948.5
17938.8
17940.5
17981.1
18101.2
18328.1
18611.8
18736.8
18273.6
16682.1
13625.3
9361.38
4866.26
1395.8
-319.928
-550.759
-198.211
34.6217
39.3522
-0.703699
-2.64046
17627.5
17627.5
17627.6
17627.7
17627.6
17627.1
17625.6
17622
17616
17609.8
17612.3
17643.1
17732.2
17903.7
18131.8
18272.8
18009.4
16886.1
14508.9
10871.8
6590.23
2746.76
297.318
-550.594
-398.407
-62.6367
55.2617
21.7889
-5.08382
-1.22198
17121.3
17121.3
17121.3
17121.3
17120.9
17119.7
17117.2
17113.3
17109.6
17112.4
17135.5
17200.5
17326.9
17502.8
17635
17496.9
16726.8
14941.4
11976.2
8138.21
4239.91
1251.66
-272.168
-530.463
-230.812
15.1172
49.3816
7.6254
-5.65033
-0.217452
16444
16444
16443.9
16443.6
16442.7
16441.1
16438.5
16436.5
16439.2
16456.3
16503
16594.2
16725.4
16837.4
16772.7
16257.3
14955.5
12630.6
9364.89
5687.43
2432.92
320.237
-479.124
-402.319
-99.1917
46.692
33.8636
-0.883455
-4.42275
0.306631
15607.4
15607.3
15607.1
15606.5
15605.4
15603.9
15602.8
15605.3
15617.8
15650.8
15715.4
15810.5
15899.2
15874.4
15535.9
14609.9
12846.6
10188.7
6923.46
3678.55
1172.85
-172.928
-476.476
-255.543
-16.283
49.8649
18.4687
-4.55763
-2.77203
0.474318
14634.6
14634.4
14634
14633.3
14632.4
14632
14634.1
14643.1
14666.1
14711
14778.3
14845.1
14840
14620.8
13975.2
12675.1
10592
7836.58
4823.59
2164.06
383.37
-368.352
-379.115
-134.081
24.9873
39.8569
7.18433
-5.15626
-1.38122
0.442459
13556.2
13555.9
13555.5
13555
13554.9
13556.6
13563
13578.8
13609.5
13656.2
13704.5
13707.7
13567
13124.2
12188
10607
8379.31
5740.65
3148.1
1113.64
-48.4346
-389.069
-259.485
-51.207
38.1893
26.5683
0.525046
-4.27168
-0.455963
0.332009
12406.9
12406.6
12406.3
12406.4
12407.7
12412.2
12422.9
12443.6
12475.3
12509.2
12514.8
12424.8
12125.1
11464.2
10296.5
8559.63
6358.5
3996.95
1902.67
447.997
-237.868
-326.166
-154.793
-3.66469
36.0718
15.0053
-2.52806
-2.96292
0.0456453
0.214026
11222
11221.9
11222
11223
11226.1
11233.3
11247
11268.1
11291.3
11296.7
11239.1
11038.2
10579.4
9736.71
8423.68
6661.01
4625.67
2634.76
1040.01
70.1229
-282.181
-237.692
-78.2716
18.1057
27.7651
6.83538
-3.32446
-1.77781
0.250827
0.119754
10035
10035.1
10035.8
10037.9
10042.7
10051.7
10065.6
10080.9
10085.2
10048.3
9914.71
9600.65
9004.43
8037.6
6674.03
4998.57
3222.04
1632.51
485.766
-112.392
-252.683
-154.815
-29.677
24.0552
18.597
1.93176
-2.98283
-0.91152
0.285596
0.0562105
8874.91
8875.49
8876.89
8880.02
8885.85
8894.78
8904.77
8907.7
8883.89
8795.67
8583.28
8168.63
7472.72
6448.62
5121.68
3616.33
2143.73
937.705
159.579
-175.252
-195.412
-90.2464
-2.98008
21.9511
11.0104
-0.528704
-2.23771
-0.367536
0.242245
0.0189945
7767.58
7768.64
7770.65
7774.38
7780.06
7786.41
7788.25
7772.76
7714.74
7572.54
7288.35
6797.11
6047.15
5030.03
3808.01
2520.99
1356.56
485.223
-11.1093
-173.656
-136.194
-45.9371
8.99997
16.8439
5.67334
-1.44688
-1.48437
-0.0723213
0.176274
0.000305246
6719.79
6721.26
6723.58
6727.12
6731.03
6732.05
6721.89
6683.92
6589.7
6397.74
6057.44
5521.1
4764.31
3809.15
2738.57
1688.13
808.552
209.902
-84.4299
-143.561
-86.675
-18.6718
12.3695
11.4852
2.36131
-1.53796
-0.88438
0.0604651
0.114959
-0.00712842
5822.65
5824.39
5826.67
5829.25
5830.05
5823.75
5799.4
5737.72
5609.3
5375.86
4996.81
4442.35
3711.19
2846.04
1936.89
1103.39
457.322
59.829
-102.845
-107.589
-51.3476
-4.14971
11.5156
7.20636
0.598869
-1.27932
-0.480163
0.0994739
0.0691437
-0.00851305
4597.84
4599.09
4599.93
4599
4592.61
4573.42
4528.65
4438.75
4277.69
4016.45
3630.73
3112.41
2481.23
1790.66
1121.35
560.016
169.65
-34.7497
-90.0445
-63.9005
-20.6355
4.55213
8.37088
3.25705
-0.470621
-0.847751
-0.158393
0.0975965
0.030001
-0.00744116
)
;

boundaryField
{
    fixedWall_Bottom
    {
        type            greyDiffusiveRadiation;
        refValue        uniform 18049.5;
        refGradient     uniform 0;
        valueFraction   uniform 1;
        source          uniform 0;
        value           uniform 18049.5;
    }
    fixedWall_Right
    {
        type            greyDiffusiveRadiation;
        refValue        uniform 0;
        refGradient     uniform 0;
        valueFraction   uniform 1;
        source          uniform 0;
        value           uniform 0;
    }
    fixedWall_Left
    {
        type            greyDiffusiveRadiation;
        refValue        uniform 0;
        refGradient     uniform 0;
        valueFraction   uniform 0;
        source          uniform 0;
        value           nonuniform List<scalar> 
30
(
18049.7
18049.5
18047.9
18048.4
18053.5
18057.3
18050.6
18033.5
18019.9
18027.9
18066.9
18129.3
18189.9
18210.7
18148.8
17964.4
17627.5
17121.3
16444
15607.4
14634.6
13556.2
12406.9
11222
10035
8874.91
7767.58
6719.79
5822.65
4597.84
)
;
    }
    fixedWall_Top
    {
        type            greyDiffusiveRadiation;
        refValue        uniform 0;
        refGradient     uniform 0;
        valueFraction   uniform 0;
        source          uniform 0;
        value           nonuniform List<scalar> 
30
(
4597.84
4599.09
4599.93
4599
4592.61
4573.42
4528.65
4438.75
4277.69
4016.45
3630.73
3112.41
2481.23
1790.66
1121.35
560.016
169.65
-34.7497
-90.0445
-63.9005
-20.6355
4.55213
8.37088
3.25705
-0.470621
-0.847751
-0.158393
0.0975965
0.030001
-0.00744116
)
;
    }
    frontAndBack
    {
        type            empty;
    }
}


// ************************************************************************* //
