/*--------------------------------*- C++ -*----------------------------------*\
| =========                 |                                                 |
| \\      /  F ield         | OpenFOAM: The Open Source CFD Toolbox           |
|  \\    /   O peration     | Version:  2312                                  |
|   \\  /    A nd           | Website:  www.openfoam.com                      |
|    \\/     M anipulation  |                                                 |
\*---------------------------------------------------------------------------*/
FoamFile
{
    version     2.0;
    format      ascii;
    arch        "LSB;label=32;scalar=64";
    class       volScalarField;
    location    "0.03";
    object      ILambda_5_0;
}
// * * * * * * * * * * * * * * * * * * * * * * * * * * * * * * * * * * * * * //

dimensions      [1 0 -3 0 0 0 0];

internalField   nonuniform List<scalar> 
900
(
11655.3
18342.1
18655.8
18181.3
18022.7
18029.1
18048
18051.9
18050.5
18049.6
18049.6
18049.7
18049.7
18049.7
18049.7
18049.7
18049.7
18049.7
18049.7
18049.7
18049.7
18049.7
18049.7
18049.7
18049.7
18049.7
18049.7
18049.7
18049.7
18049.7
4096.86
14338.7
18557.7
18811.3
18275.7
18029.4
18013
18040.5
18051.3
18050.9
18049.4
18049.2
18049.5
18049.7
18049.6
18049.5
18049.5
18049.5
18049.5
18049.5
18049.5
18049.5
18049.5
18049.5
18049.5
18049.5
18049.5
18049.5
18049.5
18049.5
670.16
8764.88
16035.2
18796.9
18792.9
18266.1
18023.7
18006
18036.3
18049.7
18049.5
18047.5
18047.1
18047.6
18048
18048.1
18048
18048
18047.9
18047.9
18047.9
18047.9
18047.9
18047.9
18047.9
18047.9
18047.9
18047.9
18047.9
18047.9
-443.3
4095.72
11792.5
17221.9
18957.1
18725.6
18223.8
18013.2
18005.7
18038.4
18052.1
18051
18047.9
18047
18047.6
18048.2
18048.5
18048.5
18048.4
18048.4
18048.4
18048.4
18048.4
18048.4
18048.4
18048.4
18048.4
18048.4
18048.4
18048.4
-542.342
1171.2
7252.9
14063.5
18051.2
19022.2
18629.9
18170.3
18003.4
18011.5
18047.1
18060.4
18058.1
18053.7
18052
18052.3
18053
18053.4
18053.5
18053.5
18053.5
18053.5
18053.4
18053.4
18053.4
18053.4
18053.4
18053.4
18053.4
18053.4
-336.221
-204.224
3532.48
10050.8
15782.3
18594.3
19001.4
18515.4
18110.9
17990.3
18015.1
18054
18067.4
18064.4
18059
18056.4
18056.1
18056.7
18057.1
18057.4
18057.4
18057.4
18057.4
18057.4
18057.3
18057.3
18057.3
18057.3
18057.3
18057.3
-129.873
-586.605
1088.77
6122.26
12434.9
17051.1
18909.9
18914.8
18389.8
18045.8
17967.3
18006.2
18047.9
18062.1
18059.5
18053.8
18050.5
18049.7
18050
18050.4
18050.6
18050.7
18050.7
18050.7
18050.7
18050.7
18050.7
18050.7
18050.7
18050.7
-8.60293
-496.925
-162.547
2975.97
8667.67
14395.7
17951.2
19056.8
18791.1
18267.7
17982.9
17938.1
17986.1
18029.1
18044.4
18042.9
18037.6
18034.2
18033
18032.9
18033.2
18033.4
18033.5
18033.5
18033.5
18033.5
18033.5
18033.5
18033.5
18033.5
36.0046
-277.38
-574.267
894.985
5180.91
11014.3
15955.2
18560.4
19094
18664.3
18171
17940
17919.2
17970.4
18012.5
18028.4
18028.4
18024.2
18021
18019.6
18019.3
18019.4
18019.6
18019.7
18019.7
18019.7
18019.7
18019.7
18019.7
18019.7
37.012
-93.1405
-533.443
-196.779
2459.4
7490.42
13078.7
17153.2
18949.6
19073
18564.5
18120.3
17935.8
17929.5
17978.7
18017.6
18033.4
18034.9
18031.9
18029.2
18027.9
18027.5
18027.5
18027.6
18027.6
18027.7
18027.7
18027.7
18027.7
18027.7
22.5097
10.074
-332.987
-572.802
676.832
4372.11
9744.34
14818
18032.8
19175.5
19029.1
18506.6
18122
17976.3
17977.3
18020.9
18054.9
18069.7
18072.3
18070.5
18068.4
18067.3
18066.8
18066.7
18066.8
18066.8
18066.8
18066.9
18066.9
18066.9
8.15612
45.3052
-138.769
-544.407
-257.402
2004.97
6471.34
11818.7
16209.5
18631.3
19276.4
18976.3
18485.1
18163.5
18049.4
18052.7
18088.7
18117
18130
18133.1
18132.3
18130.9
18130
18129.6
18129.5
18129.5
18129.5
18129.5
18129.5
18129.5
-0.604765
42.1249
-13.1625
-359.614
-579.301
481.191
3692.7
8595.82
13612.4
17242.6
18979.6
19272.5
18907.4
18474.6
18213.8
18124.9
18127.8
18155.8
18178.2
18189.2
18192.4
18192.2
18191.4
18190.7
18190.4
18190.2
18190.2
18190.2
18190.2
18190.2
-3.94624
25.4442
42.7085
-168.389
-550.477
-309.29
1643.35
5599.99
10586.2
15047.3
17919.2
19101.8
19167.2
18798.8
18436.1
18230.1
18161.2
18162.5
18183.2
18200.2
18209
18212
18212.3
18211.8
18211.3
18211.1
18211
18210.9
18210.9
18210.9
-3.95843
9.45591
51.9733
-34.2581
-380.251
-579.24
347.651
3154.1
7551.31
12298.7
16075.1
18254.1
19016.4
18952
18617
18325.3
18166.3
18113.2
18112.9
18127.3
18139.8
18146.6
18149.1
18149.6
18149.4
18149.1
18148.9
18148.8
18148.8
18148.8
-2.63879
-0.703651
39.336
34.6438
-198.167
-550.818
-320.063
1395.8
4866.5
9361.66
13625.4
16682
18273.3
18736.5
18611.6
18327.8
18101
17980.9
17940.2
17938.6
17948.2
17957
17962
17964.1
17964.6
17964.6
17964.4
17964.3
17964.2
17964.2
-1.22072
-5.08254
21.7725
55.28
-62.5916
-398.458
-550.726
297.325
2747
6590.48
10871.8
14508.6
16885.7
18009
18272.4
18131.4
17903.3
17731.8
17642.7
17611.9
17609.4
17615.6
17621.6
17625.2
17626.8
17627.2
17627.3
17627.2
17627.1
17627.1
-0.216635
-5.64809
7.61003
49.3953
15.161
-230.853
-530.586
-272.166
1251.89
4240.15
8138.17
11975.8
14940.9
16726.3
17496.5
17634.7
17502.4
17326.5
17200.1
17135
17111.9
17109.2
17112.9
17116.8
17119.3
17120.5
17120.9
17120.9
17120.9
17120.9
0.307044
-4.41998
-0.896888
33.8725
46.7325
-99.2214
-402.43
-479.129
320.445
2433.14
5687.37
9364.51
12630.1
14955.1
16257
16772.5
16837.2
16725.2
16593.9
16502.7
16456
16438.9
16436.2
16438.3
16440.8
16442.4
16443.3
16443.6
16443.7
16443.7
0.474422
-2.76917
-4.56858
18.4735
49.9005
-16.3024
-255.64
-476.488
-172.745
1173.05
3678.5
6923.09
10188.2
12846.3
14609.7
15535.9
15874.4
15899.1
15810.4
15715.3
15650.7
15617.7
15605.2
15602.7
15603.8
15605.3
15606.4
15607
15607.2
15607.3
0.442361
-1.37861
-5.16458
7.18581
39.8868
24.9765
-134.163
-379.134
-368.197
383.554
2164.01
4823.25
7836.15
10591.8
12675.1
13975.4
14621
14840.2
14845.3
14778.4
14711.1
14666.2
14643.2
14634.2
14632.1
14632.5
14633.4
14634.1
14634.5
14634.7
0.331807
-0.453786
-4.27757
0.524294
26.5925
38.1852
-51.274
-259.508
-388.943
-48.2696
1113.61
3147.79
5740.26
8379.11
10607.1
12188.3
13124.6
13567.4
13708.1
13704.8
13656.4
13609.8
13579.1
13563.2
13556.8
13555.1
13555.3
13555.8
13556.2
13556.5
0.21379
0.0473213
-2.96678
-2.53014
15.024
36.0724
-3.7177
-154.819
-326.067
-237.724
447.978
1902.41
3996.61
6358.35
8559.79
10296.9
11464.7
12125.7
12425.4
12515.4
12509.7
12475.7
12444.1
12423.3
12412.6
12408.1
12406.8
12406.7
12407
12407.3
0.119529
0.252031
-1.7801
-3.32714
6.8493
27.7686
18.0652
-78.2982
-237.618
-282.058
70.1178
1039.8
2634.47
4625.54
6661.18
8424.14
9737.35
10580.2
11039
11239.8
11297.4
11291.9
11268.8
11247.6
11233.8
11226.6
11223.5
11222.5
11222.4
11222.6
0.0560203
0.286407
-0.912714
-2.9856
1.94172
18.6019
24.0253
-29.7023
-154.761
-252.58
-112.386
485.592
1632.26
3221.92
4998.74
6674.48
8038.25
9005.2
9601.5
9915.6
10049.2
10086.1
10081.8
10066.4
10052.5
10043.5
10038.7
10036.5
10035.8
10035.7
0.0188461
0.242757
-0.36802
-2.24025
-0.52186
11.0158
21.9298
-3.00286
-90.2095
-195.329
-175.238
159.445
937.496
2143.62
3616.47
5122.07
6449.21
7473.47
8169.51
8584.3
8796.79
8885.07
8908.89
8905.93
8895.9
8886.92
8881.06
8877.91
8876.5
8875.92
0.000196628
0.176576
-0.072393
-1.48653
-1.44237
5.67844
16.8293
8.98044
-45.913
-136.129
-173.636
-11.2092
485.053
1356.46
2521.09
3808.33
5030.52
6047.82
6797.97
7289.45
7573.86
7716.23
7774.35
7789.85
7787.99
7781.6
7775.88
7772.12
7770.09
7769.02
-0.00720376
0.115123
0.0606006
-0.886101
-1.53512
2.36577
11.4756
12.3535
-18.657
-86.6249
-143.54
-84.5015
209.767
808.466
1688.19
2738.8
3809.54
4764.86
5521.89
6058.54
6399.2
6591.47
6685.91
6724
6734.19
6733.16
6729.2
6725.63
6723.28
6721.8
-0.00856347
0.0692258
0.0996826
-0.481461
-1.27762
0.602486
7.20033
11.5031
-4.14132
-51.3108
-107.57
-102.895
59.7263
457.251
1103.42
1937.05
2846.33
3711.63
4443.06
4997.91
5377.44
5611.34
5740.12
5802.04
5826.49
5832.81
5831.99
5829.37
5827.05
5825.27
-0.00746754
0.0300179
0.0978307
-0.15932
-0.846948
-0.4676
3.25399
8.36063
4.55391
-20.6088
-63.8763
-90.0677
-34.8232
169.58
560.006
1121.41
1790.78
2481.45
3112.86
3631.61
4017.93
4279.85
4441.53
4531.93
4577.03
4596.41
4602.88
4603.82
4602.96
4601.69
)
;

boundaryField
{
    fixedWall_Bottom
    {
        type            greyDiffusiveRadiation;
        refValue        uniform 18049.5;
        refGradient     uniform 0;
        valueFraction   uniform 1;
        source          uniform 0;
        value           uniform 18049.5;
    }
    fixedWall_Right
    {
        type            greyDiffusiveRadiation;
        refValue        uniform 0;
        refGradient     uniform 0;
        valueFraction   uniform 0;
        source          uniform 0;
        value           nonuniform List<scalar> 
30
(
18049.7
18049.5
18047.9
18048.4
18053.4
18057.3
18050.7
18033.5
18019.7
18027.7
18066.9
18129.5
18190.2
18210.9
18148.8
17964.2
17627.1
17120.9
16443.7
15607.3
14634.7
13556.5
12407.3
11222.6
10035.7
8875.92
7769.02
6721.8
5825.27
4601.69
)
;
    }
    fixedWall_Left
    {
        type            greyDiffusiveRadiation;
        refValue        uniform 0;
        refGradient     uniform 0;
        valueFraction   uniform 1;
        source          uniform 0;
        value           uniform 0;
    }
    fixedWall_Top
    {
        type            greyDiffusiveRadiation;
        refValue        uniform 0;
        refGradient     uniform 0;
        valueFraction   uniform 0;
        source          uniform 0;
        value           nonuniform List<scalar> 
30
(
-0.00746754
0.0300179
0.0978307
-0.15932
-0.846948
-0.4676
3.25399
8.36063
4.55391
-20.6088
-63.8763
-90.0677
-34.8232
169.58
560.006
1121.41
1790.78
2481.45
3112.86
3631.61
4017.93
4279.85
4441.53
4531.93
4577.03
4596.41
4602.88
4603.82
4602.96
4601.69
)
;
    }
    frontAndBack
    {
        type            empty;
    }
}


// ************************************************************************* //
