/*--------------------------------*- C++ -*----------------------------------*\
| =========                 |                                                 |
| \\      /  F ield         | OpenFOAM: The Open Source CFD Toolbox           |
|  \\    /   O peration     | Version:  2312                                  |
|   \\  /    A nd           | Website:  www.openfoam.com                      |
|    \\/     M anipulation  |                                                 |
\*---------------------------------------------------------------------------*/
FoamFile
{
    version     2.0;
    format      ascii;
    arch        "LSB;label=32;scalar=64";
    class       volScalarField;
    location    "0.03";
    object      ILambda_8_0;
}
// * * * * * * * * * * * * * * * * * * * * * * * * * * * * * * * * * * * * * //

dimensions      [1 0 -3 0 0 0 0];

internalField   nonuniform List<scalar> 
900
(
8501.71
16386.4
18574.6
18617.3
18270.5
18060.7
18007
18020.6
18041.8
18051.8
18052.9
18050.8
18049
18048.4
18048.5
18048.9
18049.1
18049.3
18049.3
18049.3
18049.3
18049.3
18049.3
18049.3
18049.3
18049.3
18049.3
18049.3
18049.3
18049.3
807.686
7913.06
14419.1
17818.7
18754.2
18595.6
18251.8
18050.6
17998.4
18014.6
18039.7
18052.8
18054.6
18051.7
18048.6
18047
18046.7
18046.9
18047.3
18047.6
18047.8
18047.9
18047.9
18047.9
18047.9
18047.9
18047.9
18047.9
18047.9
18047.9
-698.24
1726.15
7466.84
13291.8
17057.2
18589.3
18751.9
18438.9
18147.9
18014.5
17997.4
18023.8
18049.2
18060.6
18061.3
18057.8
18054.2
18052
18051.2
18051.2
18051.4
18051.7
18051.9
18052
18052
18052
18052
18052
18052
18052
-421.114
-573.511
2032.84
7071.51
12447.2
16364.1
18316.6
18800.7
18593.8
18264.8
18056.8
17990
18002.3
18034.9
18058.7
18068.4
18068.7
18065.4
18062
18059.7
18058.6
18058.3
18058.3
18058.5
18058.6
18058.7
18058.8
18058.8
18058.8
18058.8
-79.4779
-694.253
-414.48
2132.9
6704.62
11751.1
15730.8
17991
18769.8
18707
18381.7
18113
17986.7
17967.8
17995.7
18028.4
18049.5
18057.9
18058.6
18056.2
18053.5
18051.6
18050.6
18050.1
18050
18050
18050.1
18050.2
18050.2
18050.2
35.6867
-282.372
-783.474
-309.068
2134.55
6359.51
11143.9
15141.4
17635.6
18681.6
18785.3
18499.7
18190
18001.2
17935.4
17941.9
17972.8
18001.3
18018.6
18025.9
18027.1
18025.9
18024.2
18022.8
18022
18021.6
18021.4
18021.4
18021.4
18021.4
31.3721
-15.7443
-417.739
-820.877
-247.378
2083.88
6031.89
10596.7
14587
17265.5
18557
18845.9
18637.4
18316.2
18074
17953.2
17923
17937.9
17964.4
17986.4
17999.7
18005.6
18007.2
18006.9
18006
18005.2
18004.6
18004.3
18004.2
18004.1
8.02204
50.1032
-81.9042
-512.119
-838.861
-217.306
2004.35
5722.76
10096.3
14060.6
16884.2
18402.1
18892.9
18801.1
18507.8
18236.4
18066.5
17992.9
17980
17994
18013.4
18028.8
18038.3
18042.8
18044.4
18044.5
18044.2
18043.7
18043.4
18043.2
-2.55543
30.3207
46.4027
-143.307
-579.973
-851.594
-208.843
1913.6
5436.1
9631.99
13545.7
16473.1
18192.3
18893.1
18952.8
18730.9
18465.6
18266.4
18154.6
18110.3
18104.4
18114.3
18126.9
18136.9
18143.1
18146.3
18147.6
18147.9
18147.8
18147.6
-2.96882
5.10954
46.3993
34.3765
-196.506
-633.986
-865.073
-209.765
1827.78
5174.09
9188.09
13014.3
15993.8
17875.6
18777.6
19009.3
18895.5
18673.9
18473.6
18339.5
18268.8
18241.9
18238.4
18244.3
18251.8
18257.7
18261.5
18263.6
18264.5
18264.9
-0.855273
-4.26044
15.6177
58.5979
19.5955
-245.733
-683.267
-876.873
-204.451
1760.56
4935.06
8746.38
12436.2
15405.2
17395.1
18468.8
18872.2
18887.6
18739.9
18566.9
18430.9
18345.7
18302.2
18285.7
18283.1
18286
18290.1
18293.4
18295.6
18297.1
0.335617
-3.4709
-2.91711
27.9622
69.1413
1.11887
-297.331
-729.772
-876.956
-177.245
1720.21
4713.56
8290.55
11789.1
14678.8
16711.2
17909.5
18463.1
18609.6
18552.3
18428.1
18309.5
18223.4
18171.6
18145.5
18135.3
18133.2
18134.4
18136.4
18138.5
0.437774
-0.659841
-6.20274
1.17266
43.1037
76.8933
-25.8624
-354.104
-767.536
-852.517
-117.876
1707.23
4500.97
7808.96
11063.5
13807.7
15813.8
17079
17745.7
18007.7
18042.2
17977.7
17890.1
17815.3
17763.7
17733.2
17717.9
17711.6
17710.1
17710.5
0.158868
0.787432
-3.12634
-8.16966
9.71333
60.1725
77.057
-65.0864
-412.397
-786.182
-794.142
-24.9898
1714.29
4286.77
7295.35
10262.7
12804.7
14721.4
15994.7
16729.1
17079.1
17194.3
17189.7
17139.6
17084.1
17039.7
17010
16992.6
16983.9
16979.4
-0.0541429
0.862162
-0.0826808
-6.66995
-7.10981
23.2662
74.9635
64.487
-115.356
-463.4
-776.232
-699.724
93.9883
1728.79
4060.63
6748.86
9399.84
11698.2
13474.4
14703.1
15459.6
15864.9
16041.6
16089.2
16076.2
16043.2
16010.4
15985.3
15969
15957.5
-0.113912
0.432454
1.13175
-2.57861
-9.48431
-1.11158
39.4217
81.7971
37.46
-170.163
-497.121
-733.182
-574.901
225.817
1736.6
3814.71
6173.69
8495.06
10525.5
12125.4
13268
14007.1
14435.4
14651.5
14738.7
14757.5
14746.4
14726.7
14708.7
14692.2
-0.0860389
0.064009
1.05627
0.172182
-5.88031
-9.27962
9.51877
53.4888
76.7194
-0.895689
-220.301
-506.348
-658.899
-430.894
355.383
1725.58
3545.29
5578.46
7572.12
9326.79
10730.9
11759.4
12450.3
12874.2
13108.4
13221
13263.6
13271
13263.9
13250.6
-0.0404298
-0.0993753
0.573508
1.09761
-2.03567
-8.19792
-4.94174
22.0224
60.8739
59.511
-43.8988
-257.327
-488.785
-560.618
-281.267
469.143
1687.68
3253.22
4975.03
6655.67
8141.05
9344.15
10243.5
10865.9
11264.3
11498.8
11623.7
11681.6
11702.4
11705.9
-0.00891069
-0.117744
0.173934
0.97831
0.132581
-4.51936
-7.97618
2.65259
32.6139
59.2063
33.5444
-83.955
-276.037
-447.093
-448.619
-138.91
557.322
1619.81
2943.42
4376.93
5768.8
7002.13
8010.58
8776.79
9319.83
9679.18
9900.65
10027
10091.5
10127.3
0.00486025
-0.079846
-0.0265835
0.562877
0.813913
-1.54436
-5.97471
-4.88343
11.1792
38.2967
49.0207
4.13874
-114.949
-275.289
-387.471
-333.714
-13.9465
614.768
1523.42
2623.67
3797.76
4931.25
5936.93
6765.31
7403.04
7863.8
8176.81
8376.92
8494.72
8575.81
0.00751664
-0.0388974
-0.0814913
0.220619
0.735148
-0.000804676
-3.1309
-5.60888
0.110909
18.115
37.9293
33.0605
-23.394
-133.526
-257.426
-317.715
-225.278
87.2435
640.71
1403.39
2303.13
3249.81
4158.29
4964.56
5632.46
6152.15
6533.54
6798.57
6969.49
7101.9
0.00572056
-0.0126415
-0.0695021
0.0346836
0.446545
0.48902
-1.10941
-3.87072
-3.51449
5.39092
21.7898
32.2382
14.9578
-45.1451
-139.21
-226.976
-245.466
-130.123
162.052
637.852
1266.64
1990.96
2742.95
3460.2
4096.44
4625.75
5041.13
5350.45
5564.5
5745.41
0.00324141
-0.00051393
-0.041681
-0.0335714
0.201916
0.46842
-0.0963093
-1.99382
-3.46784
-0.46708
9.49252
21.7838
23.1319
-1.97725
-59.1635
-133.736
-189.251
-177.008
-52.163
211.04
611.168
1120.82
1695.24
2284.14
2842.39
3337.06
3749.83
4076.69
4316.83
4535.18
0.00144444
0.00312382
-0.0193176
-0.0419292
0.0599792
0.301041
0.242237
-0.746002
-2.29375
-2.1397
2.55539
11.5997
18.7287
12.8416
-15.4736
-65.313
-120.088
-149.221
-116.703
7.33348
237.028
566.729
973.195
1422.29
1877.27
2305.95
2685.15
3003.03
3249.46
3488.79
0.000466557
0.00307382
-0.00648105
-0.0300032
-0.00119277
0.150151
0.25983
-0.125536
-1.18221
-1.95211
-0.4001
4.79196
11.6295
13.8172
3.25886
-24.4896
-64.7429
-101.593
-110.845
-66.9356
49.1528
244.138
510.729
829.993
1176.37
1523.39
1848.33
2136
2370.39
2612.62
4.9588e-05
0.00202691
-0.000795055
-0.0165705
-0.017879
0.05694
0.177935
0.0959662
-0.468245
-1.26532
-1.16376
1.21957
5.89122
10.0318
8.31418
-4.39382
-29.0306
-59.264
-81.2654
-76.7949
-28.3918
75.4411
236.97
448.791
695.971
959.704
1221.09
1465.21
1673.74
1902.64
-7.56355e-05
0.00107373
0.000982712
-0.00739011
-0.0164294
0.0121856
0.0959346
0.127082
-0.110817
-0.65882
-1.02072
-0.22735
2.35948
5.88919
7.4942
3.22824
-9.60089
-29.7976
-50.8198
-61.4514
-48.5056
-0.506571
89.0548
219.989
385.585
574.386
772.681
968.051
1142.75
1346.33
-8.25595e-05
0.000470845
0.00111608
-0.00250365
-0.0105594
-0.00394803
0.0417976
0.0940389
0.0255365
-0.275014
-0.657182
-0.580563
0.592066
2.88685
5.06659
4.68737
-0.8209
-12.3992
-27.7991
-41.099
-43.6836
-26.3807
18.0474
92.9464
196.942
324.37
466.561
614.498
752.865
924.137
-5.69253e-05
0.000164896
0.000777719
-0.000430491
-0.00554919
-0.00685705
0.0137899
0.0546713
0.0544804
-0.0819075
-0.350362
-0.503257
-0.0967498
1.15659
2.888
3.81859
2.10695
-3.6807
-13.3727
-24.3739
-31.7028
-28.9722
-9.9789
29.6658
91.4053
173.42
271.025
378.453
483.517
621.774
-2.97637e-05
1.0543e-05
0.000400489
0.000390509
-0.00196257
-0.00537064
-0.000352645
0.02204
0.04461
0.0123598
-0.121424
-0.298623
-0.300987
0.150406
1.12838
2.21854
2.46661
0.712851
-3.74986
-10.4759
-17.4764
-21.3701
-18.0697
-3.77326
24.0779
66.1788
121.158
186.488
254.084
350.632
)
;

boundaryField
{
    fixedWall_Bottom
    {
        type            greyDiffusiveRadiation;
        refValue        uniform 18049.5;
        refGradient     uniform 0;
        valueFraction   uniform 1;
        source          uniform 0;
        value           uniform 18049.5;
    }
    fixedWall_Right
    {
        type            greyDiffusiveRadiation;
        refValue        uniform 0;
        refGradient     uniform 0;
        valueFraction   uniform 0;
        source          uniform 0;
        value           nonuniform List<scalar> 
30
(
18049.3
18047.9
18052
18058.8
18050.2
18021.4
18004.1
18043.2
18147.6
18264.9
18297.1
18138.5
17710.5
16979.4
15957.5
14692.2
13250.6
11705.9
10127.3
8575.81
7101.9
5745.41
4535.18
3488.79
2612.62
1902.64
1346.33
924.137
621.774
350.632
)
;
    }
    fixedWall_Left
    {
        type            greyDiffusiveRadiation;
        refValue        uniform 0;
        refGradient     uniform 0;
        valueFraction   uniform 1;
        source          uniform 0;
        value           uniform 0;
    }
    fixedWall_Top
    {
        type            greyDiffusiveRadiation;
        refValue        uniform 0;
        refGradient     uniform 0;
        valueFraction   uniform 0;
        source          uniform 0;
        value           nonuniform List<scalar> 
30
(
-2.97637e-05
1.0543e-05
0.000400489
0.000390509
-0.00196257
-0.00537064
-0.000352645
0.02204
0.04461
0.0123598
-0.121424
-0.298623
-0.300987
0.150406
1.12838
2.21854
2.46661
0.712851
-3.74986
-10.4759
-17.4764
-21.3701
-18.0697
-3.77326
24.0779
66.1788
121.158
186.488
254.084
350.632
)
;
    }
    frontAndBack
    {
        type            empty;
    }
}


// ************************************************************************* //
