/*--------------------------------*- C++ -*----------------------------------*\
| =========                 |                                                 |
| \\      /  F ield         | OpenFOAM: The Open Source CFD Toolbox           |
|  \\    /   O peration     | Version:  2312                                  |
|   \\  /    A nd           | Website:  www.openfoam.com                      |
|    \\/     M anipulation  |                                                 |
\*---------------------------------------------------------------------------*/
FoamFile
{
    version     2.0;
    format      ascii;
    arch        "LSB;label=32;scalar=64";
    class       volScalarField;
    location    "0.03";
    object      ILambda_14_0;
}
// * * * * * * * * * * * * * * * * * * * * * * * * * * * * * * * * * * * * * //

dimensions      [1 0 -3 0 0 0 0];

internalField   nonuniform List<scalar> 
900
(
1900.23
5229.13
8031.93
10350.8
12246
13777.6
15000.2
15962.9
16708.7
17275.6
17696.3
17998.8
18207.3
18341.8
18419.6
18454.7
18458.8
18441.4
18410.1
18370.6
18327.5
18284.1
18242.4
18204
18169.7
18139.8
18114.3
18092.8
18076.4
18056.5
-507.77
-889.773
-633.17
132.536
1266.07
2643.14
4161.12
5737.8
7309.12
8827
10257
11576.2
12770.3
13832.6
14761.6
15560.5
16235.7
16796.1
17252.2
17615.7
17898.8
18113.3
18270.8
18381.8
18455.8
18501.3
18525.1
18533.4
18531.3
18517.2
-60.5842
-329.535
-663.352
-952.86
-1112.77
-1088.8
-854.083
-403.781
250.38
1085.41
2071.73
3176.74
4367.08
5610.13
6874.97
8133.11
9359.19
10531.5
11632.6
12649.1
13572.3
14397.6
15123.9
15753.6
16291.6
16744.7
17120.3
17430.6
17664.2
17943
6.14096
-3.18132
-66.0389
-195.461
-383.203
-605.359
-829.067
-1018.68
-1140.78
-1167.37
-1077.17
-855.784
-495.353
5.68373
642.794
1405.63
2278.55
3241.55
4271.43
5343.23
6431.78
7513.06
8565.43
9570.48
10513.6
11384.3
12174.3
12890.1
13474.3
14255.1
0.832952
9.04061
20.2039
23.5418
5.72477
-44.7363
-134.242
-262.532
-422.903
-603.55
-789.094
-961.762
-1102.3
-1190.93
-1208.53
-1138.11
-966.323
-684.707
-290.589
212.662
815.951
1505.31
2263.14
3069.58
3903.96
4746.47
5576.54
6391.37
7097.75
8137.21
-0.151883
0.550687
4.36388
12.6071
24.3398
35.8191
41.0677
33.2139
5.86944
-45.9666
-125.423
-233.354
-367.826
-523.588
-691.78
-860.126
-1013.7
-1136.2
-1211.52
-1225.35
-1166.58
-1028.31
-808.275
-508.91
-136.875
298.054
781.512
1311.56
1803.88
2628.31
-0.00779338
-0.187033
-0.324104
0.378788
3.12561
8.94889
18.0792
29.6317
41.6486
51.2565
54.7623
47.7502
25.3775
-17.0096
-82.9922
-174.125
-289.164
-423.69
-570.226
-718.839
-858.104
-976.263
-1062.39
-1107.38
-1104.74
-1050.72
-946.03
-785.807
-614.673
-235.787
0.00475287
-0.00927139
-0.14428
-0.45771
-0.790899
-0.691388
0.486421
3.40158
8.59899
16.4295
26.9106
39.4689
52.6373
63.8656
69.5891
65.6127
47.752
12.5935
-41.8005
-115.391
-205.96
-309.238
-419.306
-529.208
-631.66
-719.639
-787.662
-828.405
-851.744
-804.782
-0.000487556
0.00529926
0.00727404
-0.0475518
-0.229781
-0.563473
-0.982761
-1.3315
-1.36271
-0.701096
1.19903
5.02129
11.4254
20.7734
32.8284
46.5369
59.9834
70.5512
75.2654
71.2437
56.1612
28.6399
-11.5048
-63.1902
-124.172
-191.246
-260.755
-328.375
-389.883
-456.243
-0.000318817
-0.000411442
0.00539087
0.015211
0.00931435
-0.044046
-0.175053
-0.410816
-0.781687
-1.30591
-1.93316
-2.46504
-2.50123
-1.45903
1.31513
6.36349
13.9154
23.7269
35.0092
46.4703
56.4613
63.1971
65.0084
60.5762
49.1125
30.4661
5.15966
-26.0577
-58.6501
-111.625
3.41155e-05
-0.000518283
-0.000265055
0.00366156
0.0113464
0.0182236
0.0184145
0.00541085
-0.0380602
-0.155212
-0.417108
-0.896173
-1.61341
-2.47985
-3.26074
-3.58454
-3.00274
-1.08846
2.45149
7.67991
14.3722
22.0128
29.8442
36.9601
42.4214
45.373
45.1895
41.2066
35.1046
17.2517
4.4082e-05
-7.52684e-05
-0.000440448
-0.000190505
0.00163956
0.00478266
0.00877319
0.0160532
0.0320562
0.0577525
0.0768201
0.0463406
-0.0992462
-0.427107
-0.972927
-1.70756
-2.51683
-3.2038
-3.51598
-3.19178
-2.01556
0.131603
3.23655
7.14122
11.5544
16.0818
20.2952
23.6456
26.2597
25.8669
1.24846e-05
2.53265e-05
-0.000109332
-0.00028217
-8.30703e-05
0.000551272
0.000924206
0.000766491
0.00261472
0.0127797
0.0383036
0.0799245
0.124338
0.140588
0.0842252
-0.0903991
-0.41287
-0.879984
-1.44524
-2.01844
-2.47637
-2.68251
-2.5115
-1.87311
-0.730824
0.887013
2.89359
5.12514
7.41552
10.0357
2.53795e-07
1.81186e-05
2.65241e-07
-9.36125e-05
-0.0001427
3.75885e-05
0.000280667
-0.000123005
-0.0017495
-0.00361697
-0.0021071
0.00843751
0.0329227
0.0713535
0.115201
0.146295
0.139404
0.0683144
-0.0861369
-0.328351
-0.642852
-0.993339
-1.32635
-1.57888
-1.6883
-1.60298
-1.29039
-0.739518
-0.0324684
1.29577
-1.26675e-06
4.69663e-06
1.20362e-05
-1.10958e-05
-6.47592e-05
-5.87054e-05
0.000102415
0.000287266
7.14206e-06
-0.00131579
-0.0036591
-0.00566931
-0.0044715
0.00357208
0.02121
0.0483078
0.0803343
0.108067
0.118872
0.09938
0.0389385
-0.067069
-0.214882
-0.391625
-0.576375
-0.742856
-0.863601
-0.909044
-0.892574
-0.618881
-5.26552e-07
-5.10348e-08
4.83467e-06
5.98266e-06
-1.23218e-05
-4.11951e-05
-2.39893e-05
9.7509e-05
0.000267586
0.000229117
-0.000406428
-0.00188523
-0.00393719
-0.00551828
-0.00488181
-6.44515e-05
0.0103141
0.0261965
0.0454963
0.0640255
0.076044
0.0753473
0.0566495
0.0169377
-0.0435222
-0.120734
-0.207483
-0.292147
-0.371685
-0.409274
-7.82852e-08
-4.70592e-07
6.18314e-07
3.47375e-06
2.48619e-06
-9.57117e-06
-2.57781e-05
-1.48133e-05
5.971e-05
0.000187808
0.000263004
8.51822e-05
-0.000551646
-0.00170436
-0.00312608
-0.00419911
-0.00401945
-0.00163994
0.00358596
0.011664
0.0217369
0.032065
0.0402405
0.0436
0.0397493
0.0270983
0.00518439
-0.0246706
-0.0604042
-0.107092
1.64564e-08
-1.62111e-07
-2.14828e-07
6.77005e-07
2.12112e-06
9.61437e-07
-6.17434e-06
-1.57936e-05
-1.25449e-05
2.43749e-05
0.000100817
0.00018319
0.000188568
5.40269e-06
-0.000453418
-0.00118197
-0.00202684
-0.0026766
-0.00271194
-0.00171164
0.000610959
0.0042796
0.00897379
0.0140224
0.0184804
0.0212805
0.0214078
0.0180994
0.0116872
-0.00399797
1.16113e-08
-1.84265e-08
-1.22556e-07
-6.15633e-08
4.9887e-07
1.19497e-06
4.37228e-07
-3.41896e-06
-9.10338e-06
-9.98178e-06
4.41366e-06
4.12264e-05
9.39012e-05
0.000134657
0.000116444
-1.2379e-05
-0.000283346
-0.000681517
-0.00112838
-0.00148322
-0.00156672
-0.0012032
-0.000271667
0.00124774
0.00324456
0.00547584
0.00759283
0.00915472
0.0100836
0.00819107
2.74094e-09
5.39531e-09
-2.44981e-08
-7.10091e-08
-3.39567e-09
3.05619e-07
6.45676e-07
2.76808e-07
-1.61519e-06
-4.7536e-06
-6.6361e-06
-2.64954e-06
1.17458e-05
3.7155e-05
6.64549e-05
8.34464e-05
6.57644e-05
-7.78059e-06
-0.000147253
-0.000342355
-0.000557554
-0.000734212
-0.000800375
-0.000686554
-0.000343973
0.000239142
0.00102897
0.00192827
0.00289036
0.00356043
1.59105e-10
2.93607e-09
3.19381e-10
-1.83654e-08
-3.62361e-08
9.05047e-09
1.66252e-07
3.37939e-07
2.034e-07
-6.27748e-07
-2.18939e-06
-3.67453e-06
-3.29675e-06
1.15426e-06
1.10439e-05
2.53409e-05
3.95345e-05
4.57696e-05
3.45779e-05
-2.01975e-06
-6.68637e-05
-0.000154631
-0.000250575
-0.000331741
-0.000370711
-0.000341263
-0.000224026
-1.6046e-05
0.000277856
0.000703455
-1.10003e-10
6.09291e-10
1.60456e-09
-1.26718e-09
-1.10273e-08
-1.74179e-08
7.06734e-09
8.22629e-08
1.69895e-07
1.40813e-07
-1.80533e-07
-8.71382e-07
-1.721e-06
-2.1212e-06
-1.16833e-06
1.97096e-06
7.51323e-06
1.45406e-05
2.07719e-05
2.28238e-05
1.70066e-05
5.05481e-07
-2.73667e-05
-6.42305e-05
-0.000104349
-0.000139194
-0.000158646
-0.000153336
-0.000119979
-1.00855e-05
-4.37747e-11
2.75553e-11
4.80883e-10
6.82201e-10
-1.21486e-09
-5.85494e-09
-8.19604e-09
3.29642e-09
3.72087e-08
8.0713e-08
8.56766e-08
-2.09397e-08
-2.91704e-07
-6.90412e-07
-1.03685e-06
-1.00953e-06
-2.35511e-07
1.54035e-06
4.25716e-06
7.38966e-06
9.9282e-06
1.0533e-05
7.8537e-06
9.48172e-07
-1.03086e-05
-2.49504e-05
-4.08482e-05
-5.48052e-05
-6.52188e-05
-5.62777e-05
-8.15829e-12
-2.32494e-11
6.25995e-11
2.78182e-10
2.46105e-10
-7.7835e-10
-2.86912e-09
-3.83888e-09
9.53332e-10
1.53107e-08
3.56983e-08
4.55842e-08
1.69282e-08
-7.67897e-08
-2.37864e-07
-4.215e-07
-5.26873e-07
-4.14179e-07
4.9268e-08
9.23626e-07
2.13287e-06
3.42864e-06
4.40294e-06
4.55777e-06
3.42316e-06
6.96848e-07
-3.63073e-06
-9.11804e-06
-1.55078e-05
-2.0247e-05
-4.30462e-13
-8.54158e-12
-5.00475e-12
4.96262e-11
1.3829e-10
7.88659e-11
-4.1325e-10
-1.32347e-09
-1.78502e-09
-4.20314e-12
5.67203e-09
1.45609e-08
2.1461e-08
1.64241e-08
-1.1881e-08
-6.91848e-08
-1.47286e-07
-2.18454e-07
-2.36818e-07
-1.49143e-07
8.61295e-08
4.76397e-07
9.76424e-07
1.48149e-06
1.83745e-06
1.86831e-06
1.41466e-06
4.02118e-07
-1.22156e-06
-3.61406e-06
2.42407e-13
-1.54177e-12
-4.50984e-12
1.51425e-12
2.95115e-11
6.30447e-11
2.3867e-11
-1.93999e-10
-5.79093e-10
-8.12625e-10
-2.29775e-10
1.85722e-09
5.44908e-09
9.0649e-09
9.4363e-09
2.2564e-09
-1.58356e-08
-4.45017e-08
-7.72735e-08
-1.00794e-07
-9.67835e-08
-4.69351e-08
6.01565e-08
2.21922e-07
4.1696e-07
6.04533e-07
7.28691e-07
7.32418e-07
5.73528e-07
1.31602e-08
9.44294e-14
-9.25953e-14
-1.14507e-12
-1.83956e-12
2.36014e-12
1.51225e-11
2.73101e-11
7.70804e-12
-8.26889e-11
-2.40759e-10
-3.56862e-10
-1.95071e-10
5.15839e-10
1.8628e-09
3.47483e-09
4.35769e-09
3.01963e-09
-2.01121e-09
-1.135e-08
-2.38649e-08
-3.61261e-08
-4.25704e-08
-3.65811e-08
-1.23868e-08
3.26339e-08
9.59061e-08
1.6836e-07
2.34918e-07
2.838e-07
2.34855e-07
1.90857e-14
3.73765e-14
-1.52061e-13
-6.22895e-13
-6.20814e-13
1.64202e-12
7.05446e-12
1.14708e-11
3.07884e-12
-3.23686e-11
-9.50632e-11
-1.49644e-10
-1.16021e-10
1.07039e-10
5.77036e-10
1.21835e-09
1.75214e-09
1.70153e-09
5.12777e-10
-2.2092e-09
-6.40944e-09
-1.13404e-08
-1.5488e-08
-1.67553e-08
-1.29236e-08
-2.31204e-09
1.54899e-08
3.88726e-08
6.66108e-08
8.40125e-08
2.0803e-15
1.52178e-14
1.57406e-15
-1.10001e-13
-2.88904e-13
-1.72669e-13
8.91505e-13
3.07943e-12
4.71515e-12
1.5091e-12
-1.16903e-11
-3.56331e-11
-5.96255e-11
-5.76582e-11
6.1077e-12
1.59056e-10
3.92303e-10
6.34627e-10
7.44373e-10
5.33739e-10
-1.69979e-10
-1.43688e-09
-3.14658e-09
-4.9344e-09
-6.20376e-09
-6.22072e-09
-4.28339e-09
-1.9011e-11
6.9662e-09
1.61951e-08
-1.97548e-16
3.10683e-15
7.48751e-15
-4.84685e-15
-5.8853e-14
-1.30863e-13
-7.35568e-14
3.58718e-13
1.24924e-12
2.05887e-12
1.32003e-12
-2.94386e-12
-1.16944e-11
-2.25791e-11
-2.81302e-11
-1.62958e-11
2.52675e-11
1.01279e-10
1.99669e-10
2.85427e-10
3.02196e-10
1.84643e-10
-1.18897e-10
-6.18431e-10
-1.25757e-09
-1.90185e-09
-2.34609e-09
-2.36675e-09
-1.73394e-09
3.27482e-10
)
;

boundaryField
{
    fixedWall_Bottom
    {
        type            greyDiffusiveRadiation;
        refValue        uniform 18049.5;
        refGradient     uniform 0;
        valueFraction   uniform 1;
        source          uniform 0;
        value           uniform 18049.5;
    }
    fixedWall_Right
    {
        type            greyDiffusiveRadiation;
        refValue        uniform 0;
        refGradient     uniform 0;
        valueFraction   uniform 0;
        source          uniform 0;
        value           nonuniform List<scalar> 
30
(
18056.5
18517.2
17943
14255.1
8137.21
2628.31
-235.787
-804.782
-456.243
-111.625
17.2517
25.8669
10.0357
1.29577
-0.618881
-0.409274
-0.107092
-0.00399797
0.00819107
0.00356043
0.000703455
-1.00855e-05
-5.62777e-05
-2.0247e-05
-3.61406e-06
1.31602e-08
2.34855e-07
8.40125e-08
1.61951e-08
3.27482e-10
)
;
    }
    fixedWall_Left
    {
        type            greyDiffusiveRadiation;
        refValue        uniform 0;
        refGradient     uniform 0;
        valueFraction   uniform 1;
        source          uniform 0;
        value           uniform 0;
    }
    fixedWall_Top
    {
        type            greyDiffusiveRadiation;
        refValue        uniform 0;
        refGradient     uniform 0;
        valueFraction   uniform 0;
        source          uniform 0;
        value           nonuniform List<scalar> 
30
(
-1.97548e-16
3.10683e-15
7.48751e-15
-4.84685e-15
-5.8853e-14
-1.30863e-13
-7.35568e-14
3.58718e-13
1.24924e-12
2.05887e-12
1.32003e-12
-2.94386e-12
-1.16944e-11
-2.25791e-11
-2.81302e-11
-1.62958e-11
2.52675e-11
1.01279e-10
1.99669e-10
2.85427e-10
3.02196e-10
1.84643e-10
-1.18897e-10
-6.18431e-10
-1.25757e-09
-1.90185e-09
-2.34609e-09
-2.36675e-09
-1.73394e-09
3.27482e-10
)
;
    }
    frontAndBack
    {
        type            empty;
    }
}


// ************************************************************************* //
