/*--------------------------------*- C++ -*----------------------------------*\
| =========                 |                                                 |
| \\      /  F ield         | OpenFOAM: The Open Source CFD Toolbox           |
|  \\    /   O peration     | Version:  2312                                  |
|   \\  /    A nd           | Website:  www.openfoam.com                      |
|    \\/     M anipulation  |                                                 |
\*---------------------------------------------------------------------------*/
FoamFile
{
    version     2.0;
    format      ascii;
    arch        "LSB;label=32;scalar=64";
    class       volScalarField;
    location    "0.03";
    object      ILambda_57_0;
}
// * * * * * * * * * * * * * * * * * * * * * * * * * * * * * * * * * * * * * //

dimensions      [1 0 -3 0 0 0 0];

internalField   nonuniform List<scalar> 
900
(
18050.1
18050.1
18050.1
18050.1
18050.1
18050.1
18050.1
18050.1
18050.1
18050.1
18050.1
18050.1
18050.1
18050.2
18050.2
18050.3
18050.3
18050.2
18049.9
18049.8
18050.5
18052.3
18051
18037.2
18013.9
18050.4
18311
18752.6
17887
10596.8
18048.4
18048.4
18048.4
18048.4
18048.4
18048.4
18048.4
18048.4
18048.4
18048.4
18048.4
18048.4
18048.4
18048.5
18048.5
18048.3
18047.8
18047.4
18047.8
18050
18051.5
18043.1
18017.2
18004.8
18125.8
18518.1
18887.4
17700.3
12310.8
2750.88
18045.9
18045.9
18045.9
18045.9
18045.9
18045.9
18045.9
18045.9
18045.9
18045.9
18045.9
18046
18046
18045.8
18045.3
18044.7
18044.6
18046.3
18050
18050.7
18037.1
18006.5
18006.1
18165.8
18584.4
18915.8
17854.4
13537.8
6013.71
-101.834
18053.7
18053.7
18053.7
18053.7
18053.7
18053.7
18053.7
18053.7
18053.7
18053.8
18053.8
18053.7
18053.3
18052.7
18052.3
18053.1
18056.4
18061
18060
18041
18005.9
18011
18184.7
18604.7
18940
18087.3
14548.8
8149.01
1752.69
-619.495
18062
18062
18062
18062
18062
18062
18062
18062
18062
18061.9
18061.7
18061.3
18060.8
18061
18063
18067.6
18072.2
18068.1
18043.2
18003.1
18008.5
18183.9
18598.2
18958.9
18326.5
15416.1
9868.85
3577.59
-199.878
-404.015
18049.3
18049.3
18049.3
18049.3
18049.3
18049.3
18049.3
18049.2
18049.1
18048.8
18048.4
18048.4
18049.4
18052.5
18057.7
18061.2
18052.9
18022.1
17977.8
17982.7
18155.9
18563.4
18957.5
18535.7
16160
11332.8
5307.24
750.945
-657.716
-136.842
18024.8
18024.8
18024.8
18024.8
18024.8
18024.7
18024.6
18024.5
18024.3
18024.2
18024.6
18026.4
18030.1
18034.9
18035.6
18022.4
17986.4
17940
17946.1
18116.9
18517.2
18941
18702.7
16785.3
12597.3
6926.67
1939.52
-458.599
-482.909
5.32647
18019.3
18019.3
18019.3
18019.3
18019.2
18019.2
18019.1
18019
18019.2
18020.1
18022.3
18025.8
18028.8
18025.8
18007.7
17968.4
17923.3
17933.5
18102.8
18494
18938.4
18850.2
17317.9
13694.9
8425.87
3242.19
62.1302
-656.825
-203.128
42.1496
18043
18043
18043
18042.9
18042.9
18042.9
18043
18043.4
18044.5
18046.4
18048.9
18049.5
18042.8
18021.3
17981.9
17942.6
17960.9
18130.2
18508.8
18960.6
18989.5
17782.3
14663.6
9813.81
4590.5
817.167
-618.707
-438.734
-21.6971
31.1894
18082.1
18082.1
18082.1
18082.1
18082.1
18082.3
18082.8
18083.7
18085.1
18086.2
18084.5
18075.2
18052.9
18017.5
17988.2
18017.8
18187.7
18548.9
18992
19101.9
18165.2
15506.7
11097.4
5955.92
1746.84
-369.86
-613.613
-174.456
44.824
11.9325
18126
18126
18126.1
18126.1
18126.3
18126.7
18127.4
18128.2
18128
18124.7
18114.5
18094
18065.8
18049
18090.4
18258.3
18595.4
19012.8
19166.9
18443.4
16197.3
12248.4
7306.58
2816.8
81.7173
-680.15
-363.28
-8.47858
44.1917
-0.196325
18170.4
18170.5
18170.5
18170.7
18171
18171.4
18171.6
18170.6
18166.6
18157.1
18140.4
18120.7
18116.2
18166.4
18327
18631.5
19007.2
19172.9
18608.1
16719
13229.6
8588.32
3983.25
731.887
-600.716
-544.637
-124.036
52.1221
22.3673
-4.08562
18194.3
18194.4
18194.5
18194.7
18194.8
18194.6
18193.3
18189.4
18181.5
18169.2
18157.6
18162.8
18217.2
18364
18628.1
18949.8
19102
18651.5
17067.3
14020.1
9749.26
5183.59
1556.53
-340.561
-667.603
-288.579
14.9858
50.2417
3.76897
-3.38147
18146.4
18146.5
18146.6
18146.6
18146.2
18144.8
18141.5
18135.5
18127.4
18122.2
18133.7
18187.1
18315.1
18534.2
18795.8
18918.7
18550
17227.8
14602.3
10750
6355.35
2507.08
110.445
-675.832
-466.351
-81.4986
61.5624
27.4195
-5.15704
-1.43706
17957.2
17957.2
17957.2
17956.7
17955.5
17952.9
17948.7
17943.9
17943.1
17957.5
18006.3
18112.8
18287.2
18489.3
18576.7
18267.5
17172.4
14947.6
11549.4
7440.56
3526.51
734.352
-530.869
-603.867
-227.027
30.0351
55.5778
6.88929
-6.64576
0.0615969
17563.8
17563.7
17563.2
17562.2
17560.3
17557.5
17555.1
17557
17571.8
17613.8
17699.1
17832.8
17981.6
18034.8
17771.5
16873
15022.7
12099.2
8374.95
4551.32
1497
-217.509
-651.911
-387.138
-54.1653
63.9652
32.3743
-4.26004
-4.74057
0.7375
16930.8
16930.4
16929.6
16928.3
16926.5
16925.6
16928.7
16942.5
16977.2
17043.3
17142.7
17247.6
17272.6
17047.3
16317.7
14807.5
12356.1
9088.6
5503.49
2346.31
261.377
-572.578
-519.355
-179.008
34.0338
55.7611
11.4993
-7.42035
-2.29751
0.811293
16059.2
16058.5
16057.6
16056.6
16056.6
16060.1
16072.2
16099.9
16150.1
16222.1
16293.3
16297.8
16105.7
15518.8
14306.9
12300.4
9523.27
6296.21
3205.01
877.442
-340.732
-578.866
-318.677
-38.9164
59.4706
34.1047
-0.840489
-6.29894
-0.552943
0.609088
14982.8
14982.1
14981.6
14982.1
14985.6
14995.8
15017.5
15054.9
15106.2
15152.8
15144
14981.6
14513.5
13554.4
11945.5
9651.5
6855.42
3979.69
1567.98
42.5861
-523.626
-434.816
-146.856
30.8179
51.8275
14.5594
-5.56697
-3.89689
0.316016
0.358621
13757.6
13757.4
13758.1
13761.4
13769.7
13786.5
13814.3
13850.3
13879.6
13863.4
13727.5
13356.5
12605
11335.4
9484.64
7140.94
4585.48
2245.28
537.588
-332.007
-481.347
-264.879
-35.2888
51.2739
33.5035
2.23172
-5.77033
-1.79119
0.565228
0.163877
12448.8
12449.8
12452.7
12459.5
12472.4
12492.7
12517.8
12535.5
12515.8
12403.1
12110.3
11525.2
10534.3
9067.38
7154.55
4969.62
2822.39
1072.37
-19.5537
-423.218
-352.839
-128.105
20.7121
45.9214
16.5537
-3.39769
-4.16609
-0.462705
0.502945
0.0463025
11119.5
11122.4
11127.8
11137.7
11152.5
11169.8
11179.7
11159.3
11066.4
10835.7
10381.5
9613.08
8464.13
6933.33
5120.99
3238.45
1567
362.868
-256.081
-371.982
-218.532
-40.0248
38.8963
31.7341
5.15507
-4.71323
-2.36371
0.169524
0.343768
-0.00974847
9822.72
9827.87
9835.27
9846.06
9857.78
9862.55
9842.78
9766.62
9584.82
9232.33
8637.95
7744.08
6534.84
5064.25
3470.38
1959.1
749.088
-9.67121
-305.242
-271.463
-113.588
5.91794
36.9509
17.9258
-0.803408
-3.97317
-1.0214
0.357375
0.195323
-0.0280877
8597.83
8604.59
8612.21
8619.97
8621.44
8603.09
8540.76
8397.29
8123.3
7663.46
6969.92
6021.68
4845.51
3529.27
2217.52
1081.53
266.678
-164.874
-264.358
-172.464
-45.324
23.3858
27.407
7.95718
-2.9861
-2.65122
-0.238178
0.329065
0.0924031
-0.0279906
7469.56
7476.21
7481.02
7480.41
7463.81
7412.86
7299.42
7085.93
6729.57
6191.45
5450.21
4517.28
3447.93
2341.59
1325.96
524.623
16.2731
-197.339
-194.201
-95.8472
-7.78398
25.1647
17.227
2.0871
-3.11653
-1.46913
0.117983
0.230984
0.0336382
-0.0213609
6449.67
6453.37
6451.43
6436.69
6395.09
6305.26
6138.55
5861.81
5443.74
4864.65
4127.58
3267.11
2351.36
1473.38
731.288
201.021
-89.4565
-172.082
-126.577
-45.0791
8.84123
20.279
9.28824
-0.702508
-2.42163
-0.654528
0.219765
0.135264
0.00578793
-0.0141001
5541.06
5538.19
5525.35
5491.42
5420.23
5289.85
5074.55
4749.25
4296.52
3714.9
3025.86
2276.26
1533.58
873.355
360.994
33.0512
-115.063
-128.159
-74.0873
-15.6949
13.4352
13.9169
4.12541
-1.61689
-1.58728
-0.18895
0.201717
0.0664326
-0.00436847
-0.00839868
4730.71
4717.48
4690.19
4633.88
4532.07
4364.77
4111.92
3758.44
3300.46
2750.94
2142.15
1523.18
951.587
480.961
147.491
-40.044
-102.938
-85.4168
-38.5246
-1.07102
12.3075
8.43643
1.23976
-1.59655
-0.905215
0.0295231
0.145124
0.0253504
-0.0061453
-0.00459103
4064.49
4038.24
3994.77
3915.53
3785.36
3587.85
3309.82
2946
2503.67
2005.18
1486.83
993.25
568.317
245.085
37.8231
-61.2143
-78.9244
-52.5913
-17.4552
4.59883
9.31195
4.61774
-0.0867206
-1.23641
-0.454267
0.101232
0.0903364
0.00499865
-0.00481115
-0.00236148
3198.79
3151.18
3085.38
2979.78
2823.85
2608.35
2329.81
1993.57
1615.58
1221.55
843.123
511.655
251.346
73.9656
-23.2359
-55.915
-47.8166
-23.8786
-3.09592
6.12052
5.51707
1.60871
-0.705019
-0.74416
-0.11819
0.10812
0.039829
-0.00493315
-0.00309337
-0.000747151
)
;

boundaryField
{
    fixedWall_Bottom
    {
        type            greyDiffusiveRadiation;
        refValue        uniform 18049.5;
        refGradient     uniform 0;
        valueFraction   uniform 1;
        source          uniform 0;
        value           uniform 18049.5;
    }
    fixedWall_Right
    {
        type            greyDiffusiveRadiation;
        refValue        uniform 0;
        refGradient     uniform 0;
        valueFraction   uniform 1;
        source          uniform 0;
        value           uniform 0;
    }
    fixedWall_Left
    {
        type            greyDiffusiveRadiation;
        refValue        uniform 0;
        refGradient     uniform 0;
        valueFraction   uniform 0;
        source          uniform 0;
        value           nonuniform List<scalar> 
30
(
18050.1
18048.4
18045.9
18053.7
18062
18049.3
18024.8
18019.3
18043
18082.1
18126
18170.4
18194.3
18146.4
17957.2
17563.8
16930.8
16059.2
14982.8
13757.6
12448.8
11119.5
9822.72
8597.83
7469.56
6449.67
5541.06
4730.71
4064.49
3198.79
)
;
    }
    fixedWall_Top
    {
        type            greyDiffusiveRadiation;
        refValue        uniform 0;
        refGradient     uniform 0;
        valueFraction   uniform 0;
        source          uniform 0;
        value           nonuniform List<scalar> 
30
(
3198.79
3151.18
3085.38
2979.78
2823.85
2608.35
2329.81
1993.57
1615.58
1221.55
843.123
511.655
251.346
73.9656
-23.2359
-55.915
-47.8166
-23.8786
-3.09592
6.12052
5.51707
1.60871
-0.705019
-0.74416
-0.11819
0.10812
0.039829
-0.00493315
-0.00309337
-0.000747151
)
;
    }
    frontAndBack
    {
        type            empty;
    }
}


// ************************************************************************* //
