/*--------------------------------*- C++ -*----------------------------------*\
| =========                 |                                                 |
| \\      /  F ield         | OpenFOAM: The Open Source CFD Toolbox           |
|  \\    /   O peration     | Version:  2312                                  |
|   \\  /    A nd           | Website:  www.openfoam.com                      |
|    \\/     M anipulation  |                                                 |
\*---------------------------------------------------------------------------*/
FoamFile
{
    version     2.0;
    format      ascii;
    arch        "LSB;label=32;scalar=64";
    class       volScalarField;
    location    "0.03";
    object      ILambda_53_0;
}
// * * * * * * * * * * * * * * * * * * * * * * * * * * * * * * * * * * * * * //

dimensions      [1 0 -3 0 0 0 0];

internalField   nonuniform List<scalar> 
900
(
18048.3
18048.3
18048.3
18048.3
18048.3
18048.2
18048.2
18048.1
18048
18047.9
18047.9
18048.2
18048.9
18050.1
18051.8
18053.3
18053.4
18050.1
18041.3
18026.9
18012.3
18013.3
18058
18179.3
18385.7
18591.9
18492.8
17379.3
13952.6
6394.16
18053.9
18053.8
18053.8
18053.8
18053.7
18053.8
18053.9
18054.3
18055
18056.1
18057.7
18059.5
18060.6
18059.6
18054.6
18043.4
18026.4
18008.8
18004.9
18039.8
18142.9
18327
18546.4
18635.9
18253.5
16878.2
13953.8
9284.67
3710.76
-292.6
18057.8
18057.8
18057.9
18058.1
18058.5
18059.2
18060.1
18061.2
18062.3
18062.6
18060.9
18055.7
18045.3
18029.1
18009.6
17995.8
18004.8
18061.3
18188
18383.2
18584
18624.7
18212.6
16960.9
14516.9
10796.3
6256.79
2014.36
-508.123
-606.381
18033.4
18033.8
18034.2
18034.7
18035.2
18035.5
18035
18033
18028.4
18019.8
18006.5
17989.6
17973.6
17969
17993
18067
18207
18403.4
18591.7
18621.6
18245.9
17154.4
15074
11928.1
7999.26
3985.87
827.201
-747.548
-761.693
-131.831
17997.6
17997.7
17997.6
17996.8
17995
17991.5
17985.3
17976.1
17964.2
17951.9
17945
17954.2
17994.7
18083.6
18231
18423
18599.2
18629.4
18305.7
17369.1
15585.9
12865.8
9381.29
5615.58
2268.33
-1.32812
-907.881
-743.669
-226.257
26.8422
18026.6
18025
18022.7
18018.9
18013.4
18006.5
17999.2
17994.9
17999.4
18022.5
18076.5
18173.7
18318.8
18495.6
18649.8
18671.3
18387.3
17580.7
16044.3
13671.5
10553.5
7031.94
3652.44
998.249
-544.019
-971.846
-676.032
-216.947
19.9544
20.4037
18166.8
18163.3
18159.9
18156.5
18154.9
18158.4
18172.4
18204.7
18264.4
18359
18488.7
18636
18753.2
18748.8
18481.7
17771.9
16438.2
14363.6
11575.5
8303.75
4972.29
2094.66
95.4787
-863.479
-952.081
-578.806
-173.671
25.3599
36.2105
1.53567
18340.6
18340.6
18343.5
18352.1
18371
18405.5
18461.5
18542.7
18645.5
18752.4
18822
18779.6
18511.7
17872.5
16707.6
14900
12431.5
9439.44
6234.4
3249.01
912.317
-508.006
-1015.24
-872.655
-466.074
-117.589
37.4175
42.6753
8.66601
-2.29021
18359.7
18373
18391.4
18422.2
18467.8
18528.7
18599.5
18663.2
18684.7
18604
18331.6
17751.8
16737.1
15179.3
13033.5
10366
7384.18
4423.81
1875.9
65.277
-872.408
-1047.08
-758.7
-350.859
-59.6123
51.2908
44.9223
11.7955
-2.21426
-0.808813
18021
18050.6
18082.2
18121.9
18162.3
18188.2
18170.7
18062.2
17793.8
17275.5
16405.5
15089.4
13270.9
10967.9
8303.99
5515.97
2922.03
844.841
-491.995
-1050.69
-998.02
-631.533
-244.318
-6.69172
64.4843
44.5492
11.5788
-2.06489
-1.7049
0.0781347
17193.2
17220.2
17236.1
17234.6
17191.7
17071.3
16820.7
16371.9
15645.6
14563.9
13069.3
11151.3
8872.44
6383.94
3918.71
1751.64
129.627
-808.88
-1089.72
-898.724
-506.521
-154.246
36.3615
75.5219
43.0959
9.13526
-2.97463
-2.08124
-0.0838013
0.0920405
15845.8
15823.4
15770.1
15652.2
15432
15058.8
14472.8
13612
12424.5
10885.9
9019.04
6910.32
4714.31
2638.38
903.423
-313.777
-938.812
-1032.19
-773.333
-393.41
-84.4996
66.7726
83.1367
41.6929
6.04881
-4.94329
-2.64847
-0.0060153
0.210983
-0.0231415
14038.3
13905.8
13727.2
13429.5
12974
12312.4
11401.3
10212.3
8745.39
7043.04
5198.25
3352.27
1676.58
338.503
-542.911
-936.632
-916.391
-640.691
-297.493
-35.4286
83.9198
86.319
40.6406
3.69971
-7.26107
-3.74909
0.0681107
0.498577
-0.00631849
-0.0347805
11899.6
11610.4
11277.8
10785.7
10110.7
9224.44
8116.34
6801.91
5331.17
3791.76
2302.97
998.583
-0.75796
-619.52
-852.939
-774.063
-514.305
-220.494
-4.72135
89.1673
84.7213
39.5677
2.74237
-9.024
-5.2346
-0.192798
0.882848
0.161354
-0.1131
-0.00292821
9604.58
9151.84
8681.85
8041.96
7235.37
6260.93
5141.86
3927.43
2693.21
1534.11
549.689
-176.67
-599.863
-728.871
-628.424
-402.296
-161.424
11.5353
85.2691
78.8575
37.9247
3.07543
-9.63644
-6.62889
-0.884694
1.11843
0.483358
-0.110185
-0.0765818
0.0144073
7345.82
6768.77
6219.24
5521
4704.62
3791.85
2826.72
1870.32
994.644
270.946
-245.197
-528.601
-593.781
-494.027
-308.146
-117.637
17.7275
75.5056
69.9012
35.3701
4.159
-9.01205
-7.46725
-1.81775
1.02933
0.820093
0.0257596
-0.142579
-0.0164818
0.0129088
5297.75
4667.67
4114.4
3454.44
2736.94
1994.58
1274.78
630.026
109.69
-250.33
-437.094
-465.856
-378.192
-232.048
-85.8793
17.8169
62.9118
59.2765
31.8912
5.38065
-7.46864
-7.53327
-2.68143
0.625961
1.01008
0.250148
-0.137996
-0.0743078
0.0122978
0.00577787
3584.28
2978.72
2488.66
1938.79
1384.04
855.742
391.395
24.2551
-223.113
-344.817
-354.453
-283.129
-172.307
-63.0552
14.8568
49.8251
48.2947
27.7347
6.29157
-5.48945
-6.8908
-3.23136
0.0616622
0.979794
0.461578
-0.0509173
-0.114288
-0.0157347
0.0146763
0.000868517
2261.34
1740.68
1354.16
946.591
567.594
239.469
-15.4589
-183.38
-262.165
-262.854
-207.945
-126.42
-46.6146
10.8919
37.7622
37.9462
23.2694
6.68155
-3.51538
-5.77821
-3.37652
-0.479846
0.763918
0.577157
0.0775114
-0.107868
-0.0508229
0.00801939
0.00826098
-0.000858396
1319.58
915.057
642.108
372.727
145.012
-29.6269
-142.518
-193.396
-190.68
-150.185
-91.7621
-34.6485
7.09823
27.5118
28.8438
18.8622
6.54304
-1.8389
-4.47555
-3.16378
-0.870619
0.457293
0.572451
0.191369
-0.059385
-0.0701697
-0.010087
0.0102573
0.00277942
-0.000894293
703.003
417.416
245.007
87.1288
-30.8376
-106.179
-139.07
-135.678
-106.85
-65.9376
-25.8167
4.01776
19.323
21.2646
14.8011
5.99099
-0.589954
-3.21254
-2.71418
-1.06526
0.15578
0.474252
0.254378
0.0056922
-0.0647305
-0.0278258
0.00449423
0.00602559
0.00020821
-0.000498304
333.744
150.245
53.7978
-26.6804
-76.4472
-97.8165
-94.8895
-74.9785
-46.9181
-19.2126
1.79168
13.1027
15.2349
11.2661
5.18564
0.226417
-2.13185
-2.16055
-1.08385
-0.0785179
0.331203
0.260113
0.0612682
-0.0406332
-0.0359052
-0.00512338
0.00576848
0.00231046
-0.000461167
-0.000187813
133.644
26.6863
-19.7885
-53.6311
-67.4451
-65.3308
-51.9417
-33.0592
-14.2305
0.345387
8.57903
10.6229
8.33408
4.27903
0.678033
-1.2929
-1.6091
-0.979591
-0.22348
0.187695
0.223315
0.0931058
-0.0106577
-0.0325315
-0.013035
0.00224534
0.00342545
0.000462899
-0.000397165
-3.89149e-05
37.7476
-18.1984
-36.0326
-45.7751
-44.321
-35.5486
-23.0641
-10.4598
-0.485241
5.41628
7.21599
6.00165
3.38787
0.860722
-0.69478
-1.12602
-0.810897
-0.286352
0.0713349
0.165881
0.100042
0.0143443
-0.0216914
-0.0160902
-0.00222221
0.00280103
0.00139183
-0.000127706
-0.000207364
8.4529e-06
-0.72798
-26.3029
-30.1442
-29.7212
-24.0397
-15.9305
-7.61252
-0.878919
3.28594
4.77782
4.21334
2.58647
0.868554
-0.302491
-0.74064
-0.62516
-0.28887
-0.0077826
0.106606
0.0889099
0.0292165
-0.00897571
-0.0143857
-0.00544276
0.00102042
0.00166264
0.000358525
-0.000189042
-7.82173e-05
1.40339e-05
-11.4738
-20.9999
-19.429
-16.1106
-10.8865
-5.4779
-0.991445
1.90298
3.08356
2.88678
1.91148
0.778617
-0.0680914
-0.455785
-0.453219
-0.255403
-0.0518472
0.0569723
0.0687274
0.0339739
0.0014697
-0.00991305
-0.00652405
-0.000858493
0.00122059
0.000698085
-3.14204e-06
-0.00011734
-1.91288e-05
8.97581e-06
-11.1091
-13.2919
-10.5413
-7.38439
-3.89044
-0.942817
1.039
1.93873
1.93197
1.37161
0.646379
0.0556174
-0.259095
-0.31057
-0.206234
-0.0690919
0.0213855
0.0469533
0.0314664
0.00788808
-0.00489183
-0.00577774
-0.00208219
0.000428547
0.000721156
0.000203661
-7.06381e-05
-5.22273e-05
2.19892e-07
4.14385e-06
-7.69808
-7.17453
-4.88306
-2.73857
-0.813534
0.521338
1.18571
1.26332
0.957635
0.507037
0.108065
-0.131984
-0.201444
-0.155176
-0.0690136
-0.000586628
0.0281324
0.0251701
0.0104212
-0.000809635
-0.00406195
-0.00244789
-0.000303435
0.000489441
0.000309292
2.11946e-05
-5.21264e-05
-1.74108e-05
3.62264e-06
1.48023e-06
-4.48826
-3.3729
-1.88499
-0.676328
0.224141
0.705242
0.811374
0.656127
0.383688
0.120785
-0.0549369
-0.1237
-0.110601
-0.0602689
-0.0120569
0.0140738
0.0179609
0.0102438
0.00180088
-0.00219089
-0.00216006
-0.0007505
0.000166112
0.000287686
9.81289e-05
-2.13025e-05
-2.59866e-05
-3.62962e-06
2.63849e-06
3.76198e-07
-1.92836
-1.0322
-0.321539
0.161645
0.424476
0.476107
0.383648
0.226093
0.073548
-0.0303428
-0.0733586
-0.0682844
-0.0396588
-0.0102601
0.0072219
0.0113088
0.00742315
0.00206288
-0.00103899
-0.00150912
-0.000733327
-1.99095e-05
0.000196234
0.000111289
6.61909e-06
-2.10951e-05
-8.63439e-06
9.8715e-07
1.2728e-06
-2.66469e-08
)
;

boundaryField
{
    fixedWall_Bottom
    {
        type            greyDiffusiveRadiation;
        refValue        uniform 18049.5;
        refGradient     uniform 0;
        valueFraction   uniform 1;
        source          uniform 0;
        value           uniform 18049.5;
    }
    fixedWall_Right
    {
        type            greyDiffusiveRadiation;
        refValue        uniform 0;
        refGradient     uniform 0;
        valueFraction   uniform 1;
        source          uniform 0;
        value           uniform 0;
    }
    fixedWall_Left
    {
        type            greyDiffusiveRadiation;
        refValue        uniform 0;
        refGradient     uniform 0;
        valueFraction   uniform 0;
        source          uniform 0;
        value           nonuniform List<scalar> 
30
(
18048.3
18053.9
18057.8
18033.4
17997.6
18026.6
18166.8
18340.6
18359.7
18021
17193.2
15845.8
14038.3
11899.6
9604.58
7345.82
5297.75
3584.28
2261.34
1319.58
703.003
333.744
133.644
37.7476
-0.72798
-11.4738
-11.1091
-7.69808
-4.48826
-1.92836
)
;
    }
    fixedWall_Top
    {
        type            greyDiffusiveRadiation;
        refValue        uniform 0;
        refGradient     uniform 0;
        valueFraction   uniform 0;
        source          uniform 0;
        value           nonuniform List<scalar> 
30
(
-1.92836
-1.0322
-0.321539
0.161645
0.424476
0.476107
0.383648
0.226093
0.073548
-0.0303428
-0.0733586
-0.0682844
-0.0396588
-0.0102601
0.0072219
0.0113088
0.00742315
0.00206288
-0.00103899
-0.00150912
-0.000733327
-1.99095e-05
0.000196234
0.000111289
6.61909e-06
-2.10951e-05
-8.63439e-06
9.8715e-07
1.2728e-06
-2.66469e-08
)
;
    }
    frontAndBack
    {
        type            empty;
    }
}


// ************************************************************************* //
