/*--------------------------------*- C++ -*----------------------------------*\
| =========                 |                                                 |
| \\      /  F ield         | OpenFOAM: The Open Source CFD Toolbox           |
|  \\    /   O peration     | Version:  2312                                  |
|   \\  /    A nd           | Website:  www.openfoam.com                      |
|    \\/     M anipulation  |                                                 |
\*---------------------------------------------------------------------------*/
FoamFile
{
    version     2.0;
    format      ascii;
    arch        "LSB;label=32;scalar=64";
    class       volScalarField;
    location    "0.03";
    object      ILambda_12_0;
}
// * * * * * * * * * * * * * * * * * * * * * * * * * * * * * * * * * * * * * //

dimensions      [1 0 -3 0 0 0 0];

internalField   nonuniform List<scalar> 
900
(
4219.08
10355.5
14296
16604
17819.4
18358.8
18514.9
18479.7
18370
18250.3
18150.9
18081.4
18040.2
18021.2
18016.8
18020.8
18028.4
18036.6
18043.7
18049.2
18053
18055.3
18056.5
18057
18057.1
18056.9
18056.6
18056.3
18056.1
18055.8
-697.972
488.645
3465.34
7090.47
10555.5
13433.8
15582.8
17034.7
17909.2
18355.4
18515.4
18506.8
18416.4
18301.6
18195
18111.4
18054.2
18020.3
18004.3
18000.2
18003.1
18009.3
18016.4
18023
18028.5
18032.7
18035.8
18037.8
18039.1
18040.1
-302.81
-917.834
-811.096
362.666
2501.08
5252.2
8205.09
11009.7
13429.1
15345.4
16739.5
17660.9
18198
18451.7
18517.4
18474.3
18380.4
18274.2
18177.6
18100.4
18044.6
18008.1
17986.7
17976.3
17972.9
17973.7
17976.5
17980
17983.3
17987.2
-3.85164
-273.807
-728.869
-1040.79
-859.759
23.1558
1625.43
3804.53
6325.8
8931.52
11393.5
13544.6
15290.3
16605.3
17518
18091
18402.1
18528.6
18537.8
18482.3
18399.3
18312.4
18234.6
18171.6
18124.3
18091.2
18069.4
18056.1
18049.1
18044.5
14.6329
12.2236
-130.957
-447.166
-831.298
-1078.66
-968.327
-338.896
870.369
2614.03
4760.37
7125.65
9513.28
11749
13705
15309.6
16544.8
17434
18027.1
18386.2
18573.4
18644.3
18643.5
18604
18548.6
18491.1
18439.4
18396.6
18364.7
18332.6
0.984157
21.8427
36.3293
-20.2033
-202.712
-506.533
-850.132
-1093.44
-1075.87
-657.766
244.963
1640.14
3457.5
5565.76
7802.06
10004.2
12037
13806.9
15266.3
16408.1
17255.4
17849.7
18240.7
18478.1
18606
18661
18671.1
18656.2
18631.3
18592.8
-0.970945
2.35631
20.0056
43.4961
38.4944
-40.7477
-224.955
-506.899
-830.153
-1092.03
-1161.61
-910.083
-244.43
867.42
2388.63
4223.61
6240.76
8299.24
10272.4
12063.1
13610.5
14888.3
15899.4
16666.7
17225
17613.6
17871.1
18032.5
18122.8
18185.6
-0.145005
-1.31904
0.999826
13.6257
36.4514
55.0373
40.9876
-39.9402
-213.573
-479.452
-795.992
-1077.85
-1210.42
-1077.5
-591.534
284.493
1529.96
3074.04
4813.07
6631.4
8420.21
10090.8
11581.5
12858.1
13911
14749.5
15394.9
15878
16212.3
16534.4
0.0713916
-0.376055
-1.474
-0.730749
6.37286
23.1131
47.0236
65.2773
52.5305
-24.0618
-190.515
-447.301
-756.235
-1041.08
-1202.89
-1144.09
-792.098
-115.189
873.07
2119.83
3545.85
5060.92
6577.85
8022.82
9341.15
10499
11480.8
12292.4
12910.4
13583.2
0.0281584
0.0330999
-0.384188
-1.30252
-1.79156
0.614602
9.95998
29.809
57.8362
79.6803
68.0397
-8.92761
-172.109
-416.323
-703.356
-966.7
-1126.02
-1105.78
-851.721
-340.995
415.801
1379.46
2491.44
3684.64
4893.29
6060.46
7141.26
8113.91
8911.45
9868.12
0.00460852
0.0310859
-0.003209
-0.222695
-0.838929
-2.01411
-2.79486
0.383775
13.1332
38.6382
71.1684
92.5666
75.78
-4.82476
-160.868
-380.926
-628.997
-850.907
-986.022
-980.222
-796.4
-420.246
139.215
853.388
1680.49
2572.96
3482.57
4376.57
5162.59
6202.29
0.00116322
0.0115589
0.000123084
-0.00629072
0.0183135
-0.276924
-1.64955
-4.06507
-4.8846
1.30873
19.6079
49.5273
81.0502
95.211
69.8888
-11.4417
-151.744
-336.461
-534.89
-706.161
-807.634
-803.191
-669.404
-398.522
1.74555
511.185
1099.87
1743.62
2353.69
3257.11
-0.000542476
0.00904014
0.000122079
-0.0360442
0.0181996
0.238057
0.200436
-1.04164
-3.89767
-6.6588
-5.05044
5.87315
28.0475
57.054
81.357
85.0342
53.0965
-22.7125
-139.849
-284.002
-431.368
-553.254
-621.555
-613.689
-515.974
-324.841
-47.5545
308.701
679.488
1316.59
-0.00132697
0.00464943
0.0102162
-0.0208785
-0.0598157
0.0497342
0.374223
0.500476
-0.454665
-3.03494
-6.26427
-7.17059
-1.82308
12.3355
34.0555
57.1637
71.5589
66.0944
32.2863
-32.4933
-123.39
-228.425
-330.599
-411.021
-452.25
-440.908
-370.315
-234.561
-69.3052
291.25
-0.000887102
0.000259513
0.00891256
0.00428019
-0.0394689
-0.0669356
0.071166
0.415465
0.618751
-0.0254181
-2.02752
-4.90226
-6.7696
-4.86409
3.09891
17.3239
34.9339
50.1436
55.652
44.7835
13.6433
-37.4035
-103.336
-175.198
-241.677
-290.973
-313.289
-298.228
-259.923
-106
-0.000256979
-0.00115975
0.00303564
0.00964766
-0.00422305
-0.0489077
-0.0616669
0.076504
0.384333
0.600996
0.216002
-1.17909
-3.38504
-5.3009
-5.14449
-1.20168
7.20029
18.9534
31.0356
39.0989
38.6011
26.1143
0.403259
-37.0243
-82.0167
-128.393
-169.322
-196.266
-212.046
-174.82
3.50713e-05
-0.000804807
-0.000239495
0.0049294
0.00745135
-0.010941
-0.0488369
-0.0503919
0.0687233
0.314332
0.506712
0.30361
-0.590301
-2.12039
-3.68354
-4.20726
-2.53751
2.00448
9.13561
17.4162
24.4518
27.4439
23.9202
12.4267
-7.01388
-32.7475
-61.8854
-89.7686
-115.376
-125.232
7.25652e-05
-0.000258227
-0.000777743
0.000904292
0.00527704
0.00420298
-0.0140633
-0.0424047
-0.037947
0.0542995
0.234355
0.386521
0.294408
-0.240316
-1.22404
-2.34565
-2.99493
-2.45277
-0.193775
3.81838
8.96619
14.0191
17.3789
17.4598
13.091
3.8514
-9.85064
-26.4224
-44.5504
-63.2664
3.73922e-05
-8.0949e-06
-0.000415763
-0.000399671
0.00163113
0.00447955
0.00138864
-0.0139534
-0.0332899
-0.0268967
0.0389389
0.162419
0.27301
0.240249
-0.0615719
-0.657178
-1.39499
-1.94377
-1.88135
-0.851856
1.26556
4.24202
7.48501
10.137
11.2597
10.0606
6.06209
-0.672492
-9.4601
-22.9804
1.02252e-05
3.78986e-05
-0.00011031
-0.0003855
1.7045e-05
0.00180288
0.0032328
-0.000397205
-0.0118942
-0.0241883
-0.018159
0.0259016
0.106111
0.18133
0.175939
0.0139238
-0.329487
-0.784543
-1.17859
-1.27534
-0.853492
0.201525
1.82582
3.75252
5.54522
6.68491
6.67578
5.15582
2.31496
-4.43924
2.91308e-07
2.30173e-05
1.59486e-06
-0.000156331
-0.000252099
0.000290395
0.00158515
0.00204985
-0.00121185
-0.00913301
-0.0165208
-0.0117602
0.0162405
0.0660508
0.114532
0.11928
0.036096
-0.154027
-0.420926
-0.67774
-0.797329
-0.650255
-0.152727
0.691765
1.7716
2.87595
3.73081
4.03105
3.76759
1.37032
-1.27846e-06
7.65551e-06
1.6955e-05
-3.11597e-05
-0.000144338
-0.000110781
0.000391713
0.0012049
0.00115735
-0.00137357
-0.00648778
-0.0107246
-0.00734027
0.0097165
0.039501
0.0693857
0.0762526
0.0352385
-0.0664794
-0.216801
-0.373381
-0.470043
-0.434561
-0.212862
0.207984
0.785764
1.42422
1.9688
2.37925
1.9417
-7.64458e-07
1.20076e-06
9.29314e-06
4.37128e-06
-4.49573e-05
-0.000103436
-1.11511e-05
0.000372574
0.00082424
0.000579441
-0.00120217
-0.00433693
-0.00667157
-0.00443135
0.00559979
0.0228466
0.0405902
0.0465267
0.0270599
-0.0257964
-0.107677
-0.198517
-0.264836
-0.267817
-0.175188
0.0265929
0.32492
0.668492
1.03561
1.18874
-2.67832e-07
-3.12309e-07
2.96521e-06
6.56179e-06
-5.5654e-06
-4.23627e-05
-6.02106e-05
3.95483e-05
0.000297331
0.000519284
0.000248884
-0.000919209
-0.00276044
-0.00400248
-0.00259536
0.00313205
0.0128475
0.0230515
0.0273307
0.0184287
-0.00835649
-0.0517247
-0.102417
-0.143902
-0.155952
-0.120382
-0.0265802
0.119069
0.312032
0.512218
-5.67441e-08
-3.20981e-07
4.83396e-07
3.07689e-06
2.70246e-06
-9.96101e-06
-3.18942e-05
-2.77739e-05
5.45012e-05
0.000211796
0.000305659
8.1156e-05
-0.000643805
-0.00168728
-0.00232732
-0.0014786
0.00171029
0.00705433
0.0127637
0.0155552
0.0116373
-0.00164377
-0.0240745
-0.0514867
-0.0758889
-0.0870444
-0.0748223
-0.0338855
0.0379425
0.156612
-1.93801e-10
-1.40483e-07
-8.88487e-08
8.96556e-07
2.17661e-06
-1.87959e-07
-9.98459e-06
-2.04742e-05
-8.3284e-06
5.01613e-05
0.0001389
0.000169613
7.40043e-06
-0.000423178
-0.000996762
-0.00131689
-0.000821317
0.000916184
0.00379526
0.00691466
0.00862005
0.00696641
0.000505356
-0.0108623
-0.0253033
-0.0390436
-0.0468992
-0.0439067
-0.0273381
0.0224207
6.31694e-09
-4.07e-08
-1.04681e-07
1.30924e-07
8.73464e-07
1.10051e-06
-1.59709e-06
-7.87671e-06
-1.1474e-05
1.06425e-06
3.86828e-05
8.54181e-05
8.91871e-05
-1.82408e-05
-0.000264874
-0.000571921
-0.000727481
-0.000445745
0.000483337
0.00200638
0.00367565
0.00466901
0.0040048
0.000913738
-0.00474601
-0.0121945
-0.0196418
-0.0245845
-0.0254681
-0.0106842
3.50789e-09
-6.79328e-09
-4.73361e-08
-3.02531e-08
2.27313e-07
6.25785e-07
3.06178e-07
-1.88572e-06
-5.34644e-06
-5.59646e-06
4.33577e-06
2.67818e-05
4.98444e-05
4.45197e-05
-2.23643e-05
-0.000159382
-0.000319955
-0.000393396
-0.000236805
0.000251851
0.00104461
0.00192162
0.00247936
0.0022294
0.000772797
-0.00200404
-0.00576939
-0.00965944
-0.0131023
-0.0111031
1.25532e-09
6.45535e-10
-1.44556e-08
-3.08933e-08
2.66042e-08
2.17762e-07
3.51536e-07
-1.21276e-07
-1.60428e-06
-3.24212e-06
-2.26348e-06
4.60858e-06
1.72325e-05
2.78458e-05
2.09876e-05
-1.88946e-05
-9.32019e-05
-0.000175473
-0.000208857
-0.000122842
0.000131445
0.000539251
0.000993235
0.00129682
0.00120969
0.000527869
-0.000822445
-0.00267159
-0.00491428
-0.00594097
2.78723e-10
1.23221e-09
-2.11973e-09
-1.34464e-08
-1.46428e-08
3.923e-08
1.54601e-07
1.83926e-07
-1.70084e-07
-1.03795e-06
-1.84929e-06
-1.13021e-06
2.68832e-06
9.38118e-06
1.50477e-05
1.2167e-05
-6.92402e-06
-4.36048e-05
-8.66253e-05
-0.000110376
-8.14001e-05
2.67049e-05
0.000214466
0.000441851
0.000626279
0.000658279
0.000432348
-9.33856e-05
-0.000966018
-0.00198725
)
;

boundaryField
{
    fixedWall_Bottom
    {
        type            greyDiffusiveRadiation;
        refValue        uniform 18049.5;
        refGradient     uniform 0;
        valueFraction   uniform 1;
        source          uniform 0;
        value           uniform 18049.5;
    }
    fixedWall_Right
    {
        type            greyDiffusiveRadiation;
        refValue        uniform 0;
        refGradient     uniform 0;
        valueFraction   uniform 0;
        source          uniform 0;
        value           nonuniform List<scalar> 
30
(
18055.8
18040.1
17987.2
18044.5
18332.6
18592.8
18185.6
16534.4
13583.2
9868.12
6202.29
3257.11
1316.59
291.25
-106
-174.82
-125.232
-63.2664
-22.9804
-4.43924
1.37032
1.9417
1.18874
0.512218
0.156612
0.0224207
-0.0106842
-0.0111031
-0.00594097
-0.00198725
)
;
    }
    fixedWall_Left
    {
        type            greyDiffusiveRadiation;
        refValue        uniform 0;
        refGradient     uniform 0;
        valueFraction   uniform 1;
        source          uniform 0;
        value           uniform 0;
    }
    fixedWall_Top
    {
        type            greyDiffusiveRadiation;
        refValue        uniform 0;
        refGradient     uniform 0;
        valueFraction   uniform 0;
        source          uniform 0;
        value           nonuniform List<scalar> 
30
(
2.78723e-10
1.23221e-09
-2.11973e-09
-1.34464e-08
-1.46428e-08
3.923e-08
1.54601e-07
1.83926e-07
-1.70084e-07
-1.03795e-06
-1.84929e-06
-1.13021e-06
2.68832e-06
9.38118e-06
1.50477e-05
1.2167e-05
-6.92402e-06
-4.36048e-05
-8.66253e-05
-0.000110376
-8.14001e-05
2.67049e-05
0.000214466
0.000441851
0.000626279
0.000658279
0.000432348
-9.33856e-05
-0.000966018
-0.00198725
)
;
    }
    frontAndBack
    {
        type            empty;
    }
}


// ************************************************************************* //
