/*--------------------------------*- C++ -*----------------------------------*\
| =========                 |                                                 |
| \\      /  F ield         | OpenFOAM: The Open Source CFD Toolbox           |
|  \\    /   O peration     | Version:  2312                                  |
|   \\  /    A nd           | Website:  www.openfoam.com                      |
|    \\/     M anipulation  |                                                 |
\*---------------------------------------------------------------------------*/
FoamFile
{
    version     2.0;
    format      ascii;
    arch        "LSB;label=32;scalar=64";
    class       volScalarField;
    location    "0.03";
    object      ILambda_4_0;
}
// * * * * * * * * * * * * * * * * * * * * * * * * * * * * * * * * * * * * * //

dimensions      [1 0 -3 0 0 0 0];

internalField   nonuniform List<scalar> 
900
(
12730.3
18624.1
18509.4
18096.3
18023.9
18042.3
18051
18050.6
18049.7
18049.5
18049.6
18049.6
18049.5
18049.5
18049.5
18049.6
18049.6
18049.6
18049.6
18049.6
18049.6
18049.6
18049.6
18049.6
18049.6
18049.6
18049.6
18049.6
18049.6
18049.6
5731.69
16122.3
18950
18576.7
18110.6
18012.5
18034.8
18050.1
18051.3
18050.1
18049.8
18049.9
18049.9
18049.8
18049.8
18049.8
18049.8
18049.8
18049.8
18049.8
18049.8
18049.8
18049.8
18049.8
18049.8
18049.8
18049.8
18049.8
18049.8
18049.8
1908.14
11705.5
17849.3
19012.9
18463.5
18070.5
18005.1
18033
18048.9
18050
18048.8
18048.6
18048.8
18048.8
18048.8
18048.7
18048.7
18048.7
18048.7
18048.7
18048.7
18048.7
18048.7
18048.7
18048.7
18048.7
18048.7
18048.7
18048.7
18048.7
155.089
7235.33
15152.4
18711.7
18913.5
18322.6
18029.9
18004.3
18035.7
18048.8
18048.6
18047.2
18047.2
18047.6
18047.8
18047.7
18047.6
18047.6
18047.6
18047.6
18047.6
18047.6
18047.6
18047.6
18047.6
18047.6
18047.6
18047.6
18047.6
18047.6
-444.899
3706.3
11525.5
17267.1
19048.8
18728.6
18195
18005.3
18013.3
18044.5
18053.2
18051
18049.2
18049.3
18049.9
18050.2
18050.2
18050.1
18050.1
18050.1
18050.1
18050.1
18050.1
18050.1
18050.1
18050.1
18050.1
18050.1
18050.1
18050.1
-498.843
1378.98
7791.46
14739.5
18456.1
19061.7
18517.8
18095.9
17997
18028.1
18056.1
18060.3
18056.4
18054.2
18054.2
18054.8
18055.2
18055.2
18055.2
18055.2
18055.2
18055.1
18055.1
18055.1
18055.1
18055.1
18055.1
18055.1
18055.1
18055.1
-355.82
101.479
4572.75
11539.1
16931.4
18998.4
18895.7
18317.8
18023.3
17994.8
18038.5
18061.9
18062.4
18057.4
18054.8
18054.7
18055.3
18055.7
18055.8
18055.8
18055.7
18055.7
18055.7
18055.7
18055.7
18055.7
18055.7
18055.7
18055.7
18055.7
-188.618
-431.996
2177.47
8200.1
14552.2
18261.3
19120.1
18655.5
18148.4
17970.8
17989.9
18037.4
18055.9
18054
18048.6
18046
18045.7
18046.1
18046.5
18046.6
18046.6
18046.6
18046.6
18046.6
18046.6
18046.6
18046.6
18046.6
18046.6
18046.6
-64.1705
-526.623
639.573
5187.98
11619.1
16727.9
18937.7
19005
18414.4
18022.3
17937.3
17983.1
18028.3
18042.1
18039.1
18034
18031.6
18031.2
18031.5
18031.7
18031.9
18031.9
18031.9
18031.9
18031.9
18031.9
18031.9
18031.9
18031.9
18031.9
5.90746
-417.349
-180.31
2794.5
8532.97
14469.6
18134
19172.3
18792.9
18220.8
17949
17928.3
17984.4
18023.4
18033.4
18030.2
18025.7
18023.6
18023.2
18023.4
18023.6
18023.7
18023.7
18023.7
18023.7
18023.7
18023.7
18023.7
18023.7
18023.7
33.2955
-253.575
-493.08
1119.39
5672.1
11724.3
16613.2
18921.2
19148.7
18578.9
18099.6
17931.5
17949.2
18004.4
18035.8
18042.7
18039.8
18036.2
18034.5
18034.1
18034.2
18034.3
18034.4
18034.4
18034.4
18034.4
18034.4
18034.4
18034.4
18034.4
35.1146
-111.803
-506.403
108.894
3305.24
8821.16
14441.2
18059.9
19261.7
19005.4
18414.8
18053.1
17963.2
17998.8
18046.8
18070.7
18075.3
18073
18070.3
18069
18068.6
18068.7
18068.7
18068.8
18068.8
18068.8
18068.8
18068.8
18068.8
18068.8
25.7056
-18.2632
-383.458
-380.88
1556.48
6086.47
11830.1
16520.4
18904
19312.8
18830.9
18314
18064.1
18026
18066
18104.4
18121.7
18124.8
18123
18121.1
18120.1
18119.9
18119.8
18119.9
18119.9
18119.9
18119.9
18119.9
18119.9
18119.9
14.1943
28.9506
-230.231
-522.033
416.919
3766.58
9073.12
14389
17927.1
19277.7
19196.3
18665.7
18260.3
18100.6
18092.8
18129.4
18158.3
18170.4
18172.4
18171.1
18169.8
18169.2
18168.9
18168.9
18169
18169
18169
18169
18169
18169
4.9849
43.1598
-101.564
-469.745
-213.417
1989.04
6459.89
11876.6
16316.2
18719.3
19314.6
18989
18510.8
18217.8
18123.3
18130.4
18160.3
18180.9
18189.1
18190.4
18189.6
18188.8
18188.3
18188.1
18188.1
18188.1
18188.1
18188.2
18188.2
18188.2
-0.705033
38.9463
-15.859
-339.236
-475.085
765.956
4209.85
9251.69
14191.3
17560.2
19008.1
19124.2
18724.4
18341.3
18142.9
18091.3
18103.7
18126.3
18140.6
18146
18146.8
18146.3
18145.8
18145.5
18145.4
18145.3
18145.3
18145.3
18145.4
18145.4
-3.31718
27.5054
29.3157
-201.612
-507.396
25.7095
2440.55
6767.74
11763.5
15845.3
18173.1
18917.7
18779.3
18403.5
18120.8
17993.6
17967.8
17980.4
17996.7
18006.2
18009.7
18010.2
18009.9
18009.6
18009.4
18009.3
18009.3
18009.3
18009.3
18009.3
-3.86224
15.6031
45.0138
-91.348
-423.255
-345.832
1171.27
4611.98
9273.61
13720.3
16805.6
18266.3
18555.1
18317.6
18009.4
17813.3
17735.4
17724
17734.7
17745.8
17752
17754.2
17754.6
17754.4
17754.2
17754.1
17754
17754
17754
17754
-3.31627
6.33461
43.3365
-18.1456
-300.271
-469.464
348.902
2884.42
6935.34
11386.3
14995.5
17142.7
17965.5
17997.9
17752.2
17520.8
17391.1
17345.3
17341.3
17349.4
17356.8
17360.7
17362.1
17362.4
17362.3
17362.1
17362.1
17362
17362
17362
-2.38309
0.424281
33.8603
21.8306
-183.207
-449.338
-118.836
1603.68
4900.71
9049.1
12896.2
15597.7
16978.8
17381.7
17295
17084.4
16921.2
16838.8
16812.7
16812.1
16817.9
16822.7
16825.1
16826
16826.1
16826.1
16826
16826
16825.9
16825.9
-1.47
-2.60611
22.7257
37.6774
-91.9664
-362.658
-334.122
728.557
3248.63
6880.47
10685.8
13742.4
15623.6
16444.6
16599.7
16476.2
16313.7
16204.1
16153.4
16139
16139.7
16143.6
16146.6
16148.1
16148.6
16148.7
16148.7
16148.6
16148.6
16148.6
-0.755634
-3.63651
13.0975
38.8076
-30.6663
-259.089
-389.141
184.429
1992.62
4996.77
8530.32
11719.7
13978.6
15205.5
15653.7
15679.7
15561.3
15444.5
15373.6
15343.3
15335.5
15336.5
15339.1
15340.9
15341.8
15342.1
15342.2
15342.2
15342.2
15342.2
-0.276799
-3.51057
6.09174
32.6758
4.76001
-165.614
-356.161
-113.69
1098.73
3455.07
6559.81
9675.35
12153.9
13721.3
14474
14694.6
14664.3
14567.6
14487.9
14443.5
14425.7
14421.6
14422.5
14424.1
14425.2
14425.8
14425.9
14426
14426
14426
-3.65129e-05
-2.85998
1.6654
24.2221
21.3091
-93.2623
-285.391
-245.011
506.098
2261.6
4857.14
7734.7
10269
12075.4
13104.3
13539.5
13632.5
13585.4
13513.5
13461.2
13434
13423.8
13421.7
13422.3
13423.4
13424
13424.3
13424.5
13424.5
13424.5
0.131271
-2.08123
-0.727807
16.196
25.8915
-43.4295
-207.604
-274.301
144.692
1386.43
3458.88
5989.28
8434.06
10361.6
11607.4
12250.1
12487
12514.9
12469.7
12419.4
12386.3
12370
12364.2
12363.1
12363.6
12364.2
12364.6
12364.8
12364.8
12364.8
0.171588
-1.38077
-1.73991
9.78511
23.9875
-12.7277
-138.824
-249.195
-52.1548
779.18
2363.52
4492.65
6736.22
8670.14
10055.1
10874.3
11257.8
11378.3
11377.2
11340.7
11307.1
11286.6
11277
11273.7
11273.2
11273.5
11273.9
11274.1
11274.2
11274.2
0.162971
-0.837803
-1.93338
5.23394
19.3434
3.81863
-85.2436
-201.425
-140.659
382.397
1543.64
3264.51
5235.43
7078.57
8520.19
9468.47
9985.11
10204.6
10260.9
10249.6
10222.7
10201.1
10188.6
10183.1
10181.3
10181
10181.2
10181.4
10181.5
10181.6
0.133425
-0.457747
-1.71603
2.30293
14.1666
11.019
-47.1456
-149.592
-163.827
140.084
954.389
2291.46
3953.16
5630.31
7049.46
8069.53
8691.17
9004.64
9125.03
9148.26
9135.5
9117.08
9103.6
9096.24
9093.07
9092.08
9091.96
9092.08
9092.2
9092.29
0.100173
-0.222884
-1.35892
0.659164
9.75509
12.6866
-23.1152
-105.455
-153.553
8.72471
565.15
1583.14
2953.62
4439.4
5788.88
6835.34
7532.02
7926.7
8110.31
8172.47
8178.71
8166.95
8154.24
8145.72
8141.27
8139.43
8138.87
8138.82
8138.89
8138.97
0.0618729
-0.0383506
-0.883154
-0.469076
5.15456
11.1928
-3.90632
-57.8186
-117.505
-73.212
222.77
868.257
1840.84
2998.7
4147.39
5122.62
5840.48
6299.93
6553.28
6669.8
6710.16
6715.95
6710.36
6703.67
6699.02
6696.52
6695.43
6695.06
6695
6695.02
)
;

boundaryField
{
    fixedWall_Bottom
    {
        type            greyDiffusiveRadiation;
        refValue        uniform 18049.5;
        refGradient     uniform 0;
        valueFraction   uniform 1;
        source          uniform 0;
        value           uniform 18049.5;
    }
    fixedWall_Right
    {
        type            greyDiffusiveRadiation;
        refValue        uniform 0;
        refGradient     uniform 0;
        valueFraction   uniform 0;
        source          uniform 0;
        value           nonuniform List<scalar> 
30
(
18049.6
18049.8
18048.7
18047.6
18050.1
18055.1
18055.7
18046.6
18031.9
18023.7
18034.4
18068.8
18119.9
18169
18188.2
18145.4
18009.3
17754
17362
16825.9
16148.6
15342.2
14426
13424.5
12364.8
11274.2
10181.6
9092.29
8138.97
6695.02
)
;
    }
    fixedWall_Left
    {
        type            greyDiffusiveRadiation;
        refValue        uniform 0;
        refGradient     uniform 0;
        valueFraction   uniform 1;
        source          uniform 0;
        value           uniform 0;
    }
    fixedWall_Top
    {
        type            greyDiffusiveRadiation;
        refValue        uniform 0;
        refGradient     uniform 0;
        valueFraction   uniform 0;
        source          uniform 0;
        value           nonuniform List<scalar> 
30
(
0.0618729
-0.0383506
-0.883154
-0.469076
5.15456
11.1928
-3.90632
-57.8186
-117.505
-73.212
222.77
868.257
1840.84
2998.7
4147.39
5122.62
5840.48
6299.93
6553.28
6669.8
6710.16
6715.95
6710.36
6703.67
6699.02
6696.52
6695.43
6695.06
6695
6695.02
)
;
    }
    frontAndBack
    {
        type            empty;
    }
}


// ************************************************************************* //
