/*--------------------------------*- C++ -*----------------------------------*\
| =========                 |                                                 |
| \\      /  F ield         | OpenFOAM: The Open Source CFD Toolbox           |
|  \\    /   O peration     | Version:  2312                                  |
|   \\  /    A nd           | Website:  www.openfoam.com                      |
|    \\/     M anipulation  |                                                 |
\*---------------------------------------------------------------------------*/
FoamFile
{
    version     2.0;
    format      ascii;
    arch        "LSB;label=32;scalar=64";
    class       volScalarField;
    location    "0.03";
    object      ILambda_59_0;
}
// * * * * * * * * * * * * * * * * * * * * * * * * * * * * * * * * * * * * * //

dimensions      [1 0 -3 0 0 0 0];

internalField   nonuniform List<scalar> 
900
(
18049.6
18049.6
18049.6
18049.6
18049.6
18049.6
18049.6
18049.6
18049.6
18049.6
18049.6
18049.6
18049.6
18049.6
18049.6
18049.6
18049.5
18049.5
18049.6
18049.6
18049.5
18049.7
18050.6
18051
18042.3
18023.9
18096.3
18509.4
18624.1
12730.3
18049.8
18049.8
18049.8
18049.8
18049.8
18049.8
18049.8
18049.8
18049.8
18049.8
18049.8
18049.8
18049.8
18049.8
18049.8
18049.8
18049.8
18049.9
18049.9
18049.8
18050.1
18051.3
18050.1
18034.8
18012.5
18110.6
18576.7
18950
16122.3
5731.69
18048.7
18048.7
18048.7
18048.7
18048.7
18048.7
18048.7
18048.7
18048.7
18048.7
18048.7
18048.7
18048.7
18048.7
18048.7
18048.8
18048.8
18048.8
18048.6
18048.8
18050
18048.8
18033
18005.1
18070.5
18463.5
19012.9
17849.3
11705.5
1908.14
18047.6
18047.6
18047.6
18047.6
18047.6
18047.6
18047.6
18047.6
18047.6
18047.6
18047.6
18047.6
18047.6
18047.6
18047.7
18047.8
18047.6
18047.2
18047.2
18048.6
18048.8
18035.7
18004.3
18029.9
18322.6
18913.5
18711.7
15152.4
7235.33
155.089
18050.1
18050.1
18050.1
18050.1
18050.1
18050.1
18050.1
18050.1
18050.1
18050.1
18050.1
18050.1
18050.2
18050.2
18050.2
18049.9
18049.4
18049.3
18051.1
18053.2
18044.5
18013.3
18005.3
18195.1
18728.7
19048.8
17267.1
11525.5
3706.3
-444.899
18055.2
18055.2
18055.2
18055.2
18055.2
18055.2
18055.2
18055.2
18055.2
18055.2
18055.2
18055.2
18055.3
18055.2
18054.8
18054.2
18054.2
18056.4
18060.3
18056.1
18028.1
17997
18095.9
18517.9
19061.7
18456.1
14739.5
7791.46
1378.98
-498.843
18055.7
18055.7
18055.7
18055.7
18055.7
18055.7
18055.7
18055.7
18055.7
18055.7
18055.7
18055.7
18055.6
18055.2
18054.7
18054.8
18057.4
18062.4
18061.9
18038.4
17994.7
18023.3
18317.8
18895.7
18998.3
16931.5
11539.1
4572.75
101.478
-355.82
18046.5
18046.5
18046.5
18046.5
18046.5
18046.5
18046.5
18046.5
18046.5
18046.6
18046.5
18046.4
18046.1
18045.6
18045.9
18048.5
18053.9
18055.8
18037.3
17989.8
17970.7
18148.3
18655.4
19120.1
18261.3
14552.2
8200.1
2177.47
-431.997
-188.618
18031.9
18031.9
18031.9
18031.9
18031.9
18031.9
18031.9
18031.9
18031.9
18031.9
18031.7
18031.5
18031.2
18031.6
18034
18039.1
18042.1
18028.3
17983.2
17937.3
18022.3
18414.4
19005
18937.6
16727.9
11619
5187.98
639.578
-526.623
-64.1709
18023.8
18023.8
18023.8
18023.8
18023.8
18023.8
18023.8
18023.8
18023.8
18023.7
18023.5
18023.3
18023.7
18025.8
18030.3
18033.5
18023.5
17984.5
17928.4
17949.1
18220.9
18793
19172.4
18134
14469.5
8532.94
2794.5
-180.305
-417.348
5.90687
18034.5
18034.5
18034.5
18034.5
18034.5
18034.6
18034.5
18034.5
18034.4
18034.3
18034.2
18034.6
18036.3
18039.9
18042.8
18035.9
18004.5
17949.3
17931.7
18099.7
18579
19148.8
18921.3
16613.3
11724.3
5672.08
1119.38
-493.076
-253.574
33.2949
18068.9
18068.9
18068.9
18068.9
18068.9
18068.9
18068.8
18068.8
18068.7
18068.7
18069
18070.3
18073
18075.4
18070.7
18046.9
17998.9
17963.2
18053.2
18414.8
19005.4
19261.7
18059.9
14441.2
8821.19
3305.23
108.879
-506.402
-111.801
35.114
18119.8
18119.8
18119.8
18119.8
18119.8
18119.8
18119.8
18119.7
18119.8
18120
18121
18122.9
18124.7
18121.6
18104.3
18065.9
18025.9
18064
18314
18830.8
19312.7
18903.9
16520.4
11830.2
6086.53
1556.49
-380.9
-383.461
-18.2589
25.705
18168.8
18168.8
18168.8
18168.8
18168.8
18168.7
18168.7
18168.7
18168.9
18169.6
18170.9
18172.2
18170.2
18158.1
18129.2
18092.6
18100.4
18260.1
18665.5
19196.1
19277.4
17926.8
14388.8
9073.14
3766.66
416.944
-522.059
-230.238
28.957
14.1935
18187.9
18187.9
18187.9
18187.9
18187.9
18187.9
18187.9
18188.1
18188.5
18189.4
18190.2
18188.9
18180.7
18160
18130.1
18123.1
18217.5
18510.5
18988.8
19314.3
18719
16315.9
11876.4
6459.91
1989.15
-213.38
-469.778
-101.574
43.1683
4.98383
18145.2
18145.2
18145.2
18145.1
18145.1
18145.2
18145.3
18145.6
18146.1
18146.6
18145.8
18140.4
18126.1
18103.5
18091.1
18142.7
18341.1
18724.2
19124
19008
17559.9
14190.9
9251.43
4209.86
766.094
-475.042
-339.277
-15.8698
38.9567
-0.706518
18009.2
18009.2
18009.2
18009.2
18009.2
18009.3
18009.5
18009.8
18010.1
18009.6
18006.1
17996.6
17980.3
17967.7
17993.5
18120.6
18403.4
18779.2
18917.7
18173
15845
11763.1
6767.46
2440.57
25.8609
-507.353
-201.659
29.3059
27.5168
-3.31907
17754
17754
17754
17754
17754.1
17754.2
17754.4
17754.6
17754.2
17752
17745.8
17734.7
17724
17735.4
17813.3
18009.4
18317.6
18555.2
18266.4
16805.6
13720.1
9273.22
4611.7
1171.3
-345.678
-423.218
-91.3974
45.0065
15.6146
-3.86442
17362.1
17362.1
17362.1
17362.2
17362.2
17362.3
17362.5
17362.2
17360.8
17356.9
17349.5
17341.4
17345.4
17391.2
17520.9
17752.3
17998
17965.7
17142.9
14995.6
11386.2
6934.98
2884.17
348.938
-469.314
-300.243
-18.1949
43.3324
6.34534
-3.31857
16826.1
16826.1
16826.1
16826.1
16826.2
16826.3
16826.1
16825.2
16822.8
16818
16812.2
16812.9
16839
16921.3
17084.5
17295.1
17381.8
16979.1
15598
12896.4
9049
4900.38
1603.44
-118.795
-449.2
-183.188
21.7841
33.8595
0.433543
-2.38533
16148.8
16148.8
16148.8
16148.8
16148.9
16148.8
16148.2
16146.7
16143.7
16139.8
16139.2
16153.6
16204.3
16313.9
16476.4
16599.8
16444.8
15623.8
13742.7
10686
6880.41
3248.34
728.353
-334.077
-362.536
-91.9562
37.6357
22.7277
-2.59867
-1.47203
15342.3
15342.3
15342.4
15342.4
15342.3
15342
15341.1
15339.2
15336.7
15335.7
15343.5
15373.8
15444.7
15561.5
15679.8
15653.8
15205.6
13978.8
11720
8530.56
4996.74
1992.37
184.254
-389.095
-258.984
-30.6634
38.7717
13.1016
-3.63094
-0.757365
14426.1
14426.2
14426.2
14426.1
14425.9
14425.4
14424.3
14422.6
14421.8
14425.8
14443.6
14488.1
14567.8
14664.4
14694.7
14474.1
13721.4
12154.1
9675.66
6560.04
3455.05
1098.51
-113.836
-356.115
-165.526
4.75755
32.6461
6.09703
-3.50669
-0.278194
13424.6
13424.6
13424.6
13424.5
13424.2
13423.5
13422.5
13421.9
13423.9
13434.2
13461.3
13513.6
13585.5
13632.6
13539.5
13104.3
12075.4
10269.2
7734.99
4857.37
2261.58
505.914
-245.13
-285.347
-93.1916
21.303
24.1985
1.67116
-2.85751
-0.00110488
12364.9
12364.9
12364.9
12364.7
12364.3
12363.7
12363.2
12364.3
12370.1
12386.3
12419.5
12469.7
12514.9
12486.9
12250.1
11607.4
10361.6
8434.2
5989.53
3459.08
1386.42
144.538
-274.395
-207.564
-43.3738
25.8835
16.1778
-0.722174
-2.07983
0.130492
11274.2
11274.2
11274.1
11273.9
11273.5
11273.2
11273.7
11277
11286.5
11307
11340.5
11377.1
11378.2
11257.8
10874.2
10055.1
8670.12
6736.33
4492.86
2363.69
779.174
-52.2826
-249.268
-138.788
-12.6849
23.9788
9.77157
-1.73479
-1.38011
0.171047
10181.4
10181.3
10181.2
10181
10180.8
10181.1
10182.9
10188.4
10200.8
10222.4
10249.2
10260.6
10204.4
9984.96
9468.37
8520.1
7078.54
5235.51
3264.69
1543.79
382.391
-140.764
-201.48
-85.2124
3.85077
19.3348
5.22419
-1.92898
-0.837631
0.162614
9091.75
9091.67
9091.55
9091.43
9091.55
9092.53
9095.67
9102.99
9116.42
9134.83
9147.63
9124.52
9004.3
8690.98
8069.42
7049.37
5630.27
3953.22
2291.61
954.509
140.077
-163.911
-149.632
-47.119
11.0426
14.1587
2.29613
-1.71242
-0.457852
0.133203
8138.1
8138.03
8137.95
8138.01
8138.55
8140.37
8144.78
8153.25
8165.91
8177.69
8171.55
8109.59
7926.25
7531.79
6835.23
5788.81
4439.35
2953.66
1583.26
565.245
8.71796
-153.619
-105.484
-23.0934
12.7036
9.74829
0.654534
-1.35609
-0.223118
0.100042
6693.21
6693.19
6693.25
6693.61
6694.68
6697.15
6701.76
6708.44
6714.08
6708.45
6668.39
6552.3
6299.4
5840.28
5122.58
4147.37
2998.68
1840.88
868.352
222.839
-73.2244
-117.556
-57.8359
-3.88837
11.2031
5.14878
-0.471557
-0.881143
-0.0386542
0.0618189
)
;

boundaryField
{
    fixedWall_Bottom
    {
        type            greyDiffusiveRadiation;
        refValue        uniform 18049.5;
        refGradient     uniform 0;
        valueFraction   uniform 1;
        source          uniform 0;
        value           uniform 18049.5;
    }
    fixedWall_Right
    {
        type            greyDiffusiveRadiation;
        refValue        uniform 0;
        refGradient     uniform 0;
        valueFraction   uniform 1;
        source          uniform 0;
        value           uniform 0;
    }
    fixedWall_Left
    {
        type            greyDiffusiveRadiation;
        refValue        uniform 0;
        refGradient     uniform 0;
        valueFraction   uniform 0;
        source          uniform 0;
        value           nonuniform List<scalar> 
30
(
18049.6
18049.8
18048.7
18047.6
18050.1
18055.2
18055.7
18046.5
18031.9
18023.8
18034.5
18068.9
18119.8
18168.8
18187.9
18145.2
18009.2
17754
17362.1
16826.1
16148.8
15342.3
14426.1
13424.6
12364.9
11274.2
10181.4
9091.75
8138.1
6693.21
)
;
    }
    fixedWall_Top
    {
        type            greyDiffusiveRadiation;
        refValue        uniform 0;
        refGradient     uniform 0;
        valueFraction   uniform 0;
        source          uniform 0;
        value           nonuniform List<scalar> 
30
(
6693.21
6693.19
6693.25
6693.61
6694.68
6697.15
6701.76
6708.44
6714.08
6708.45
6668.39
6552.3
6299.4
5840.28
5122.58
4147.37
2998.68
1840.88
868.352
222.839
-73.2244
-117.556
-57.8359
-3.88837
11.2031
5.14878
-0.471557
-0.881143
-0.0386542
0.0618189
)
;
    }
    frontAndBack
    {
        type            empty;
    }
}


// ************************************************************************* //
