/*--------------------------------*- C++ -*----------------------------------*\
| =========                 |                                                 |
| \\      /  F ield         | OpenFOAM: The Open Source CFD Toolbox           |
|  \\    /   O peration     | Version:  2312                                  |
|   \\  /    A nd           | Website:  www.openfoam.com                      |
|    \\/     M anipulation  |                                                 |
\*---------------------------------------------------------------------------*/
FoamFile
{
    version     2.0;
    format      ascii;
    arch        "LSB;label=32;scalar=64";
    class       volScalarField;
    location    "0.03";
    object      ILambda_7_0;
}
// * * * * * * * * * * * * * * * * * * * * * * * * * * * * * * * * * * * * * //

dimensions      [1 0 -3 0 0 0 0];

internalField   nonuniform List<scalar> 
900
(
9547.76
17241.8
18747.7
18470.6
18129
18013.8
18018.1
18041.4
18052
18052.3
18050.2
18049.1
18049.1
18049.4
18049.7
18049.8
18049.8
18049.7
18049.7
18049.6
18049.6
18049.6
18049.6
18049.6
18049.6
18049.6
18049.6
18049.6
18049.6
18049.6
1663.04
10136.4
16323.4
18623.1
18743.7
18331.7
18065
17999.1
18018.8
18043.8
18052.8
18051.6
18048.5
18047
18046.9
18047.4
18047.9
18048.2
18048.2
18048.2
18048.2
18048.1
18048.1
18048.1
18048.1
18048.1
18048.1
18048.1
18048.1
18048.1
-525.123
3630.4
10582.7
16016.5
18463.7
18832.7
18467.1
18131.5
18003.7
18004.3
18035.4
18053.7
18056.4
18052.6
18049
18047.4
18047.3
18047.9
18048.3
18048.6
18048.7
18048.7
18048.7
18048.7
18048.7
18048.7
18048.7
18048.7
18048.7
18048.7
-567.84
230.875
4757.52
10977.6
15916.5
18358.9
18871
18562.4
18194.1
18017.7
17995.5
18028.1
18056.3
18065.9
18064
18059.1
18055.6
18054.1
18054
18054.4
18054.7
18055
18055.1
18055.1
18055.1
18055.1
18055.1
18055.1
18055.1
18055.1
-220.933
-704.816
992.015
5602.15
11345.3
15916
18298.1
18888.8
18628.5
18243.8
18027.9
17980.7
18010.4
18047.3
18066.5
18069.8
18066.1
18061.6
18058.8
18057.6
18057.4
18057.6
18057.8
18058
18058.1
18058.1
18058.1
18058.1
18058.1
18058.1
-11.1717
-546.323
-539.96
1685.83
6299.2
11690.5
15965.7
18266
18897.7
18675
18280.4
18028.9
17952.3
17971.9
18013.4
18042.1
18053.2
18053.3
18049.8
18046.5
18044.5
18043.6
18043.4
18043.5
18043.6
18043.7
18043.8
18043.8
18043.8
18043.8
42.4578
-202.524
-702.407
-266.227
2319.48
6904.54
12014.8
16042.7
18257.1
18911.3
18721.4
18322.6
18038.5
17927.6
17928
17966.4
18000.9
18019.5
18025.3
18024.5
18022
18019.8
18018.5
18018
18017.8
18017.8
18017.9
18017.9
18017.9
18018
28.7988
-1.35518
-389.184
-750.126
59.0469
2905.95
7447.49
12322
16138
18271.6
18944.5
18792.2
18400.4
18091.2
17944.9
17918.6
17945
17979
18002.2
18013
18015.9
18015.1
18013.6
18012.3
18011.6
18011.2
18011.1
18011.1
18011.1
18011.1
7.63408
50.9703
-97.9376
-543.573
-720.588
411.917
3458.24
7947.46
12613.3
16240.3
18300.8
18997.6
18895.7
18528.8
18208.7
18032.4
17976.6
17984.5
18011.3
18034.7
18048.5
18054.4
18055.8
18055.3
18054.5
18053.8
18053.4
18053.2
18053.1
18053.1
-2.53761
34.9113
36.0872
-215.065
-660.203
-634.339
785.39
3989.59
8413.41
12877.9
16324.1
18315.4
19042.9
19006.5
18685.3
18373.4
18178.9
18097.1
18084.1
18099.2
18118.4
18132.4
18140
18143.1
18143.8
18143.6
18143.1
18142.8
18142.6
18142.5
-3.70381
9.7726
54.2565
-6.98603
-338.799
-741.636
-499.029
1183.64
4508.46
8839.84
13089.9
16348.8
18267.6
19028.1
19068.3
18810.7
18526.6
18329.2
18229.7
18197.9
18199.8
18212.2
18223.9
18231.6
18235.5
18237.1
18237.5
18237.4
18237.2
18237
-1.71561
-3.41114
29.1097
60.9355
-74.1313
-464.144
-785.688
-309.604
1613.16
5012.02
9206.96
13213.5
16268.2
18103.3
18891
19010.2
18827.4
18586.8
18401.5
18295
18249.9
18239.8
18244.5
18252.5
18258.9
18262.9
18264.9
18265.6
18265.8
18265.8
-0.00335247
-5.56414
4.69654
51.0204
49.9125
-165.269
-583.922
-780.08
-56.2234
2072.21
5483.35
9485.67
13212.5
16040.7
17775
18576.2
18767.5
18661.8
18474.1
18312.6
18209.2
18157.4
18138.7
18136.6
18140.4
18144.9
18148.2
18150.1
18151.1
18151.5
0.625451
-3.12274
-6.33315
21.312
69.2982
13.6712
-277.411
-681.769
-707.321
264.13
2544.76
5894.43
9645.02
13057.1
15637.3
17251.4
18047
18296.2
18261.7
18129.1
17998.4
17906.1
17853.9
17830.4
17823.2
17823.4
17825.7
17828
17829.6
17830.7
0.544211
-0.524796
-7.19607
-0.0872969
44.2915
73.502
-52.9451
-397.674
-734.445
-555.348
639.889
3001.79
6213.16
9659.54
12730
15045.9
16522
17291.1
17579.4
17604.4
17523.2
17425.5
17349
17301.2
17276.6
17266.5
17263.9
17264.4
17265.6
17266.9
0.255667
0.776192
-4.15062
-8.28072
15.3887
65.6078
52.7409
-145.608
-503.506
-721.044
-326.097
1044.73
3408
6411.34
9514.63
12228.7
14272.1
15596.6
16319.9
16627.6
16697.3
16659.9
16593.5
16534.6
16494.2
16471.1
16460
16455.8
16454.9
16455.3
0.0301409
0.980565
-1.1673
-8.02245
-2.10457
36.7641
73.5671
2.87229
-248.52
-570.162
-632.159
-37.3889
1443.54
3730.25
6470.73
9209.22
11565.7
13337.3
14503.2
15165.2
15474.3
15573.4
15570
15530.5
15488.6
15456.9
15437.1
15426.4
15421.6
15419.6
-0.0725433
0.689421
0.469964
-4.82274
-8.10116
11.9955
55.2835
59.1809
-69.4049
-339.438
-579.925
-473.768
281.445
1800.58
3944.12
6386.02
8755.48
10765.6
12275.2
13281.8
13872.4
14168
14282.9
14303.5
14285.4
14258.3
14235.2
14219.4
14210.2
14204.6
-0.0878758
0.333905
0.938824
-1.85533
-7.51833
-1.69555
29.4231
61.2983
21.507
-148.619
-397.932
-527.785
-265.058
596.998
2086.62
4037.55
6164.83
8176.54
9861.96
11126.7
11979.6
12493.7
12765.4
12884.6
12920.4
12917.9
12902.7
12887.1
12875.5
12866.6
-0.0652473
0.0898009
0.800794
-0.108578
-4.76346
-6.2912
10.0426
42.6202
49.5728
-31.7115
-216.755
-411.988
-421.706
-32.506
878.936
2283.13
4011.16
5825.4
7502.81
8892.78
9934.97
10644.6
11082.1
11323.5
11438.8
11482.1
11490
11483.8
11474.5
11464.8
-0.0368229
-0.027189
0.493896
0.567291
-2.21403
-5.9752
-0.303617
22.534
45.2878
21.6938
-87.7223
-259.619
-380.385
-278.808
196.744
1104.87
2383.43
3876.37
5393.16
6768.02
7896.25
8741.51
9321.79
9686.44
9894.57
10000.3
10045.8
10059.7
10059.7
10053.9
-0.0158068
-0.0598672
0.232482
0.631487
-0.61109
-4.01255
-3.96397
8.43678
30.4636
35.4179
-15.2449
-133.897
-270.475
-311.129
-119.95
400.042
1262.42
2391.42
3652.15
4896.89
6005.61
6907.59
7582.76
8049.51
8347.51
8522.39
8615.54
8659.29
8675.9
8680.19
-0.00404488
-0.053019
0.0726653
0.462251
0.133409
-2.11263
-4.07946
0.918315
16.361
30.5297
15.6418
-52.0689
-161.639
-250.374
-217.69
35.1603
562.061
1348.81
2318.94
3361.52
4365.4
5245.86
5956.58
6488.11
6857.71
7096.86
7240.44
7319.86
7359.14
7379.58
0.000983983
-0.0351307
-0.00209596
0.267853
0.346792
-0.836388
-2.9254
-1.97742
6.74286
20.3466
22.6296
-8.55088
-80.8982
-167.902
-206.123
-114.937
171.199
675.407
1369.07
2182.57
3028.3
3824.89
4513.98
5066.33
5479.02
5767.4
5956.09
6071.65
6136.63
6177.84
0.00230165
-0.0191581
-0.0257053
0.125614
0.315996
-0.165419
-1.69064
-2.40556
1.52557
11.2065
19.0738
9.31528
-31.2525
-97.1355
-154.612
-147.356
-15.9769
278.601
739.655
1333.43
2000.73
2674.71
3297.27
3829.22
4252.9
4569.11
4790.98
4937.69
5027.63
5091.57
0.00205149
-0.00862792
-0.0257064
0.0436836
0.214544
0.101789
-0.799265
-1.87072
-0.666847
5.01959
12.7705
13.2104
-5.67521
-48.0181
-99.8349
-126.911
-83.8593
69.6323
353.436
759.528
1254.77
1791.33
2319.69
2799.35
3204.67
3525.63
3764.89
3933.52
4044.11
4129.59
0.00139061
-0.00293281
-0.0182955
0.00550259
0.120828
0.158241
-0.284086
-1.17163
-1.21134
1.57831
7.23789
11.1468
4.72154
-18.8813
-56.6959
-90.9304
-91.184
-23.7397
136.403
396.388
742.939
1146.62
1570.32
1978.3
2342.97
2648.06
2888.33
3067.48
3191.82
3294.81
0.000798825
-0.000389411
-0.0108023
-0.00776008
0.0572519
0.130978
-0.0403532
-0.620131
-1.05585
0.015302
3.46894
7.56236
7.1118
-4.08603
-27.995
-57.2605
-73.9119
-53.4251
27.3926
182.304
410.826
698.325
1020.35
1349.08
1659.35
1932.85
2159.56
2337.48
2467.35
2581.68
0.000402982
0.000452255
-0.00553963
-0.00945854
0.0220721
0.0859607
0.0456708
-0.278319
-0.721439
-0.489395
1.34201
4.45952
6.1538
1.9265
-11.5788
-32.6183
-51.835
-53.1414
-18.0756
68.2042
211.897
408.466
643.959
898.82
1152.55
1387.72
1592.29
1760.66
1889.27
2008.87
0.000134968
0.000639179
-0.00185955
-0.00721551
0.00171104
0.0417522
0.0648076
-0.0571544
-0.363221
-0.536574
0.0740226
1.83412
3.89151
3.82306
-1.34366
-12.85
-27.842
-38.4401
-33.0896
0.186851
69.9954
178.787
322.062
489.631
668.214
844.387
1006.94
1148.61
1262.77
1376.25
)
;

boundaryField
{
    fixedWall_Bottom
    {
        type            greyDiffusiveRadiation;
        refValue        uniform 18049.5;
        refGradient     uniform 0;
        valueFraction   uniform 1;
        source          uniform 0;
        value           uniform 18049.5;
    }
    fixedWall_Right
    {
        type            greyDiffusiveRadiation;
        refValue        uniform 0;
        refGradient     uniform 0;
        valueFraction   uniform 0;
        source          uniform 0;
        value           nonuniform List<scalar> 
30
(
18049.6
18048.1
18048.7
18055.1
18058.1
18043.8
18018
18011.1
18053.1
18142.5
18237
18265.8
18151.5
17830.7
17266.9
16455.3
15419.6
14204.6
12866.6
11464.8
10053.9
8680.19
7379.58
6177.84
5091.57
4129.59
3294.81
2581.68
2008.87
1376.25
)
;
    }
    fixedWall_Left
    {
        type            greyDiffusiveRadiation;
        refValue        uniform 0;
        refGradient     uniform 0;
        valueFraction   uniform 1;
        source          uniform 0;
        value           uniform 0;
    }
    fixedWall_Top
    {
        type            greyDiffusiveRadiation;
        refValue        uniform 0;
        refGradient     uniform 0;
        valueFraction   uniform 0;
        source          uniform 0;
        value           nonuniform List<scalar> 
30
(
0.000134968
0.000639179
-0.00185955
-0.00721551
0.00171104
0.0417522
0.0648076
-0.0571544
-0.363221
-0.536574
0.0740226
1.83412
3.89151
3.82306
-1.34366
-12.85
-27.842
-38.4401
-33.0896
0.186851
69.9954
178.787
322.062
489.631
668.214
844.387
1006.94
1148.61
1262.77
1376.25
)
;
    }
    frontAndBack
    {
        type            empty;
    }
}


// ************************************************************************* //
