/*--------------------------------*- C++ -*----------------------------------*\
| =========                 |                                                 |
| \\      /  F ield         | OpenFOAM: The Open Source CFD Toolbox           |
|  \\    /   O peration     | Version:  2312                                  |
|   \\  /    A nd           | Website:  www.openfoam.com                      |
|    \\/     M anipulation  |                                                 |
\*---------------------------------------------------------------------------*/
FoamFile
{
    version     2.0;
    format      ascii;
    arch        "LSB;label=32;scalar=64";
    class       volScalarField;
    location    "0.03";
    object      ILambda_54_0;
}
// * * * * * * * * * * * * * * * * * * * * * * * * * * * * * * * * * * * * * //

dimensions      [1 0 -3 0 0 0 0];

internalField   nonuniform List<scalar> 
900
(
18048.6
18048.6
18048.6
18048.6
18048.6
18048.6
18048.6
18048.6
18048.6
18048.6
18048.4
18048.2
18048
18047.8
18047.9
18048.7
18050.3
18052.4
18053.2
18049.5
18037.4
18018.2
18007.3
18044.2
18186.4
18453.5
18669
18151.3
15298.6
7452.63
18049.4
18049.4
18049.4
18049.4
18049.4
18049.3
18049.2
18049.1
18048.9
18048.8
18048.8
18049.1
18050.2
18052.3
18055.1
18057.3
18055.8
18046.7
18027.7
18005.5
18004.5
18070.9
18252.3
18532.1
18707
18249.4
16296.9
12035.8
5738.65
162.418
18057
18057
18057
18056.9
18056.8
18056.8
18056.7
18056.8
18057.2
18058.1
18059.8
18062.2
18064.8
18065.7
18061.8
18049.4
18027.2
18002.7
17999.6
18059.6
18225.2
18489.3
18706.9
18508
17298
14471.4
9900.42
4511.85
349.277
-703.157
18055.2
18055.2
18055.1
18055.1
18055.2
18055.5
18056.1
18057.2
18058.8
18060.7
18062
18060.8
18054.3
18039.4
18015.7
17990.1
17982.9
18030
18171
18412.5
18664.4
18670.1
17989.3
16111.3
12742.5
8180.03
3500.13
195.046
-837.814
-261.507
18027.1
18027.2
18027.4
18027.7
18028.3
18029.1
18030.2
18031
18030.7
18027.5
18019.3
18003.9
17981.4
17958.1
17950.7
17988.7
18107.1
18322.3
18585.2
18724.9
18416.3
17230.3
14807.2
11124.8
6718.88
2633.9
-38.6166
-866.818
-468.473
-0.852153
17999.7
18000
18000.4
18000.8
18001.2
18001.1
17999.6
17995.4
17987.1
17973.3
17955
17937.4
17934.3
17968.7
18069.9
18257.4
18509.2
18717.2
18650.4
17963.9
16294.9
13450.8
9618.72
5452.2
1892.34
-275.053
-890.728
-535.696
-76.3894
35.7075
18033.8
18033.9
18033.8
18033.1
18031.2
18027.1
18020.1
18009.6
17996.9
17986.7
17989.5
18023.1
18110.3
18269.2
18492.7
18715.8
18781.5
18429.2
17335.8
15234.6
12087.8
8228.18
4347.88
1260.38
-485.56
-906.751
-554.244
-117.019
44.3344
12.4282
18154.3
18153.3
18151.5
18148.3
18143.2
18136.4
18129.2
18125.5
18133.3
18165.6
18239.1
18368.5
18553.2
18755
18871.3
18715.8
18028.3
16537.6
14081.3
10748.3
6958.7
3390.79
728.148
-661.829
-911.792
-545.909
-132.681
42.7602
31.5875
-1.3595
18297.3
18294.6
18291.6
18287.8
18284.8
18285.6
18295.9
18324.8
18384
18484.1
18626.3
18788.3
18904.2
18846.3
18420.4
17391.9
15556.3
12848.5
9448.15
5813.16
2573.31
290.507
-801.885
-907.189
-522.239
-130.411
42.8699
42.2985
5.33119
-2.58356
18327
18325.1
18324.7
18327.8
18338.2
18362
18406.9
18479.9
18582.2
18700.2
18791.6
18771.5
18502.4
17800.9
16473.4
14384.8
11548.4
8199.41
4793.45
1891.18
-54.3025
-904.058
-895.312
-492.463
-117.115
47.6743
49.4898
11.088
-3.36833
-0.681429
18099.7
18104.2
18113
18131.2
18163.2
18213.3
18282.1
18360.8
18422.3
18410.8
18232.4
17753.5
16814.9
15269.5
13044
10207.8
7018.98
3903
1341.39
-306.76
-965.298
-876.355
-463.603
-100.221
56.7801
56.4708
15.2269
-3.36226
-2.11587
0.229464
17520.1
17535.9
17556.9
17589.4
17632.7
17681
17716.6
17703.4
17578.9
17250.1
16596.9
15490.6
13829
11587.3
8868.53
5928.35
3144.68
918.573
-469.745
-983.103
-847.95
-438.993
-86.4434
67.0493
65.0609
19.2347
-3.85185
-3.56185
0.0395001
0.190578
16561.8
16586.2
16611.2
16638.3
16655.5
16639.5
16549.5
16322.9
15874.6
15103.9
13912.8
12237.2
10086.3
7577.42
4946.68
2516.34
611.601
-551.672
-958.456
-807.184
-418.271
-79.9001
74.0746
74.6447
24.8972
-4.20393
-5.6904
-0.516245
0.602524
-0.0202143
15258
15275
15280.6
15263.8
15198.1
15042.5
14739.1
14214.9
13389.7
12193.3
10591
8612.5
6374.87
4085
2008.5
403.064
-566.751
-896.987
-752.687
-398.812
-81.2642
74.3271
82.677
32.6312
-2.95343
-8.20117
-1.90421
0.936573
0.288666
-0.0930537
13679.8
13660.8
13613.9
13508.1
13306
12957.4
12402.4
11580.5
10444.1
8978.88
7224.41
5288.41
3344.56
1605.58
271.689
-532.69
-807.947
-685.463
-377.493
-88.3477
66.639
86.3162
41.1163
0.82111
-9.95655
-4.16639
0.730458
0.826885
-0.0446065
-0.061643
11917
11829.3
11699.5
11472.3
11109.1
10562.8
9789.32
8758.47
7468.82
5962.13
4331.82
2718.7
1289.06
195.793
-467.566
-702.142
-608.601
-352.031
-97.5632
52.32
83.9308
48.159
6.75502
-9.832
-6.62056
-0.342632
1.24424
0.293807
-0.150172
-0.0148143
10066.8
9886.46
9659.17
9306.12
8798.04
8103.19
7203.72
6105.41
4847.49
3507.39
2196
1040.56
156.141
-387.288
-589.97
-526.427
-321.605
-105.422
34.2317
75.6588
51.8875
13.4458
-7.48546
-8.27958
-2.07661
1.13502
0.767669
-0.0500486
-0.112858
0.00954389
8226.75
7948.52
7632.17
7179.83
6579.52
5820.4
4911.6
3887.33
2809.45
1763.15
844.017
137.516
-304.208
-480.087
-443.556
-286.815
-109.499
15.5782
63.0569
51.492
19.2424
-3.49005
-8.47401
-3.84555
0.387477
1.06832
0.239929
-0.141703
-0.0482409
0.0134482
6487.55
6127.91
5751.53
5248.54
4626.32
3893.2
3077.62
2227.53
1406.97
686.575
129.099
-226.756
-378.783
-364.135
-249.257
-108.746
-1.01367
48.3313
47.2996
22.949
1.06914
-7.16091
-5.00965
-0.743924
0.975508
0.561729
-0.0340006
-0.107515
-0.00703767
0.00894694
4924.48
4516.7
4120.47
3621.77
3043.8
2407.33
1748.8
1115.42
558.636
124.026
-159.809
-289.918
-291.363
-210.959
-103.315
-13.9273
33.6105
40.4037
24.1251
5.12662
-4.8191
-5.24155
-1.83462
0.500728
0.726588
0.166986
-0.100832
-0.0516138
0.0079925
0.00395959
3589.58
3173.69
2797.2
2349.06
1861.57
1359.74
878.031
453.371
118.549
-105.411
-215.235
-227.305
-173.902
-94.1606
-22.5736
20.4927
32.1696
23.0062
7.9876
-2.13451
-4.59701
-2.5385
-0.158493
0.648112
0.350162
-0.0154471
-0.0776815
-0.0145964
0.00889784
0.0009958
2507.01
2119.51
1792.5
1423.64
1047.2
685.859
366.051
111.109
-63.6049
-154.833
-172.93
-139.69
-82.5978
-27.1638
9.89159
23.8387
20.2344
9.41945
0.290515
-3.38619
-2.71941
-0.761994
0.372775
0.424255
0.10328
-0.0589042
-0.039766
0.00121554
0.00557076
-0.000175611
1673.85
1340.5
1078.68
798.704
531.354
293.4
101.51
-33.1886
-107.689
-128.294
-109.406
-69.9606
-28.3993
2.09727
16.3128
16.5723
9.55895
2.08916
-1.98794
-2.44026
-1.14554
0.0220941
0.367741
0.194466
-0.00362761
-0.0466473
-0.0139936
0.00478854
0.00252507
-0.000401955
1065.68
798.939
604.679
407.929
233.093
90.2779
-12.3317
-72.1302
-92.7766
-83.5924
-57.3784
-27.1856
-3.05613
10.1004
12.6971
8.74835
3.14564
-0.711149
-1.87465
-1.26097
-0.284544
0.220867
0.222155
0.058233
-0.0295692
-0.0250635
-0.00200943
0.0037857
0.000793308
-0.000301393
644.887
445.315
311.366
183.205
78.2247
0.981201
-46.2027
-65.3411
-62.3331
-45.6756
-24.4215
-5.99998
5.36917
9.09848
7.38385
3.53033
0.264393
-1.21314
-1.15244
-0.47682
0.0478656
0.187019
0.0989744
0.00129636
-0.0244283
-0.0099463
0.00167941
0.00206777
7.62889e-05
-0.000162002
369.225
229.119
143.261
66.0312
8.67931
-27.9494
-44.7461
-45.37
-35.3586
-20.8733
-7.26896
2.04403
6.05907
5.81412
3.41203
0.883615
-0.603134
-0.908104
-0.540905
-0.0974176
0.114128
0.107187
0.0304489
-0.0131064
-0.0137039
-0.00247978
0.00189341
0.000867152
-0.000117484
-6.83186e-05
198.583
106.109
55.1007
12.3364
-15.5678
-29.7174
-32.2298
-26.6588
-17.1211
-7.38717
-0.0891622
3.68608
4.2928
2.98348
1.17938
-0.127809
-0.617413
-0.50236
-0.187325
0.0339585
0.0876881
0.0470523
0.00229958
-0.0114955
-0.00590002
0.000208612
0.00121043
0.000261428
-0.000115534
-2.15234e-05
99.0535
41.6808
13.8328
-7.58365
-19.044
-22.3231
-19.588
-13.5475
-6.79829
-1.29759
1.9626
2.97034
2.41274
1.22882
0.187376
-0.346825
-0.402742
-0.219238
-0.0309447
0.0536434
0.0485078
0.014946
-0.00520113
-0.00672597
-0.001847
0.000736263
0.000592115
2.74588e-05
-7.08375e-05
-3.21824e-06
45.311
11.5946
-2.28822
-11.7679
-15.1503
-14.1507
-10.483
-5.91915
-1.88265
0.79195
1.92061
1.83751
1.1316
0.362867
-0.131478
-0.28291
-0.207963
-0.0715294
0.0181027
0.0386897
0.0213301
0.00191957
-0.00495189
-0.00309994
-0.000243433
0.000569984
0.000231748
-3.28861e-05
-3.43326e-05
1.82841e-06
12.9584
-2.61052
-7.1939
-9.47838
-8.90183
-6.70142
-3.90261
-1.36983
0.370757
1.17228
1.20261
0.800286
0.310187
-0.0387391
-0.175728
-0.15271
-0.0683886
-0.000144672
0.0248551
0.0187812
0.00502874
-0.00249132
-0.00287263
-0.000850254
0.000291628
0.000297118
4.2897e-05
-3.62009e-05
-1.13197e-05
2.49384e-06
)
;

boundaryField
{
    fixedWall_Bottom
    {
        type            greyDiffusiveRadiation;
        refValue        uniform 18049.5;
        refGradient     uniform 0;
        valueFraction   uniform 1;
        source          uniform 0;
        value           uniform 18049.5;
    }
    fixedWall_Right
    {
        type            greyDiffusiveRadiation;
        refValue        uniform 0;
        refGradient     uniform 0;
        valueFraction   uniform 1;
        source          uniform 0;
        value           uniform 0;
    }
    fixedWall_Left
    {
        type            greyDiffusiveRadiation;
        refValue        uniform 0;
        refGradient     uniform 0;
        valueFraction   uniform 0;
        source          uniform 0;
        value           nonuniform List<scalar> 
30
(
18048.6
18049.4
18057
18055.2
18027.1
17999.7
18033.8
18154.3
18297.3
18327
18099.7
17520.1
16561.8
15258
13679.8
11917
10066.8
8226.75
6487.55
4924.48
3589.58
2507.01
1673.85
1065.68
644.887
369.225
198.583
99.0535
45.311
12.9584
)
;
    }
    fixedWall_Top
    {
        type            greyDiffusiveRadiation;
        refValue        uniform 0;
        refGradient     uniform 0;
        valueFraction   uniform 0;
        source          uniform 0;
        value           nonuniform List<scalar> 
30
(
12.9584
-2.61052
-7.1939
-9.47838
-8.90183
-6.70142
-3.90261
-1.36983
0.370757
1.17228
1.20261
0.800286
0.310187
-0.0387391
-0.175728
-0.15271
-0.0683886
-0.000144672
0.0248551
0.0187812
0.00502874
-0.00249132
-0.00287263
-0.000850254
0.000291628
0.000297118
4.2897e-05
-3.62009e-05
-1.13197e-05
2.49384e-06
)
;
    }
    frontAndBack
    {
        type            empty;
    }
}


// ************************************************************************* //
