/*--------------------------------*- C++ -*----------------------------------*\
| =========                 |                                                 |
| \\      /  F ield         | OpenFOAM: The Open Source CFD Toolbox           |
|  \\    /   O peration     | Version:  2312                                  |
|   \\  /    A nd           | Website:  www.openfoam.com                      |
|    \\/     M anipulation  |                                                 |
\*---------------------------------------------------------------------------*/
FoamFile
{
    version     2.0;
    format      ascii;
    arch        "LSB;label=32;scalar=64";
    class       volScalarField;
    location    "0.03";
    object      ILambda_2_0;
}
// * * * * * * * * * * * * * * * * * * * * * * * * * * * * * * * * * * * * * //

dimensions      [1 0 -3 0 0 0 0];

internalField   nonuniform List<scalar> 
900
(
14965.8
18722.8
18212.7
18040.5
18044.3
18049.8
18049.6
18049.4
18049.4
18049.4
18049.4
18049.4
18049.4
18049.4
18049.4
18049.4
18049.4
18049.4
18049.4
18049.4
18049.4
18049.4
18049.4
18049.4
18049.4
18049.4
18049.4
18049.4
18049.4
18049.4
10034.1
18543.5
18728.6
18138.1
18027.5
18043.3
18050.3
18050.1
18049.7
18049.7
18049.7
18049.7
18049.7
18049.7
18049.7
18049.7
18049.7
18049.7
18049.7
18049.7
18049.7
18049.7
18049.7
18049.7
18049.7
18049.7
18049.7
18049.7
18049.7
18049.7
6381.52
17062.3
19085.7
18396.1
18044.3
18026.2
18046.7
18050.8
18050.2
18049.8
18049.8
18049.8
18049.8
18049.8
18049.8
18049.8
18049.8
18049.8
18049.8
18049.8
18049.8
18049.8
18049.8
18049.8
18049.8
18049.8
18049.8
18049.8
18049.8
18049.8
3794.15
14796.8
18993.6
18746
18141.8
18010.5
18033.9
18048.7
18049.8
18049
18048.8
18048.7
18048.7
18048.7
18048.7
18048.7
18048.7
18048.7
18048.7
18048.7
18048.7
18048.7
18048.7
18048.7
18048.7
18048.7
18048.7
18048.7
18048.7
18048.7
2032.88
12202.4
18330.8
19052.8
18341.1
18024.4
18014.7
18042.2
18049
18048.4
18047.9
18047.8
18047.8
18047.8
18047.8
18047.8
18047.8
18047.8
18047.8
18047.8
18047.8
18047.8
18047.8
18047.8
18047.8
18047.8
18047.8
18047.8
18047.8
18047.8
887.841
9607.27
17116.6
19169.5
18619.7
18097.8
18001.6
18032.2
18049.2
18050.5
18049.6
18049.4
18049.4
18049.4
18049.4
18049.4
18049.4
18049.4
18049.4
18049.4
18049.4
18049.4
18049.4
18049.4
18049.4
18049.4
18049.4
18049.4
18049.4
18049.4
187.883
7220.68
15458.4
18978.1
18913.2
18244.5
18009.3
18019.6
18048.5
18054.5
18053.4
18052.8
18052.9
18053
18053
18052.9
18052.9
18052.9
18052.9
18052.9
18052.9
18052.9
18052.9
18052.9
18052.9
18052.9
18052.9
18052.9
18052.9
18052.9
-201.549
5157.64
13504.7
18412.7
19134.6
18455.3
18050.1
18004.3
18041.2
18056.3
18056
18054.6
18054.4
18054.6
18054.7
18054.6
18054.6
18054.6
18054.6
18054.6
18054.6
18054.6
18054.6
18054.6
18054.6
18054.6
18054.6
18054.6
18054.6
18054.6
-383.242
3464.1
11411
17464.6
19198.7
18703.4
18134.9
17990.6
18022.4
18050.5
18054.1
18051.7
18050.8
18050.9
18051.1
18051.1
18051.1
18051.1
18051.1
18051.1
18051.1
18051.1
18051.1
18051.1
18051.1
18051.1
18051.1
18051.1
18051.1
18051.1
-433.431
2139.03
9316.83
16172.3
19037.6
18950.7
18274.1
17991.5
17992.8
18034.7
18047.2
18045
18042.8
18042.5
18042.7
18042.9
18042.9
18042.9
18042.9
18042.9
18042.9
18042.9
18042.9
18042.9
18042.9
18042.9
18042.9
18042.9
18042.9
18042.9
-406.869
1152.13
7333.86
14605.6
18605.1
19149.3
18472.9
18029
17962.5
18010.5
18037.4
18039
18035.5
18034.2
18034.2
18034.4
18034.5
18034.5
18034.5
18034.5
18034.5
18034.5
18034.5
18034.5
18034.5
18034.5
18034.5
18034.5
18034.5
18034.5
-341.47
457.184
5542.1
12851.5
17878.4
19242.5
18722.4
18126.8
17950.4
17984.4
18027.7
18038.3
18035.2
18032.5
18032
18032.2
18032.3
18032.3
18032.3
18032.3
18032.3
18032.3
18032.3
18032.3
18032.3
18032.3
18032.3
18032.3
18032.3
18032.3
-262.281
1.46509
3991.4
11003.2
16859.1
19168.6
18992
18299.6
17979.1
17967.2
18021.4
18045.8
18046.6
18042.9
18041.4
18041.3
18041.5
18041.6
18041.6
18041.6
18041.6
18041.6
18041.6
18041.6
18041.6
18041.6
18041.6
18041.6
18041.6
18041.6
-184.742
-267.967
2704.76
9151.86
15574.2
18870.8
19229.2
18543.1
18067.5
17972
18021
18060.9
18069.7
18066.9
18064.3
18063.6
18063.6
18063.8
18063.8
18063.8
18063.8
18063.8
18063.8
18063.8
18063.8
18063.8
18063.8
18063.8
18063.8
18063.8
-117.326
-400.121
1682.73
7378.97
14073.9
18307.4
19365.5
18828
18222
18009.9
18028.6
18079.2
18099.5
18100.1
18097.1
18095.7
18095.4
18095.6
18095.6
18095.6
18095.6
18095.6
18095.6
18095.6
18095.6
18095.6
18095.6
18095.6
18095.6
18095.6
-63.6605
-437.537
908.439
5750.45
12426.4
17461.6
19329.4
19102.1
18430.3
18084.9
18044
18093.4
18125.9
18132.8
18130.7
18128.6
18128
18128
18128.1
18128.1
18128.1
18128.1
18128.1
18128.1
18128.1
18128.1
18128.1
18128.1
18128.1
18128.1
-24.216
-415.013
352.965
4312.84
10709.3
16345.2
19060.2
19298.1
18660.1
18190.6
18063.7
18093.9
18134.9
18150.2
18150.9
18148.7
18147.6
18147.3
18147.4
18147.4
18147.4
18147.4
18147.4
18147.4
18147.4
18147.4
18147.4
18147.4
18147.4
18147.4
2.39461
-359.347
-19.3324
3092.2
9000.39
14997.4
18519.1
19345.9
18862.6
18307.3
18079.4
18069.7
18110.9
18134.7
18139.8
18138.5
18137
18136.5
18136.5
18136.5
18136.5
18136.5
18136.5
18136.5
18136.5
18136.5
18136.5
18136.5
18136.5
18136.5
18.4607
-289.854
-246.181
2095.51
7369.28
13478.1
17695.8
19185.1
18980.1
18403.7
18076.8
18008.9
18038.3
18067.9
18078.5
18079.2
18077.8
18077
18076.8
18076.8
18076.9
18076.9
18076.9
18076.9
18076.9
18076.9
18076.9
18076.9
18076.9
18076.9
26.522
-219.394
-363.742
1313.93
5871.22
11858.9
16608.7
18774.4
18955.6
18440.5
18036
17898.6
17903.1
17933.1
17949
17952.6
17951.8
17950.9
17950.6
17950.5
17950.6
17950.6
17950.6
17950.6
17950.6
17950.6
17950.6
17950.6
17950.6
17950.6
28.9645
-155.635
-404.132
727.145
4544.1
10213.7
15300.9
18097.9
18741.7
18376
17933.3
17725.8
17693.6
17716.7
17736.2
17743
17743.6
17742.8
17742.3
17742.2
17742.2
17742.2
17742.2
17742.2
17742.2
17742.2
17742.2
17742.2
17742.2
17742.2
27.8068
-102.366
-394.067
307.841
3408.07
8610.31
13832.2
17165.3
18307.7
18172.6
17743.6
17477.4
17401
17409.4
17429.2
17439.1
17441.3
17441
17440.5
17440.3
17440.2
17440.2
17440.3
17440.3
17440.3
17440.3
17440.3
17440.3
17440.3
17440.3
24.6218
-60.6911
-354.453
25.7663
2467.42
7104.45
12270.7
16008.9
17643
17801.7
17443.9
17141.5
17019.8
17006.4
17022.3
17034.2
17038.4
17038.8
17038.4
17038.1
17038
17038
17038
17038
17038
17038
17038
17038
17038
17038
20.5456
-30.0311
-300.655
-149.033
1713.77
5736.89
10684.1
14677.8
16757.4
17248.1
17016.5
16708.6
16547.3
16507.7
16515.3
16527.3
16533.1
16534.5
16534.4
16534.1
16534
16534
16534
16534
16534
16534
16534
16534
16534
16534
16.3342
-8.89255
-243.211
-243.959
1129.82
4532.66
9133.53
13230.3
15678.4
16511.1
16451.4
16172.8
15984.2
15917.3
15912.6
15922.5
15929.4
15931.8
15932.1
15931.9
15931.7
15931.7
15931.7
15931.7
15931.7
15931.7
15931.7
15931.7
15931.7
15931.7
12.441
4.58308
-188.722
-282.533
692.944
3502.14
7668.61
11726.9
14445.7
15603.3
15746.6
15531.8
15333
15241.7
15222.2
15227.6
15234.5
15237.7
15238.5
15238.5
15238.4
15238.3
15238.3
15238.3
15238.3
15238.3
15238.3
15238.3
15238.3
15238.3
9.09981
12.2585
-140.876
-283.937
378.664
2644.92
6328.37
10228.6
13112.9
14555.8
14916.6
14795.4
14606.3
14496.7
14461.8
14460.6
14466.3
14470
14471.3
14471.5
14471.4
14471.4
14471.3
14471.3
14471.3
14471.3
14471.3
14471.3
14471.3
14471.3
6.36533
15.8083
-100.828
-262.371
161.292
1943.78
5120.37
8760.13
11698.9
13367.4
13942.2
13937.2
13778.6
13660.6
13611.7
13602.6
13605.9
13609.6
13611.3
13611.8
13611.8
13611.7
13611.7
13611.7
13611.7
13611.7
13611.7
13611.7
13611.7
13611.7
4.36416
16.6602
-70.9042
-232.29
25.3386
1422.49
4147.45
7505.55
10433.7
12272.5
13041.3
13158.1
13042.3
12923.5
12862.7
12845.2
12845.2
12848.4
12850.4
12851.1
12851.3
12851.2
12851.2
12851.2
12851.2
12851.2
12851.2
12851.2
12851.2
12851.2
2.19798
15.2804
-37.7266
-178.579
-86.9085
832.265
2889.32
5691.64
8390.89
10304.8
11278.4
11573.3
11550.9
11458.4
11393.9
11367.5
11362
11363.2
11364.9
11365.8
11366.1
11366.1
11366.1
11366.1
11366
11366
11366
11366
11366
11366
)
;

boundaryField
{
    fixedWall_Bottom
    {
        type            greyDiffusiveRadiation;
        refValue        uniform 18049.5;
        refGradient     uniform 0;
        valueFraction   uniform 1;
        source          uniform 0;
        value           uniform 18049.5;
    }
    fixedWall_Right
    {
        type            greyDiffusiveRadiation;
        refValue        uniform 0;
        refGradient     uniform 0;
        valueFraction   uniform 0;
        source          uniform 0;
        value           nonuniform List<scalar> 
30
(
18049.4
18049.7
18049.8
18048.7
18047.8
18049.4
18052.9
18054.6
18051.1
18042.9
18034.5
18032.3
18041.6
18063.8
18095.6
18128.1
18147.4
18136.5
18076.9
17950.6
17742.2
17440.3
17038
16534
15931.7
15238.3
14471.3
13611.7
12851.2
11366
)
;
    }
    fixedWall_Left
    {
        type            greyDiffusiveRadiation;
        refValue        uniform 0;
        refGradient     uniform 0;
        valueFraction   uniform 1;
        source          uniform 0;
        value           uniform 0;
    }
    fixedWall_Top
    {
        type            greyDiffusiveRadiation;
        refValue        uniform 0;
        refGradient     uniform 0;
        valueFraction   uniform 0;
        source          uniform 0;
        value           nonuniform List<scalar> 
30
(
2.19798
15.2804
-37.7266
-178.579
-86.9085
832.265
2889.32
5691.64
8390.89
10304.8
11278.4
11573.3
11550.9
11458.4
11393.9
11367.5
11362
11363.2
11364.9
11365.8
11366.1
11366.1
11366.1
11366.1
11366
11366
11366
11366
11366
11366
)
;
    }
    frontAndBack
    {
        type            empty;
    }
}


// ************************************************************************* //
