/*--------------------------------*- C++ -*----------------------------------*\
| =========                 |                                                 |
| \\      /  F ield         | OpenFOAM: The Open Source CFD Toolbox           |
|  \\    /   O peration     | Version:  2312                                  |
|   \\  /    A nd           | Website:  www.openfoam.com                      |
|    \\/     M anipulation  |                                                 |
\*---------------------------------------------------------------------------*/
FoamFile
{
    version     2.0;
    format      ascii;
    arch        "LSB;label=32;scalar=64";
    class       volScalarField;
    location    "0.03";
    object      ILambda_60_0;
}
// * * * * * * * * * * * * * * * * * * * * * * * * * * * * * * * * * * * * * //

dimensions      [1 0 -3 0 0 0 0];

internalField   nonuniform List<scalar> 
900
(
18049.5
18049.5
18049.5
18049.5
18049.5
18049.5
18049.5
18049.5
18049.5
18049.5
18049.5
18049.5
18049.5
18049.5
18049.5
18049.5
18049.5
18049.5
18049.5
18049.4
18049.4
18049.4
18049.6
18050.5
18048.5
18034.9
18053.3
18352.3
18747.4
13830.4
18049.8
18049.8
18049.8
18049.8
18049.8
18049.8
18049.8
18049.8
18049.8
18049.8
18049.8
18049.8
18049.8
18049.8
18049.8
18049.8
18049.8
18049.8
18049.8
18049.8
18049.9
18050.3
18051.2
18047.5
18027.8
18037.4
18323.4
18967.4
17560.8
7693.94
18049.4
18049.4
18049.4
18049.4
18049.4
18049.4
18049.4
18049.4
18049.4
18049.4
18049.4
18049.4
18049.4
18049.4
18049.4
18049.4
18049.4
18049.4
18049.5
18049.5
18049.8
18050.8
18048.1
18029
18012.6
18180.1
18778.2
18860.7
14584.2
3753.49
18048
18048
18048
18048
18048
18048
18048
18048
18048
18048
18048
18048
18048
18048
18048
18048
18048
18048.1
18048
18048.1
18049
18048.2
18033.9
18004.3
18068.6
18496
19089.9
17686.6
10959.1
1445.48
18048.3
18048.3
18048.3
18048.3
18048.3
18048.3
18048.3
18048.3
18048.3
18048.3
18048.3
18048.3
18048.3
18048.3
18048.3
18048.3
18048.4
18048.2
18048.1
18048.7
18049.6
18041.7
18012.4
18011.2
18252.9
18881.3
18909.1
15548
7493.84
230.084
18051.9
18051.9
18051.9
18051.9
18051.9
18051.9
18051.9
18051.9
18051.9
18051.9
18051.9
18051.9
18051.9
18051.9
18052
18052
18051.8
18051.5
18051.8
18053.6
18051.6
18030.1
17999
18094.7
18559.4
19130
18026.9
12797.2
4615.45
-309.324
18055.4
18055.4
18055.4
18055.4
18055.4
18055.4
18055.4
18055.4
18055.4
18055.4
18055.4
18055.4
18055.5
18055.5
18055.5
18055.3
18054.9
18055
18057
18058.9
18047.3
18010.7
18015.8
18279.2
18901.7
19018.8
16424.9
9844.93
2466.57
-465.503
18053.2
18053.2
18053.2
18053.2
18053.2
18053.2
18053.2
18053.2
18053.2
18053.2
18053.2
18053.2
18053.3
18053.2
18053
18052.6
18052.5
18054.4
18058.2
18054.7
18025.4
17988
18089.5
18553.1
19139
18386.5
14245.5
7040.84
1015
-430.323
18043.8
18043.8
18043.8
18043.8
18043.8
18043.8
18043.8
18043.8
18043.8
18043.8
18043.8
18043.8
18043.8
18043.7
18043.3
18043.1
18044.5
18048.7
18050.5
18032.1
17984.7
17985.5
18248.3
18865.7
19116.2
17175.6
11723.6
4621.24
140.587
-320.59
18032.5
18032.5
18032.5
18032.5
18032.5
18032.5
18032.5
18032.5
18032.5
18032.5
18032.5
18032.5
18032.4
18032.1
18031.9
18032.8
18036.5
18040.7
18032
17991.5
17945.6
18046.4
18504.7
19125.9
18700.5
15433.2
9116.96
2704
-305.479
-200.795
18028.3
18028.3
18028.3
18028.3
18028.3
18028.3
18028.3
18028.3
18028.3
18028.3
18028.3
18028.2
18028
18027.8
18028.4
18031.2
18035.8
18033.8
18005.9
17949.5
17949.9
18213.1
18831.2
19210
17808.3
13289.5
6653.2
1308.66
-465.328
-101.254
18039.2
18039.2
18039.2
18039.2
18039.2
18039.2
18039.2
18039.2
18039.2
18039.2
18039.2
18039
18038.8
18039.1
18041
18045.1
18046.5
18030.5
17982.2
17936.7
18043.8
18497.6
19145.7
18984.5
16425.3
10925.4
4499.99
386.22
-456.626
-31.6313
18067.6
18067.6
18067.6
18067.6
18067.6
18067.6
18067.7
18067.7
18067.6
18067.6
18067.5
18067.4
18067.5
18068.7
18071.8
18074.5
18067
18032.8
17977.3
17988.3
18253.2
18858.3
19321.2
18342.1
14613.6
8536.6
2753.3
-151.059
-366.451
9.55658
18108.4
18108.4
18108.4
18108.4
18108.4
18108.4
18108.4
18108.4
18108.4
18108.3
18108.2
18108.3
18109
18111
18113.8
18111.3
18090.3
18042.9
18009.6
18126.9
18562.3
19198.6
19218.1
17234.4
12500.2
6299.91
1440.59
-404.364
-252.311
28.6676
18148.1
18148.1
18148.1
18148.1
18148.1
18148.1
18148.1
18148.1
18148.1
18148
18148
18148.4
18149.7
18151.9
18151.8
18140.5
18106.7
18062.6
18089.8
18346.4
18905.7
19387.9
18723.6
15688.2
10249.9
4347.35
534.323
-469.816
-147.085
33.1196
18167
18167
18167
18167
18167
18167
18166.9
18166.9
18166.9
18166.9
18167.1
18167.9
18169.4
18170.2
18164.8
18143.6
18105.1
18089.8
18211.8
18604.4
19179.8
19295.4
17783.1
13798.5
8031.76
2754.14
-28.7428
-427.234
-65.5293
29.3845
18141.2
18141.2
18141.2
18141.2
18141.2
18141.2
18141.2
18141.1
18141.1
18141.2
18141.7
18142.7
18143.6
18141.5
18129.3
18101.5
18073.5
18114.2
18346.5
18826.4
19266.9
18824.5
16412.8
11705.8
5989.34
1540.04
-328.033
-335.577
-10.7003
22.2125
18046.4
18046.4
18046.4
18046.4
18046.4
18046.4
18046.4
18046.4
18046.5
18046.7
18047.3
18048.1
18047.4
18041.1
18023.3
17997.1
17998.2
18114.2
18443.4
18920.6
19063.3
17934.3
14692.4
9564.57
4222.74
680.535
-443.112
-233.404
20.7235
14.5971
17860.8
17860.8
17860.8
17860.8
17860.8
17860.8
17860.8
17860.8
17860.9
17861.3
17861.8
17861.8
17858.7
17848.3
17828.8
17815.7
17862.2
18057
18438.5
18798.3
18502.4
16646.1
12744
7515.98
2782.85
122.696
-443.157
-142.332
34.6175
8.10329
17567.2
17567.2
17567.2
17567.2
17567.2
17567.2
17567.2
17567.3
17567.5
17567.8
17568
17566.7
17561
17548.2
17533.5
17545.1
17645.8
17902.3
18266.8
18392.6
17567
15033.6
10705.8
5668.4
1676.29
-199.19
-381.894
-71.6429
37.0479
3.30493
17155.4
17155.4
17155.4
17155.4
17155.4
17155.4
17155.4
17155.5
17155.8
17155.9
17155.4
17152.5
17144.8
17133.1
17130.5
17175.3
17327.1
17609.1
17875.3
17670.9
16289.1
13204.8
8708.02
4089.17
876.549
-351.104
-296.853
-22.7542
33.0753
0.185883
16622.2
16622.2
16622.2
16622.2
16622.2
16622.2
16622.3
16622.4
16622.5
16622.4
16621
16616.7
16608.7
16602.3
16618.3
16698.6
16885.4
17143.5
17233.2
16639.5
14739.7
11280.4
6855.82
2805.57
336.97
-391.148
-211.329
7.15133
26.3558
-1.55455
15971.7
15971.7
15971.7
15971.7
15971.7
15971.8
15971.8
15971.9
15971.9
15971.2
15969
15964
15958.1
15961.3
15999.3
16109.9
16305
16484.9
16336.7
15339.6
13013.7
9374.44
5220.92
1812.02
2.6933
-365.549
-137.608
22.5628
19.205
-2.3018
15214.4
15214.4
15214.4
15214.4
15214.4
15214.4
15214.5
15214.5
15214.2
15213
15210.2
15205.9
15204.5
15220.3
15279.8
15407.8
15578.1
15630.5
15209.1
13838
11213
7581.14
3840.79
1080.05
-180.337
-307.889
-80.3658
28.0686
12.8731
-2.41463
14365.7
14365.7
14365.7
14365.7
14365.7
14365.8
14365.8
14365.7
14365.1
14363.6
14360.8
14358.4
14363.8
14393.2
14469
14596.1
14707.5
14595.6
13895.4
12215.6
9432.81
5967.61
2723.13
568.448
-259.668
-240.371
-39.6363
27.556
7.8694
-2.17669
13444.2
13444.2
13444.2
13444.2
13444.3
13444.3
13444.2
13444
13443.2
13441.5
13439.5
13440.5
13453.8
13495.1
13578
13683.3
13706.4
13410.9
12454.5
10554.4
7751.2
4572.51
1853.24
231.693
-273.614
-176.083
-13.0585
23.932
4.25039
-1.78675
12475.1
12475.1
12475.1
12475.1
12475.2
12475.1
12475
12474.6
12473.7
12472.3
12471.9
12477.2
12498.2
12547.4
12625.7
12688.9
12602.9
12122.9
10955
8931.9
6226.67
3410.43
1202.57
26.1716
-250.819
-121.539
2.59049
19.1537
1.83983
-1.36922
11454.2
11454.2
11454.2
11454.2
11454.2
11454.1
11453.9
11453.4
11452.6
11451.9
11453.7
11463.5
11490.5
11541.3
11602
11606.2
11401.7
10755
9437.11
7390.61
4880.66
2468.15
732.555
-86.4992
-210.658
-78.6163
10.5283
14.3623
0.364746
-0.989537
10549.6
10549.6
10549.6
10549.6
10549.6
10549.5
10549.2
10548.7
10548.1
10548.5
10552.9
10567.1
10598.1
10645.2
10679.8
10617.4
10297.9
9511.63
8097.54
6089.4
3807.25
1769.88
421.755
-136.5
-168.749
-48.5054
13.3844
10.377
-0.404224
-0.691504
9009.7
9009.7
9009.7
9009.69
9009.65
9009.52
9009.28
9008.98
9009.13
9011.24
9018.43
9034.9
9062.02
9087.47
9066.91
8904.85
8454.47
7561.47
6158.29
4366.15
2515.49
1017.89
139.826
-149.308
-112.069
-19.5563
13.2216
5.92761
-0.883789
-0.376592
)
;

boundaryField
{
    fixedWall_Bottom
    {
        type            greyDiffusiveRadiation;
        refValue        uniform 18049.5;
        refGradient     uniform 0;
        valueFraction   uniform 1;
        source          uniform 0;
        value           uniform 18049.5;
    }
    fixedWall_Right
    {
        type            greyDiffusiveRadiation;
        refValue        uniform 0;
        refGradient     uniform 0;
        valueFraction   uniform 1;
        source          uniform 0;
        value           uniform 0;
    }
    fixedWall_Left
    {
        type            greyDiffusiveRadiation;
        refValue        uniform 0;
        refGradient     uniform 0;
        valueFraction   uniform 0;
        source          uniform 0;
        value           nonuniform List<scalar> 
30
(
18049.5
18049.8
18049.4
18048
18048.3
18051.9
18055.4
18053.2
18043.8
18032.5
18028.3
18039.2
18067.6
18108.4
18148.1
18167
18141.2
18046.4
17860.8
17567.2
17155.4
16622.2
15971.7
15214.4
14365.7
13444.2
12475.1
11454.2
10549.6
9009.7
)
;
    }
    fixedWall_Top
    {
        type            greyDiffusiveRadiation;
        refValue        uniform 0;
        refGradient     uniform 0;
        valueFraction   uniform 0;
        source          uniform 0;
        value           nonuniform List<scalar> 
30
(
9009.7
9009.7
9009.7
9009.69
9009.65
9009.52
9009.28
9008.98
9009.13
9011.24
9018.43
9034.9
9062.02
9087.47
9066.91
8904.85
8454.47
7561.47
6158.29
4366.15
2515.49
1017.89
139.826
-149.308
-112.069
-19.5563
13.2216
5.92761
-0.883789
-0.376592
)
;
    }
    frontAndBack
    {
        type            empty;
    }
}


// ************************************************************************* //
