/*--------------------------------*- C++ -*----------------------------------*\
| =========                 |                                                 |
| \\      /  F ield         | OpenFOAM: The Open Source CFD Toolbox           |
|  \\    /   O peration     | Version:  2312                                  |
|   \\  /    A nd           | Website:  www.openfoam.com                      |
|    \\/     M anipulation  |                                                 |
\*---------------------------------------------------------------------------*/
FoamFile
{
    version     2.0;
    format      ascii;
    arch        "LSB;label=32;scalar=64";
    class       volScalarField;
    location    "0.03";
    object      ILambda_11_0;
}
// * * * * * * * * * * * * * * * * * * * * * * * * * * * * * * * * * * * * * //

dimensions      [1 0 -3 0 0 0 0];

internalField   nonuniform List<scalar> 
900
(
5319.15
12317.8
16141.3
17894.4
18494.4
18548.3
18405.2
18238
18113.5
18043.5
18016.1
18014.4
18024
18035.8
18045.3
18051.3
18054.2
18054.9
18054.4
18053.5
18052.4
18051.6
18051
18050.6
18050.4
18050.3
18050.2
18050.2
18050.2
18050.3
-574.639
1927.12
6344.05
10814.2
14343.1
16670.3
17947.8
18481.5
18576.4
18467.4
18303.8
18162
18068.1
18020.7
18006.5
18011.2
18023.5
18036.6
18047.2
18054.4
18058.5
18060.4
18060.9
18060.6
18060
18059.4
18058.9
18058.5
18058.2
18058
-459.913
-900.403
200.255
2896.88
6523.68
10258
13477.2
15872.6
17410.4
18230.2
18542.9
18555.9
18431.7
18276.1
18143.9
18054.3
18005.6
17987.2
17987.4
17996.4
18008
18018.6
18026.8
18032.5
18035.9
18037.8
18038.7
18038.9
18038.9
18038.7
-46.8525
-527.151
-963.513
-662.639
782.22
3310.52
6511.57
9850.29
12861.1
15252.9
16926.8
17937.5
18428.4
18570.3
18516.6
18381.9
18237.3
18118.3
18035.9
17987.6
17965
17958.9
17961.9
17968.7
17976
17982.5
17987.4
17990.9
17993.1
17994.8
25.6316
-61.1416
-414.32
-864.289
-998.937
-405.724
1118.65
3497.11
6429.19
9513.33
12371.9
14738.3
16491.1
17640.1
18283.2
18557.5
18598.8
18518
18392.7
18268.6
18167.7
18095.8
18050.3
18025.3
18014
18011.1
18012.5
18015.6
18019
18022.9
7.26393
36.9115
-21.558
-273.205
-677.773
-1010.76
-950.024
-215.212
1319.28
3580.42
6326.31
9227.22
11961.1
14288
16084.6
17338.2
18115.7
18524.9
18681.1
18684.8
18612.5
18514.7
18420.4
18343.1
18286.2
18248.1
18224.7
18211.8
18205.8
18203
-1.42576
14.6949
43.537
19.3202
-143.088
-465.405
-848.584
-1079.16
-895.054
-80.2694
1452.53
3626.96
6227.66
8968.71
11572.7
13831
15630.3
16948.6
17831.8
18363.1
18637.1
18740.7
18744.2
18698
18634.7
18572.6
18520.6
18480.9
18453.8
18430.1
-0.98743
-0.543734
15.258
44.2363
47.2795
-40.9586
-269.433
-619.081
-971.685
-1123.03
-843.591
38.3391
1571.45
3663.52
6113.43
8672.41
11107.1
13243.7
14986.1
16310.9
17249.9
17866.6
18236.2
18431.2
18512.7
18527.3
18507.7
18474.4
18440.8
18401.5
-0.0382327
-1.61904
-0.660113
12.0678
38.9714
60.181
28.5999
-112.804
-390.753
-757.523
-1074.26
-1140.96
-762.716
180.83
1695.04
3672.29
5928.34
8253.57
10459.3
12407.9
14023
15284.6
16215.3
16863
17286.6
17544
17686.1
17753.5
17775.8
17773.6
0.0817554
-0.298917
-1.68026
-1.54824
6.85339
29.8524
60.9923
68.202
-3.11942
-200.789
-522.13
-884.874
-1135.69
-1095.44
-618.752
359.773
1809.28
3617.24
5623.62
7659.81
9580.35
11281.6
12706.8
13841.4
14702.1
15325.1
15755.1
16038.1
16208.5
16339.5
0.0155758
0.0465096
-0.251509
-1.49845
-2.83395
1.18434
19.5755
54.1424
84.0787
62.4824
-63.2677
-314.558
-650.87
-966.021
-1115.25
-959.787
-408.776
557.203
1885.91
3472
5184.75
6895.29
8496.84
9915.39
11111.5
12076.1
12822.1
13378.6
13763.3
14119.1
0.00259777
-0.0159291
0.0766173
0.0472054
-1.28284
-4.14871
-3.67543
10.3008
43.678
83.535
92.5723
22.6778
-156.763
-432.102
-736.292
-962.846
-996.059
-744.049
-162.333
738.326
1899.14
3230.37
4631.48
6008.85
7287.85
8418.46
9374.68
10155.6
10744.4
11351.8
0.00947018
-0.0300172
-0.0494147
0.236469
0.421496
-1.16637
-5.16038
-6.99776
3.20533
32.5616
73.3839
97.7715
66.261
-51.9724
-258.168
-513.767
-746.169
-867.55
-798.549
-488.078
76.3746
869.227
1835.72
2905.19
4004.53
5069.08
6048.54
6915.79
7618.49
8412.91
0.00782291
0.000579043
-0.0837577
-0.022592
0.46724
0.700068
-1.16145
-5.66017
-8.62334
-1.41821
22.6237
59.1272
88.2544
79.9937
7.80363
-136.174
-332.029
-533.376
-678.195
-704.581
-565.67
-239.373
268.923
930.008
1698.63
2522.8
3351.36
4147.31
4837.08
5690.36
0.00213862
0.0155175
-0.0332469
-0.118215
0.0676834
0.669093
0.804298
-1.20237
-5.60938
-8.80745
-3.8557
14.734
44.5836
72.1736
75.9523
35.1528
-59.7625
-199.949
-357.44
-490.916
-555.549
-513.398
-341.267
-34.3385
394.55
919.056
1504.19
2119.45
2690.34
3468.17
-0.00102624
0.011495
0.00616437
-0.0713151
-0.110826
0.180866
0.77313
0.749899
-1.2167
-5.1132
-8.00685
-4.6717
9.04164
31.8992
55.0081
63.5791
42.4235
-17.1894
-112.335
-227.033
-335.061
-405.782
-410.953
-330.478
-155.808
109.554
451.008
852.607
1254.34
1866.41
-0.00136752
0.00386868
0.0142092
-0.0143613
-0.0928151
-0.068507
0.271474
0.765948
0.600239
-1.16703
-4.34827
-6.69515
-4.47651
5.25626
21.8908
39.7463
49.042
39.2233
3.30408
-58.5724
-137.741
-218.231
-280.06
-303.468
-272.862
-179.421
-22.8024
194.595
433.087
851.523
-0.000728789
-0.00015627
0.00839251
0.00854619
-0.0341813
-0.0908884
-0.0135849
0.314969
0.674881
0.4213
-1.05364
-3.48964
-5.24841
-3.77996
2.91178
14.5342
27.5445
35.6683
31.8627
10.9847
-27.8772
-80.2714
-136.811
-184.954
-211.537
-205.26
-159.138
-67.7272
47.3974
294.85
-0.000206694
-0.00098901
0.00252465
0.00921659
-0.00140847
-0.0448534
-0.0715486
0.0335599
0.31101
0.5415
0.258678
-0.898234
-2.66757
-3.90613
-2.93381
1.54805
9.4026
18.4632
24.8056
23.8828
12.1241
-11.5924
-45.1141
-83.0922
-117.908
-141.086
-145.223
-122.788
-83.1041
40.7542
7.15488e-06
-0.000647234
-5.52892e-05
0.0044313
0.00645328
-0.0103766
-0.0448284
-0.0455439
0.062762
0.273712
0.401966
0.133855
-0.727514
-1.95673
-2.78497
-2.13912
0.797883
5.96118
12.0467
16.6516
16.9197
10.4791
-3.6547
-24.5167
-49.1446
-73.0063
-91.0386
-97.0589
-93.8863
-44.7785
4.4719e-05
-0.000247138
-0.000536835
0.00114258
0.00462537
0.00218745
-0.0153537
-0.0373392
-0.0216659
0.0734952
0.220549
0.279008
0.0502503
-0.563352
-1.3854
-1.91489
-1.48452
0.40505
3.72095
7.68832
10.8621
11.489
8.0477
-0.211202
-12.9028
-28.4087
-44.2252
-56.5525
-65.6086
-53.8769
2.90002e-05
-4.75882e-05
-0.000350023
-7.12321e-05
0.00186132
0.00346296
-0.00155557
-0.0161
-0.0268707
-0.00431741
0.0705574
0.165553
0.182303
0.00143696
-0.419408
-0.951184
-1.27619
-0.989073
0.207599
2.29504
4.81764
6.91958
7.54544
5.7469
0.997447
-6.5697
-16.1608
-25.9845
-35.6387
-38.3224
1.17623e-05
1.12734e-05
-0.000138316
-0.000252207
0.000398937
0.00190404
0.00180795
-0.00378669
-0.0139624
-0.0168641
0.00585225
0.0600077
0.117141
0.112503
-0.0223399
-0.301629
-0.635639
-0.827643
-0.636452
0.111049
1.40264
2.97271
4.32104
4.82304
3.90063
1.20975
-3.25866
-8.92613
-15.4772
-21.2138
3.05675e-06
1.53912e-05
-3.24652e-05
-0.000154702
-5.88502e-05
0.000654269
0.00147802
0.000363252
-0.00448954
-0.0105857
-0.00906205
0.0102593
0.0468349
0.0787786
0.0655603
-0.0303306
-0.210383
-0.414674
-0.523915
-0.397242
0.0639983
0.85113
1.81043
2.65288
3.01381
2.55081
1.02974
-1.51607
-4.96276
-9.54826
1.59128e-07
8.33769e-06
1.05523e-06
-6.03729e-05
-0.000105304
0.000110566
0.000670083
0.00089648
-0.000560151
-0.00414192
-0.00719311
-0.0038385
0.0109215
0.0342147
0.0506442
0.0358995
-0.0296684
-0.142786
-0.26473
-0.324511
-0.241233
0.040226
0.513502
1.0902
1.60479
1.84846
1.61428
0.778925
-0.648732
-3.34463
-3.63349e-07
3.08938e-06
5.7677e-06
-1.50241e-05
-5.96544e-05
-3.39083e-05
0.000198364
0.000533785
0.00038633
-0.000966444
-0.00329321
-0.00442069
-0.000809022
0.00961844
0.0236882
0.0312427
0.0182364
-0.0251277
-0.0945574
-0.165714
-0.197058
-0.142842
0.0271556
0.308302
0.649941
0.958723
1.11364
0.998153
0.584441
-0.691611
-2.61785e-07
7.69018e-07
3.60034e-06
-5.33153e-07
-2.26049e-05
-3.96923e-05
2.33219e-05
0.000207579
0.000348826
4.21962e-05
-0.00100837
-0.00235056
-0.00244538
0.00066533
0.00759099
0.0156731
0.0185369
0.00833972
-0.0195233
-0.0612426
-0.10188
-0.117497
-0.0825955
0.0191065
0.184253
0.384209
0.565918
0.659146
0.638197
0.158529
-1.18404e-07
5.07703e-08
1.48943e-06
1.8944e-06
-5.70386e-06
-2.07389e-05
-1.5546e-05
5.27003e-05
0.000169517
0.000184574
-0.000137499
-0.000857707
-0.00153561
-0.00118539
0.00118615
0.00555414
0.0099669
0.0105845
0.00316678
-0.0142843
-0.0388632
-0.0615907
-0.0688682
-0.046671
0.0135968
0.109666
0.225308
0.328428
0.405058
0.283082
-4.01993e-08
-7.54104e-08
4.49246e-07
1.3028e-06
-3.88078e-07
-7.60214e-06
-1.36805e-05
2.89815e-06
5.79787e-05
0.000116184
6.85516e-05
-0.000199705
-0.000646108
-0.000926765
-0.00045705
0.00121691
0.00385676
0.00613495
0.0058098
0.000656784
-0.0100795
-0.0243442
-0.036809
-0.0398161
-0.0257344
0.00991349
0.0656582
0.130572
0.199751
0.201657
-7.26199e-09
-5.98951e-08
4.6434e-08
5.44951e-07
7.34899e-07
-1.41726e-06
-6.33681e-06
-7.47645e-06
8.0247e-06
4.38277e-05
7.09216e-05
2.47308e-05
-0.000148349
-0.000404024
-0.000537725
-0.000235003
0.000726695
0.00219655
0.00346433
0.00335991
0.00071878
-0.00490165
-0.0125521
-0.0196294
-0.022285
-0.0165206
0.000397318
0.0274761
0.0648139
0.0949167
)
;

boundaryField
{
    fixedWall_Bottom
    {
        type            greyDiffusiveRadiation;
        refValue        uniform 18049.5;
        refGradient     uniform 0;
        valueFraction   uniform 1;
        source          uniform 0;
        value           uniform 18049.5;
    }
    fixedWall_Right
    {
        type            greyDiffusiveRadiation;
        refValue        uniform 0;
        refGradient     uniform 0;
        valueFraction   uniform 0;
        source          uniform 0;
        value           nonuniform List<scalar> 
30
(
18050.3
18058
18038.7
17994.8
18022.9
18203
18430.1
18401.5
17773.6
16339.5
14119.1
11351.8
8412.91
5690.36
3468.17
1866.41
851.523
294.85
40.7542
-44.7785
-53.8769
-38.3224
-21.2138
-9.54826
-3.34463
-0.691611
0.158529
0.283082
0.201657
0.0949167
)
;
    }
    fixedWall_Left
    {
        type            greyDiffusiveRadiation;
        refValue        uniform 0;
        refGradient     uniform 0;
        valueFraction   uniform 1;
        source          uniform 0;
        value           uniform 0;
    }
    fixedWall_Top
    {
        type            greyDiffusiveRadiation;
        refValue        uniform 0;
        refGradient     uniform 0;
        valueFraction   uniform 0;
        source          uniform 0;
        value           nonuniform List<scalar> 
30
(
-7.26199e-09
-5.98951e-08
4.6434e-08
5.44951e-07
7.34899e-07
-1.41726e-06
-6.33681e-06
-7.47645e-06
8.0247e-06
4.38277e-05
7.09216e-05
2.47308e-05
-0.000148349
-0.000404024
-0.000537725
-0.000235003
0.000726695
0.00219655
0.00346433
0.00335991
0.00071878
-0.00490165
-0.0125521
-0.0196294
-0.022285
-0.0165206
0.000397318
0.0274761
0.0648139
0.0949167
)
;
    }
    frontAndBack
    {
        type            empty;
    }
}


// ************************************************************************* //
