/*--------------------------------*- C++ -*----------------------------------*\
| =========                 |                                                 |
| \\      /  F ield         | OpenFOAM: The Open Source CFD Toolbox           |
|  \\    /   O peration     | Version:  2312                                  |
|   \\  /    A nd           | Website:  www.openfoam.com                      |
|    \\/     M anipulation  |                                                 |
\*---------------------------------------------------------------------------*/
FoamFile
{
    version     2.0;
    format      ascii;
    arch        "LSB;label=32;scalar=64";
    class       volScalarField;
    location    "0.03";
    object      ILambda_49_0;
}
// * * * * * * * * * * * * * * * * * * * * * * * * * * * * * * * * * * * * * //

dimensions      [1 0 -3 0 0 0 0];

internalField   nonuniform List<scalar> 
900
(
18056.5
18076.4
18092.8
18114.3
18139.8
18169.7
18204
18242.4
18284.1
18327.5
18370.6
18410.1
18441.4
18458.8
18454.7
18419.6
18341.8
18207.3
17998.8
17696.3
17275.6
16708.7
15962.9
15000.2
13777.6
12246
10350.8
8031.93
5229.13
1900.23
18517.1
18531.3
18533.4
18525.1
18501.3
18455.8
18381.8
18270.8
18113.3
17898.8
17615.7
17252.2
16796.1
16235.7
15560.5
14761.6
13832.6
12770.3
11576.2
10257
8827
7309.12
5737.8
4161.12
2643.14
1266.07
132.536
-633.17
-889.773
-507.77
17943
17664.2
17430.6
17120.3
16744.7
16291.6
15753.6
15123.9
14397.6
13572.3
12649.1
11632.6
10531.5
9359.19
8133.11
6874.97
5610.13
4367.08
3176.74
2071.73
1085.41
250.38
-403.781
-854.083
-1088.8
-1112.77
-952.86
-663.352
-329.535
-60.5842
14255.1
13474.3
12890.1
12174.3
11384.3
10513.6
9570.48
8565.43
7513.06
6431.78
5343.23
4271.43
3241.55
2278.55
1405.63
642.793
5.68361
-495.353
-855.784
-1077.17
-1167.37
-1140.78
-1018.68
-829.067
-605.359
-383.203
-195.461
-66.0389
-3.18132
6.14096
8137.18
7097.73
6391.36
5576.53
4746.46
3903.95
3069.57
2263.13
1505.31
815.952
212.663
-290.588
-684.706
-966.322
-1138.11
-1208.53
-1190.93
-1102.3
-961.762
-789.094
-603.55
-422.903
-262.532
-134.242
-44.7364
5.72477
23.5418
20.2039
9.04061
0.832952
2628.32
1803.88
1311.56
781.51
298.051
-136.88
-508.913
-808.278
-1028.31
-1166.59
-1225.35
-1211.52
-1136.2
-1013.7
-860.126
-691.78
-523.588
-367.826
-233.354
-125.423
-45.9666
5.86945
33.2139
41.0677
35.8191
24.3398
12.6071
4.36388
0.550687
-0.151883
-235.766
-614.658
-785.794
-946.02
-1050.72
-1104.73
-1107.38
-1062.39
-976.263
-858.104
-718.839
-570.226
-423.69
-289.164
-174.125
-82.9921
-17.0095
25.3776
47.7502
54.7623
51.2565
41.6486
29.6317
18.0792
8.94889
3.12561
0.378788
-0.324104
-0.187033
-0.00779338
-804.852
-851.766
-828.417
-787.661
-719.633
-631.652
-529.201
-419.301
-309.235
-205.959
-115.391
-41.8012
12.5929
47.7517
65.6126
69.5892
63.8657
52.6373
39.4689
26.9106
16.4295
8.59899
3.40158
0.486421
-0.691387
-0.790899
-0.45771
-0.14428
-0.00927138
0.00475287
-456.361
-389.918
-328.396
-260.757
-191.242
-124.165
-63.1849
-11.5015
28.6411
56.1611
71.243
75.2649
70.5509
59.9834
46.537
32.8285
20.7734
11.4254
5.02126
1.19902
-0.701092
-1.3627
-1.33149
-0.982762
-0.563473
-0.229781
-0.0475518
0.00727406
0.00529926
-0.000487556
-111.672
-58.6447
-26.0523
5.17023
30.4746
49.1178
60.5782
65.0081
63.1957
56.4598
46.4693
35.0088
23.7269
13.9157
6.3637
1.31521
-1.45904
-2.50128
-2.46507
-1.93316
-1.3059
-0.781682
-0.410816
-0.175053
-0.0440461
0.00931436
0.0152109
0.00539089
-0.000411442
-0.000318818
17.2886
35.1403
41.2299
45.2048
45.3803
42.4234
36.9591
29.8421
22.0108
14.371
7.67943
2.45155
-1.0882
-3.00252
-3.58444
-3.26075
-2.4799
-1.61344
-0.896178
-0.4171
-0.155206
-0.0380596
0.00540951
0.018414
0.0182237
0.0113465
0.00366154
-0.00026505
-0.000518283
3.41153e-05
25.9165
26.2846
23.6596
20.3007
16.0822
11.5525
7.13878
3.23466
0.130592
-2.01581
-3.19159
-3.51567
-3.20357
-2.51674
-1.70758
-0.972978
-0.427143
-0.0992537
0.0463483
0.0768278
0.0577546
0.032055
0.0160521
0.00877312
0.0047828
0.00163958
-0.000190516
-0.000440446
-7.52679e-05
4.40819e-05
10.054
7.4173
5.12411
2.89014
0.883399
-0.733641
-1.87478
-2.51215
-2.68249
-2.47604
-2.0181
-1.44502
-0.879914
-0.412893
-0.0904493
0.0841905
0.140579
0.124344
0.079932
0.0383064
0.012779
0.00261359
0.000766207
0.000924351
0.000551344
-8.30832e-05
-0.000282174
-0.000109331
2.53268e-05
1.24845e-05
1.2915
-0.039872
-0.745083
-1.29464
-1.60555
-1.68952
-1.57916
-1.32613
-0.992968
-0.642543
-0.328183
-0.0860958
0.068285
0.139359
0.146266
0.115194
0.0713586
0.0329293
0.00844036
-0.00210745
-0.00361805
-0.00174995
-0.000122925
0.000280785
3.76007e-05
-0.000142712
-9.36125e-05
2.65912e-07
1.81187e-05
2.53755e-07
-0.625995
-0.897341
-0.911866
-0.865021
-0.743258
-0.576219
-0.391257
-0.214528
-0.0668347
0.0390396
0.099386
0.118835
0.108028
0.0803119
0.048303
0.0212145
0.00357762
-0.0044689
-0.00566937
-0.00365999
-0.00131628
7.133e-06
0.00028738
0.000102454
-5.8715e-05
-6.47645e-05
-1.10946e-05
1.20365e-05
4.69655e-06
-1.26677e-06
-0.412021
-0.372483
-0.292279
-0.207182
-0.120285
-0.0431088
0.0172287
0.0568026
0.0753921
0.0760268
0.0639881
0.045465
0.0261808
0.0103117
-6.05268e-05
-0.00487753
-0.00551624
-0.00393714
-0.00188588
-0.000406863
0.000229058
0.000267672
9.75595e-05
-2.39898e-05
-4.12033e-05
-1.23225e-05
5.98347e-06
4.83469e-06
-5.10877e-08
-5.26552e-07
-0.107069
-0.0598314
-0.0241483
0.00563677
0.0274147
0.039929
0.0436711
0.0402431
0.0320371
0.0217053
0.0116424
0.00357692
-0.00164011
-0.00401605
-0.00419597
-0.00312465
-0.00170434
-0.000552122
8.4838e-05
0.000262929
0.000187864
5.97581e-05
-1.48056e-05
-2.5785e-05
-9.574e-06
2.48669e-06
3.474e-06
6.18276e-07
-4.7061e-07
-7.82827e-08
-0.00351782
0.0121057
0.0183697
0.0215668
0.0213469
0.0184877
0.0140003
0.00894467
0.00425635
0.000597955
-0.00171568
-0.00271074
-0.0026738
-0.00202466
-0.00118106
-0.000453436
5.06633e-06
0.000188319
0.000183123
0.000100849
2.44126e-05
-1.25339e-05
-1.57974e-05
-6.17776e-06
9.61198e-07
2.12149e-06
6.77021e-07
-2.14854e-07
-1.62114e-07
1.64579e-08
0.00840449
0.010185
0.00919286
0.00759115
0.00545348
0.00321744
0.00122515
-0.000285986
-0.00120959
-0.00156764
-0.00148155
-0.0011263
-0.000680136
-0.000282842
-1.244e-05
0.00011621
0.00013449
9.38521e-05
4.12449e-05
4.44018e-06
-9.97138e-06
-9.10469e-06
-3.42185e-06
4.36467e-07
1.19523e-06
4.98991e-07
-6.15868e-08
-1.22565e-07
-1.84254e-08
1.16118e-08
0.00358755
0.00287567
0.00190596
0.00100514
0.000219545
-0.000356995
-0.000693238
-0.000802358
-0.000733546
-0.000555985
-0.00034097
-0.00014647
-7.55379e-06
6.56806e-05
8.32876e-05
6.6349e-05
3.71238e-05
1.17567e-05
-2.63212e-06
-6.62802e-06
-4.75358e-06
-1.61717e-06
2.7593e-07
6.45733e-07
3.05767e-07
-3.38173e-09
-7.10223e-08
-2.44992e-08
5.39611e-09
2.74101e-09
0.000688205
0.000258429
-3.04644e-05
-0.000233869
-0.000346576
-0.000372585
-0.000331522
-0.000249463
-0.000153459
-6.60457e-05
-1.63374e-06
3.4646e-05
4.5687e-05
3.94314e-05
2.52782e-05
1.10265e-05
1.1613e-06
-3.28585e-06
-3.669e-06
-2.18893e-06
-6.28943e-07
2.02667e-07
3.37868e-07
1.6636e-07
9.08974e-09
-3.62425e-08
-1.83691e-08
3.1973e-10
2.93633e-09
1.5909e-10
-1.95266e-05
-0.000126378
-0.000156636
-0.000159848
-0.000139015
-0.000103536
-6.33198e-05
-2.66595e-05
9.13945e-07
1.71573e-05
2.28168e-05
2.07052e-05
1.44779e-05
7.4791e-06
1.96284e-06
-1.16347e-06
-2.1146e-06
-1.71755e-06
-8.70921e-07
-1.81205e-07
1.40297e-07
1.69784e-07
8.23212e-08
7.10861e-09
-1.74152e-08
-1.10315e-08
-1.26758e-09
1.60483e-09
6.09338e-10
-1.10017e-10
-5.8488e-05
-6.5727e-05
-5.45635e-05
-4.02551e-05
-2.42942e-05
-9.77574e-06
1.28875e-06
8.01352e-06
1.05661e-05
9.89721e-06
7.34324e-06
4.22197e-06
1.52352e-06
-2.38373e-07
-1.00614e-06
-1.03299e-06
-6.88405e-07
-2.91387e-07
-2.13063e-08
8.5351e-08
8.06143e-08
3.72323e-08
3.32742e-09
-8.18866e-09
-5.85735e-09
-1.21608e-09
6.82346e-10
4.80971e-10
2.7554e-11
-4.37796e-11
-2.01946e-05
-1.50676e-05
-8.68897e-06
-3.27604e-06
9.36128e-07
3.54891e-06
4.5978e-06
4.39282e-06
3.39949e-06
2.10497e-06
9.05841e-07
4.20317e-08
-4.14555e-07
-5.24592e-07
-4.19326e-07
-2.36781e-07
-7.66166e-08
1.67279e-08
4.53928e-08
3.5628e-08
1.5317e-08
9.72642e-10
-3.8313e-09
-2.8696e-09
-7.79562e-10
2.45942e-10
2.78274e-10
6.26155e-11
-2.32535e-11
-8.15934e-12
-3.38906e-06
-1.00015e-06
5.46709e-07
1.49629e-06
1.89882e-06
1.83549e-06
1.46462e-06
9.57359e-07
4.62008e-07
7.82967e-08
-1.51632e-07
-2.36306e-07
-2.17019e-07
-1.46125e-07
-6.86431e-08
-1.18059e-08
1.63127e-08
2.13541e-08
1.45171e-08
5.67192e-09
6.5025e-12
-1.7793e-09
-1.32296e-09
-4.14024e-10
7.85669e-11
1.38317e-10
4.96529e-11
-5.00464e-12
-8.54322e-12
-4.30549e-13
9.57648e-08
6.20925e-07
7.50243e-07
7.28727e-07
5.95116e-07
4.05168e-07
2.12029e-07
5.38553e-08
-4.97952e-08
-9.72848e-08
-1.00171e-07
-7.64423e-08
-4.39198e-08
-1.55875e-08
2.27862e-09
9.37373e-09
9.00758e-09
5.42428e-09
1.85574e-09
-2.24247e-10
-8.08972e-10
-5.78353e-10
-1.94366e-10
2.36011e-11
6.3015e-11
2.95338e-11
1.51857e-12
-4.5109e-12
-1.54216e-12
2.42441e-13
2.48007e-07
2.83646e-07
2.29706e-07
1.6164e-07
8.98586e-08
2.8391e-08
-1.46805e-08
-3.73529e-08
-4.24479e-08
-3.56675e-08
-2.34277e-08
-1.10809e-08
-1.90974e-09
3.01917e-09
4.32277e-09
3.4453e-09
1.84982e-09
5.14668e-10
-1.92319e-10
-3.54758e-10
-2.40153e-10
-8.28171e-11
7.53211e-12
2.72619e-11
1.51314e-11
2.36699e-12
-1.8396e-12
-1.1455e-12
-9.2647e-14
9.44486e-14
8.25615e-08
6.28307e-08
3.55131e-08
1.29787e-08
-3.82475e-09
-1.35758e-08
-1.68329e-08
-1.52837e-08
-1.10744e-08
-6.20252e-09
-2.09659e-09
5.48051e-10
1.69457e-09
1.7332e-09
1.20375e-09
5.70718e-10
1.06413e-10
-1.14668e-10
-1.48516e-10
-9.46656e-11
-3.23935e-11
2.98112e-12
1.14292e-11
7.05361e-12
1.64728e-12
-6.19601e-13
-6.23175e-13
-1.52162e-13
3.73793e-14
1.90913e-14
1.46735e-08
5.55312e-09
-8.84922e-10
-4.7161e-09
-6.33207e-09
-6.13105e-09
-4.79474e-09
-3.01592e-09
-1.34924e-09
-1.28243e-10
5.42925e-10
7.37777e-10
6.24821e-10
3.85433e-10
1.56193e-10
5.85995e-12
-5.69928e-11
-5.90504e-11
-3.54036e-11
-1.1683e-11
1.46073e-12
4.68734e-12
3.07508e-12
8.94163e-13
-1.71246e-13
-2.88856e-13
-1.10105e-13
1.55979e-15
1.52218e-14
2.08141e-15
-9.81402e-11
-1.94428e-09
-2.41345e-09
-2.30575e-09
-1.82563e-09
-1.18295e-09
-5.64309e-10
-8.92356e-11
1.9482e-10
3.01022e-10
2.80128e-10
1.94716e-10
9.83657e-11
2.42627e-11
-1.62265e-11
-2.7753e-11
-2.22951e-11
-1.1585e-11
-2.94135e-12
1.29464e-12
2.04287e-12
1.24569e-12
3.5992e-13
-7.2504e-14
-1.30672e-13
-5.89141e-14
-4.86935e-15
7.48838e-15
3.10828e-15
-1.97453e-16
)
;

boundaryField
{
    fixedWall_Bottom
    {
        type            greyDiffusiveRadiation;
        refValue        uniform 18049.5;
        refGradient     uniform 0;
        valueFraction   uniform 1;
        source          uniform 0;
        value           uniform 18049.5;
    }
    fixedWall_Right
    {
        type            greyDiffusiveRadiation;
        refValue        uniform 0;
        refGradient     uniform 0;
        valueFraction   uniform 1;
        source          uniform 0;
        value           uniform 0;
    }
    fixedWall_Left
    {
        type            greyDiffusiveRadiation;
        refValue        uniform 0;
        refGradient     uniform 0;
        valueFraction   uniform 0;
        source          uniform 0;
        value           nonuniform List<scalar> 
30
(
18056.5
18517.1
17943
14255.1
8137.18
2628.32
-235.766
-804.852
-456.361
-111.672
17.2886
25.9165
10.054
1.2915
-0.625995
-0.412021
-0.107069
-0.00351782
0.00840449
0.00358755
0.000688205
-1.95266e-05
-5.8488e-05
-2.01946e-05
-3.38906e-06
9.57648e-08
2.48007e-07
8.25615e-08
1.46735e-08
-9.81402e-11
)
;
    }
    fixedWall_Top
    {
        type            greyDiffusiveRadiation;
        refValue        uniform 0;
        refGradient     uniform 0;
        valueFraction   uniform 0;
        source          uniform 0;
        value           nonuniform List<scalar> 
30
(
-9.81402e-11
-1.94428e-09
-2.41345e-09
-2.30575e-09
-1.82563e-09
-1.18295e-09
-5.64309e-10
-8.92356e-11
1.9482e-10
3.01022e-10
2.80128e-10
1.94716e-10
9.83657e-11
2.42627e-11
-1.62265e-11
-2.7753e-11
-2.22951e-11
-1.1585e-11
-2.94135e-12
1.29464e-12
2.04287e-12
1.24569e-12
3.5992e-13
-7.2504e-14
-1.30672e-13
-5.89141e-14
-4.86935e-15
7.48838e-15
3.10828e-15
-1.97453e-16
)
;
    }
    frontAndBack
    {
        type            empty;
    }
}


// ************************************************************************* //
