/*--------------------------------*- C++ -*----------------------------------*\
| =========                 |                                                 |
| \\      /  F ield         | OpenFOAM: The Open Source CFD Toolbox           |
|  \\    /   O peration     | Version:  2312                                  |
|   \\  /    A nd           | Website:  www.openfoam.com                      |
|    \\/     M anipulation  |                                                 |
\*---------------------------------------------------------------------------*/
FoamFile
{
    version     2.0;
    format      ascii;
    arch        "LSB;label=32;scalar=64";
    class       volScalarField;
    location    "0.03";
    object      ILambda_55_0;
}
// * * * * * * * * * * * * * * * * * * * * * * * * * * * * * * * * * * * * * //

dimensions      [1 0 -3 0 0 0 0];

internalField   nonuniform List<scalar> 
900
(
18049.3
18049.3
18049.3
18049.3
18049.3
18049.3
18049.3
18049.3
18049.3
18049.3
18049.3
18049.3
18049.3
18049.1
18048.9
18048.5
18048.4
18049
18050.8
18052.9
18051.8
18041.8
18020.6
18007
18060.7
18270.5
18617.3
18574.6
16386.4
8501.71
18047.8
18047.8
18047.8
18047.9
18047.9
18047.9
18047.9
18047.9
18047.9
18047.8
18047.6
18047.3
18046.9
18046.7
18047
18048.6
18051.6
18054.6
18052.8
18039.7
18014.6
17998.4
18050.6
18251.8
18595.6
18754.2
17818.7
14419.1
7913.06
807.686
18052
18052
18052
18052
18052
18052
18052
18051.9
18051.7
18051.4
18051.2
18051.2
18052
18054.2
18057.8
18061.4
18060.6
18049.2
18023.8
17997.4
18014.5
18147.9
18438.9
18751.9
18589.3
17057.2
13291.8
7466.84
1726.15
-698.24
18058.8
18058.8
18058.8
18058.8
18058.7
18058.6
18058.5
18058.4
18058.3
18058.6
18059.7
18062
18065.4
18068.8
18068.5
18058.7
18034.9
18002.3
17990.1
18056.8
18264.8
18593.8
18800.7
18316.7
16364.1
12447.2
7071.51
2032.85
-573.51
-421.114
18050.1
18050.1
18050.1
18050
18050
18049.9
18050
18050.5
18051.5
18053.5
18056.1
18058.5
18057.8
18049.4
18028.4
17995.6
17967.8
17986.6
18112.9
18381.7
18707
18769.8
17991
15730.8
11751.1
6704.62
2132.89
-414.48
-694.253
-79.4779
18021.4
18021.4
18021.3
18021.4
18021.5
18022
18022.8
18024.1
18025.9
18027.1
18025.8
18018.5
18001.2
17972.8
17941.8
17935.3
18001.2
18190
18499.7
18785.3
18681.5
17635.6
15141.3
11143.9
6359.52
2134.56
-309.069
-783.476
-282.372
35.6868
18004.2
18004.3
18004.4
18004.7
18005.3
18006.1
18007
18007.4
18005.8
17999.8
17986.5
17964.5
17938
17923.2
17953.3
18074.1
18316.2
18637.5
18846
18557
17265.5
14587
10596.6
6031.88
2083.88
-247.371
-820.875
-417.741
-15.7445
31.3723
18043.3
18043.5
18043.9
18044.3
18044.6
18044.5
18042.9
18038.4
18029
18013.5
17994.1
17980.1
17993
18066.6
18236.5
18508
18801.2
18893
18402.2
16884.3
14060.6
10096.4
5722.75
2004.32
-217.313
-838.855
-512.115
-81.9057
50.1027
8.02227
18147.5
18147.7
18147.8
18147.5
18146.2
18143
18136.8
18126.8
18114.2
18104.3
18110.2
18154.5
18266.3
18465.5
18730.8
18952.8
18893
18192.3
16473.1
13545.7
9632.04
5436.13
1913.6
-208.861
-851.603
-579.967
-143.303
46.4009
30.3203
-2.55518
18264.7
18264.3
18263.4
18261.3
18257.5
18251.5
18244
18238.2
18241.7
18268.6
18339.3
18473.4
18673.7
18895.3
19009.2
18777.4
17875.5
15993.7
13014.2
9188.07
5174.11
1827.81
-209.759
-865.086
-633.993
-196.5
34.3796
46.3972
5.10942
-2.96865
18297.1
18295.6
18293.4
18290.1
18286
18283.1
18285.6
18302.2
18345.6
18430.9
18566.9
18739.9
18887.5
18872.1
18468.7
17395
15405
12436.1
8746.29
4935.02
1760.56
-204.429
-876.868
-683.278
-245.738
19.6006
58.6
15.6155
-4.26007
-0.855279
18138.8
18136.7
18134.7
18133.5
18135.5
18145.8
18171.9
18223.7
18309.8
18428.4
18552.6
18609.8
18463.3
17909.6
16711.3
14678.9
11789.1
8290.51
4713.51
1720.18
-177.24
-876.938
-729.768
-297.34
1.11487
69.1457
27.9634
-2.91908
-3.47007
0.335419
17710.7
17710.3
17711.9
17718.1
17733.5
17763.9
17815.6
17890.4
17977.9
18042.5
18007.9
17745.9
17079.2
15814
13807.8
11063.6
7809.02
4500.98
1707.21
-117.894
-852.511
-767.52
-354.1
-25.8701
76.8905
43.1073
1.17304
-6.2044
-0.658759
0.43747
16979.2
16983.8
16992.5
17009.8
17039.6
17084
17139.5
17189.6
17194.2
17079.1
16729
15994.7
14721.5
12804.8
10262.8
7295.45
4286.83
1714.32
-25.0034
-794.158
-786.179
-412.384
-65.0831
77.051
60.1707
9.71615
-8.1698
-3.12761
0.788469
0.158571
15956.9
15968.5
15984.8
16010
16042.8
16075.7
16088.8
16041.2
15864.6
15459.3
14702.8
13474.2
11698.1
9399.78
6748.88
4060.68
1728.84
94.005
-699.739
-776.25
-463.399
-115.345
64.4894
74.9589
23.2652
-7.10766
-6.67032
-0.0835432
0.862938
-0.0543563
14691.6
14708.1
14726.2
14745.9
14757
14738.2
14651.1
14435
14006.7
13267.7
12125
10525.2
8494.85
6173.58
3814.7
1736.65
225.861
-574.889
-733.199
-497.139
-170.163
37.4683
81.7988
39.4182
-1.11212
-9.48276
-2.579
1.13126
0.432893
-0.114022
13250.5
13263.8
13270.8
13263.5
13220.9
13108.2
12874
12450.1
11759.2
10730.6
9326.5
7571.86
5578.28
3545.2
1725.57
355.426
-430.852
-658.89
-506.365
-220.317
-0.89517
76.7264
53.49
9.51603
-9.27985
-5.87925
0.171856
1.05609
0.0641598
-0.0860672
11706.4
11702.8
11682
11624
11499.1
11264.5
10866
10243.5
9344.07
8140.91
6655.49
4974.86
3253.09
1687.62
469.153
-281.222
-560.582
-488.78
-257.343
-43.911
59.5127
60.8797
22.023
-4.94386
-8.19797
-2.03498
1.09737
0.573524
-0.0994065
-0.0404127
10128.2
10092.2
10027.6
9901.2
9679.62
9320.15
8777.01
8010.7
7002.16
5768.76
4376.85
2943.33
1619.74
557.296
-138.89
-448.578
-447.065
-276.037
-83.9695
33.5357
59.2089
32.6184
2.65259
-7.97778
-4.5193
0.133003
0.978149
0.174047
-0.117853
-0.00887817
8576.42
8495.18
8377.28
8177.07
7863.98
7403.17
6765.4
5937
4931.3
3797.78
2623.65
1523.38
614.729
-13.9577
-333.693
-387.439
-275.27
-114.952
4.12675
49.0152
38.2996
11.1825
-4.88381
-5.97587
-1.54423
0.814154
0.562768
-0.0264487
-0.0799618
0.00489063
7101.54
6969.04
6798.09
6533.08
6151.77
5632.19
4964.41
4158.25
3249.83
2303.17
1403.41
640.698
87.2221
-225.285
-317.7
-257.404
-133.515
-23.3986
33.0514
37.9264
18.1178
0.113042
-5.60945
-3.13167
-0.000645551
0.735273
0.220546
-0.0813774
-0.0389869
0.00753838
5743.53
5562.75
5348.85
5039.78
4624.71
4095.74
3459.82
2742.82
1990.98
1266.71
637.895
162.057
-130.138
-245.473
-226.968
-139.196
-45.1392
14.9532
32.2319
21.7887
5.39327
-3.51325
-3.87131
-1.10987
0.489177
0.446602
0.0346346
-0.0694238
-0.0126979
0.00573354
4531.58
4313.73
4074
3747.7
3335.52
2841.43
2283.67
1695.12
1120.87
611.263
211.101
-52.1528
-177.023
-189.261
-133.732
-59.1543
-1.97395
23.1282
21.7798
9.49235
-0.465322
-3.46722
-1.99432
-0.0965611
0.468554
0.201936
-0.0336028
-0.0416356
-0.000543542
0.00324799
3483.67
3245.32
2999.6
2682.58
2304.22
1876.28
1421.88
973.146
566.839
237.149
7.3978
-116.697
-149.24
-120.1
-65.3114
-15.4671
12.8436
18.7259
11.5972
2.55564
-2.1385
-2.29351
-0.746385
0.242122
0.301143
0.0599813
-0.041948
-0.019296
0.00311133
0.00144719
2606.48
2365.72
2132.3
1845.71
1521.76
1175.55
829.739
510.788
244.297
49.2821
-66.8813
-110.848
-101.614
-64.755
-24.4884
3.26399
13.8186
11.6275
4.79048
-0.399729
-1.95135
-1.18216
-0.125798
0.259791
0.150221
-0.00119749
-0.0300134
-0.00647344
0.00307036
0.000467378
1896.12
1669.09
1461.69
1218.77
958.393
695.422
448.722
237.121
75.6227
-28.2764
-76.7602
-81.279
-59.2863
-29.0406
-4.39193
8.31848
10.0328
5.88981
1.21869
-1.16342
-1.26487
-0.468277
0.0958024
0.177933
0.0569836
-0.017885
-0.0165752
-0.000794272
0.00202728
4.96061e-05
1340.04
1138.57
965.044
770.863
573.486
385.321
220.073
89.2557
-0.335164
-48.4191
-61.4385
-50.8406
-29.8179
-9.60752
3.231
7.49775
5.88974
2.35843
-0.227864
-1.02044
-0.658559
-0.110872
0.126987
0.0959457
0.0122105
-0.0164345
-0.00739179
0.000981007
0.00107517
-7.58534e-05
918.574
749.459
612.186
465.307
323.869
196.908
93.1233
18.252
-26.2432
-43.6313
-41.1038
-27.8222
-12.4152
-0.824062
4.69065
5.06933
2.88703
0.591255
-0.580857
-0.656971
-0.274871
0.0254853
0.0939874
0.0418105
-0.00393497
-0.010563
-0.00250388
0.00111402
0.000472214
-8.27816e-05
617.07
480.885
376.781
270.242
173.212
91.5109
29.8737
-9.80007
-28.8742
-31.6785
-24.3889
-13.3941
-3.6919
2.10632
3.82183
2.88999
1.15654
-0.0973581
-0.503429
-0.350218
-0.0818325
0.0544433
0.0546462
0.0138003
-0.00685097
-0.0055515
-0.000430203
0.000776106
0.000165862
-5.70849e-05
347.57
252.664
185.713
120.94
66.2592
24.2716
-3.5918
-17.9574
-21.3298
-17.4817
-10.4956
-3.76428
0.708663
2.46846
2.22097
1.12907
0.149968
-0.301362
-0.298594
-0.121289
0.0123819
0.0445716
0.0220282
-0.000343915
-0.00536827
-0.00196391
0.000391068
0.000399452
1.10656e-05
-2.98505e-05
)
;

boundaryField
{
    fixedWall_Bottom
    {
        type            greyDiffusiveRadiation;
        refValue        uniform 18049.5;
        refGradient     uniform 0;
        valueFraction   uniform 1;
        source          uniform 0;
        value           uniform 18049.5;
    }
    fixedWall_Right
    {
        type            greyDiffusiveRadiation;
        refValue        uniform 0;
        refGradient     uniform 0;
        valueFraction   uniform 1;
        source          uniform 0;
        value           uniform 0;
    }
    fixedWall_Left
    {
        type            greyDiffusiveRadiation;
        refValue        uniform 0;
        refGradient     uniform 0;
        valueFraction   uniform 0;
        source          uniform 0;
        value           nonuniform List<scalar> 
30
(
18049.3
18047.8
18052
18058.8
18050.1
18021.4
18004.2
18043.3
18147.5
18264.7
18297.1
18138.8
17710.7
16979.2
15956.9
14691.6
13250.5
11706.4
10128.2
8576.42
7101.54
5743.53
4531.58
3483.67
2606.48
1896.12
1340.04
918.574
617.07
347.57
)
;
    }
    fixedWall_Top
    {
        type            greyDiffusiveRadiation;
        refValue        uniform 0;
        refGradient     uniform 0;
        valueFraction   uniform 0;
        source          uniform 0;
        value           nonuniform List<scalar> 
30
(
347.57
252.664
185.713
120.94
66.2592
24.2716
-3.5918
-17.9574
-21.3298
-17.4817
-10.4956
-3.76428
0.708663
2.46846
2.22097
1.12907
0.149968
-0.301362
-0.298594
-0.121289
0.0123819
0.0445716
0.0220282
-0.000343915
-0.00536827
-0.00196391
0.000391068
0.000399452
1.10656e-05
-2.98505e-05
)
;
    }
    frontAndBack
    {
        type            empty;
    }
}


// ************************************************************************* //
