/*--------------------------------*- C++ -*----------------------------------*\
| =========                 |                                                 |
| \\      /  F ield         | OpenFOAM: The Open Source CFD Toolbox           |
|  \\    /   O peration     | Version:  2312                                  |
|   \\  /    A nd           | Website:  www.openfoam.com                      |
|    \\/     M anipulation  |                                                 |
\*---------------------------------------------------------------------------*/
FoamFile
{
    version     2.0;
    format      ascii;
    arch        "LSB;label=32;scalar=64";
    class       volScalarField;
    location    "0.03";
    object      ILambda_50_0;
}
// * * * * * * * * * * * * * * * * * * * * * * * * * * * * * * * * * * * * * //

dimensions      [1 0 -3 0 0 0 0];

internalField   nonuniform List<scalar> 
900
(
18039.6
18037.2
18035.1
18032.3
18028.9
18025.2
18021.4
18017.8
18015.4
18015.2
18018.8
18028
18045.2
18072.8
18113
18167.2
18234.8
18312.3
18391.3
18456.5
18483
18432.7
18250.9
17861.5
17161.6
16016.6
14255.4
11668
8015.31
3083.65
17988.2
17990.8
17994.7
18002.1
18014
18032.1
18058.1
18093.5
18139.6
18196.7
18263.6
18336.1
18406.7
18462.7
18485.1
18447.5
18315.4
18046.5
17591.7
16897.6
15911.2
14586.1
12892.2
10828.7
8441.86
5846.85
3252.73
987.299
-494.036
-673.382
18186.2
18221.1
18251.9
18291.5
18337.3
18387.7
18438.7
18483.7
18512.2
18509.4
18455.2
18323.8
18084.5
17702.1
17139.9
16362.2
15339.7
14054.3
12505.4
10715
8732.67
6638.93
4545.5
2591.7
932.913
-281.703
-944.405
-1036.15
-679.075
-163.257
18603.3
18629.3
18638.7
18632.7
18599.9
18526.1
18393.4
18179.7
17859.7
17405.5
16789
15984.5
14972.3
13743.1
12302.5
10673.8
8901.25
7048.87
5197.97
3441.04
1873.35
582.648
-362.647
-926.607
-1118.93
-1003.79
-697.249
-346.612
-88.4895
8.92835
18288
18119.6
17945.7
17686.9
17333.8
16862.8
16252.2
15482
14536.4
13407.5
12098.4
10626.1
9023.89
7341.48
5643.29
4003.79
2500.35
1204.35
171.955
-563.739
-997.594
-1153.75
-1083.51
-859.98
-568.625
-292.5
-93.32
5.22056
22.2861
5.18481
16068.6
15494.7
14992.2
14331.7
13534.8
12587.1
11487.8
10244.8
8877.71
7419.4
5915.54
4422.86
3005
1726.41
644.681
-197.373
-778.471
-1102.63
-1198.77
-1115.81
-914.464
-657.655
-401.799
-189.995
-47.0153
23.5511
37.8217
23.4712
6.48768
-0.385487
11880.3
10896.2
10117.4
9167.72
8116.82
6972.15
5761.74
4521.75
3296.86
2137.13
1093.68
212.964
-469.353
-934.089
-1182.4
-1236.6
-1137.26
-936.626
-689.645
-444.823
-237.312
-85.9673
5.56345
45.243
48.2987
32.7575
14.5659
3.08025
-0.516572
-0.220467
6999.13
5867.3
5057.57
4135.03
3200.52
2274.07
1393.36
595.701
-83.4991
-615.28
-981.356
-1177.56
-1215.63
-1122.53
-937.033
-703.772
-465.901
-257.959
-100.921
-0.845676
48.6266
61.1203
51.9625
34.2275
17.0274
5.2597
-0.087854
-0.973962
-0.329387
0.030143
2984.65
2042.12
1447.68
820.471
254.825
-235.349
-626.728
-903.767
-1059.23
-1096.33
-1029.22
-881.927
-685.374
-472.952
-275.257
-115.2
-4.72793
55.8554
75.7009
69.0545
50.2946
30.1708
14.4117
4.56877
-0.154904
-1.41907
-0.992259
-0.291007
0.0201551
0.0165463
609.451
38.6312
-256.007
-532.879
-730.927
-850.84
-889.97
-853.949
-755.109
-611.653
-445.499
-279.289
-133
-20.8597
50.6794
83.3047
85.3363
68.7075
45.3408
24.1124
9.40266
1.54207
-1.42938
-1.84454
-1.3163
-0.645696
-0.169089
0.023054
0.0269472
-0.00101358
-311.074
-540.255
-608.868
-650.098
-637.99
-582.426
-491.757
-378.446
-256.676
-140.645
-42.515
29.3954
71.7964
86.625
80.1305
61.01
38.0752
18.1325
4.73603
-1.82853
-3.46887
-2.72662
-1.51598
-0.670926
-0.2443
-0.0517181
0.0220522
0.0245837
0.00468652
-0.00197971
-409.535
-438.648
-405.918
-357.716
-289.486
-211.103
-130.734
-56.7751
3.80563
46.4
69.4232
74.424
65.5734
48.6029
29.43
12.8286
1.52585
-4.01243
-5.08042
-3.76325
-1.93575
-0.649506
-0.0933319
0.0213726
0.0118586
0.0105653
0.0143061
0.00716202
-0.0005479
-0.000821028
-241.511
-202.308
-156.289
-107.384
-58.3939
-14.6209
20.2822
43.8529
55.3705
55.8824
47.9416
35.0391
20.8465
8.44933
-0.233039
-4.67552
-5.56855
-4.31114
-2.37764
-0.805612
0.0127747
0.208544
0.123277
0.0236124
-0.005752
0.00221394
0.00626007
0.00168182
-0.00102775
-0.000203048
-87.257
-49.2536
-22.2797
2.14312
21.1566
33.479
38.8277
37.83
31.9459
23.1675
13.6282
5.18598
-0.914886
-4.2177
-5.01543
-4.1182
-2.508
-1.00309
-0.0483866
0.307634
0.274775
0.118772
0.00909817
-0.018822
-0.00653645
0.00393081
0.00302938
-0.000275771
-0.000648009
3.95177e-05
-11.969
7.25396
16.1939
22.4539
24.7688
23.605
19.7453
14.2645
8.33497
3.01054
-0.957771
-3.23336
-3.90354
-3.38509
-2.25535
-1.0629
-0.179172
0.263651
0.337948
0.21928
0.0743314
-0.00860121
-0.0244881
-0.0101778
0.00193591
0.00332936
0.000532068
-0.000629069
-0.000195407
6.88261e-05
8.58002
14.1798
14.6268
13.8136
11.4875
8.29432
4.83825
1.68755
-0.73094
-2.1961
-2.71042
-2.46672
-1.77253
-0.95406
-0.26838
0.150177
0.295594
0.252214
0.134296
0.0313638
-0.0186498
-0.0233537
-0.00977528
0.000881707
0.00299119
0.000988837
-0.000387084
-0.000315054
1.43589e-05
3.17748e-05
7.75987
7.8107
6.33408
4.61042
2.69648
0.929843
-0.4653
-1.35495
-1.71714
-1.63187
-1.24993
-0.748026
-0.282516
0.0452599
0.202892
0.217778
0.150984
0.0659332
0.00470241
-0.0201362
-0.0183814
-0.00738398
0.000549318
0.00240253
0.00107457
-0.000143559
-0.000304891
-5.60657e-05
4.03276e-05
5.59928e-06
3.47141
2.4856
1.4463
0.510302
-0.25954
-0.772601
-1.00921
-0.998044
-0.807778
-0.527084
-0.24234
-0.0183058
0.113142
0.153655
0.129342
0.0760735
0.024993
-0.00658425
-0.0164915
-0.0125137
-0.00468496
0.000525057
0.00178726
0.000928292
6.98239e-06
-0.000231624
-8.94409e-05
2.0061e-05
1.79365e-05
-1.73126e-06
0.901043
0.266903
-0.130178
-0.411771
-0.557205
-0.57198
-0.486052
-0.340952
-0.180893
-0.0428681
0.0502904
0.0924526
0.0919758
0.0658566
0.0324975
0.00564125
-0.00863301
-0.0113537
-0.00755293
-0.00255213
0.000532045
0.00124702
0.000694883
6.6443e-05
-0.000152266
-8.80388e-05
-5.25803e-08
1.71157e-05
3.3038e-06
-1.5543e-06
0.0152853
-0.217507
-0.290815
-0.310217
-0.275512
-0.205574
-0.12178
-0.0435131
0.0153068
0.0483368
0.0567665
0.047372
0.029402
0.0113607
-0.00128838
-0.00689316
-0.00687839
-0.00410479
-0.00119199
0.000476155
0.000818383
0.000467908
7.09916e-05
-9.14818e-05
-6.96534e-05
-1.0688e-05
1.11538e-05
5.49498e-06
-5.93075e-07
-5.30771e-07
-0.121511
-0.165204
-0.147736
-0.11686
-0.075589
-0.0341573
-0.0001707
0.0219091
0.0311637
0.0297455
0.0217018
0.0115058
0.00274837
-0.00263774
-0.0044613
-0.00376449
-0.00202875
-0.000461555
0.000370565
0.000505456
0.000289109
5.3739e-05
-5.21378e-05
-4.8325e-05
-1.30473e-05
5.46355e-06
5.0588e-06
5.86027e-07
-6.33629e-07
-7.82553e-08
-0.0724485
-0.0645727
-0.0436175
-0.023257
-0.00494245
0.00829923
0.0153982
0.0167595
0.0139191
0.00894906
0.00382517
-6.17794e-05
-0.00212915
-0.00253468
-0.0018928
-0.000916231
-0.00012922
0.000255943
0.000294318
0.000165999
3.38569e-05
-2.89112e-05
-3.06665e-05
-1.10937e-05
1.86947e-06
3.58648e-06
1.07864e-06
-3.08143e-07
-2.25908e-07
1.75842e-08
-0.0251117
-0.0145648
-0.00496734
0.00224825
0.00685308
0.00860842
0.00801631
0.00593075
0.00330851
0.000956728
-0.000633495
-0.00133371
-0.00131031
-0.000884041
-0.000377392
-5.5035e-06
0.00016036
0.000162128
8.94035e-05
1.87444e-05
-1.58192e-05
-1.82237e-05
-7.90915e-06
1.63799e-07
2.16109e-06
1.03023e-06
-2.47761e-08
-1.94195e-07
-4.04506e-08
1.53411e-08
-0.00484697
9.32138e-05
0.00272169
0.00405873
0.0042263
0.00350382
0.00231499
0.00106686
6.58402e-05
-0.000533594
-0.000729127
-0.000628644
-0.000386106
-0.000139893
2.64666e-05
9.27843e-05
8.48699e-05
4.55035e-05
9.34062e-06
-8.57732e-06
-1.02849e-05
-5.04135e-06
-4.06371e-07
1.15932e-06
7.64192e-07
1.09769e-07
-1.12014e-07
-5.73706e-08
2.47011e-09
5.3078e-09
0.000397151
0.00182331
0.00206102
0.00189009
0.00141664
0.000823084
0.000273648
-0.000124258
-0.000330131
-0.000363712
-0.000283265
-0.000158113
-4.48596e-05
2.58821e-05
5.02658e-05
4.2419e-05
2.20195e-05
4.22857e-06
-4.59933e-06
-5.56171e-06
-2.96485e-06
-4.59798e-07
5.68484e-07
4.89257e-07
1.34303e-07
-4.53699e-08
-4.68011e-08
-8.19538e-09
4.56706e-09
1.05921e-09
0.000788185
0.000974102
0.000782703
0.00053095
0.000260335
3.36643e-05
-0.00011415
-0.000176508
-0.000169266
-0.000120754
-6.05934e-05
-1.09275e-05
1.773e-05
2.57684e-05
2.03343e-05
1.01797e-05
1.73412e-06
-2.42832e-06
-2.89903e-06
-1.63868e-06
-3.47184e-07
2.59048e-07
2.836e-07
1.09326e-07
-8.72757e-09
-2.92256e-08
-1.08687e-08
1.21361e-09
1.80152e-09
3.70834e-11
0.000379107
0.000313741
0.000182142
6.8228e-05
-1.99339e-05
-7.09561e-05
-8.60548e-05
-7.44313e-05
-4.88945e-05
-2.15429e-05
-6.74026e-07
1.03856e-05
1.26025e-05
9.38627e-06
4.51261e-06
6.30957e-07
-1.25719e-06
-1.46284e-06
-8.61423e-07
-2.20577e-07
1.10886e-07
1.52923e-07
7.39433e-08
5.62788e-09
-1.50964e-08
-8.91681e-09
-9.0273e-10
1.18595e-09
4.27056e-10
-6.6633e-11
0.000114961
5.90387e-05
1.03839e-05
-2.14117e-05
-3.75249e-05
-3.92254e-05
-3.1164e-05
-1.88243e-05
-6.95198e-06
1.47756e-06
5.53203e-06
5.91723e-06
4.18616e-06
1.923e-06
1.90767e-07
-6.3648e-07
-7.16905e-07
-4.34296e-07
-1.26312e-07
4.49108e-08
7.80478e-08
4.46377e-08
8.43298e-09
-6.55974e-09
-5.82875e-09
-1.52595e-09
4.63291e-10
4.21153e-10
4.89375e-11
-3.21417e-11
2.01482e-05
-2.40531e-06
-1.37362e-05
-1.80215e-05
-1.6972e-05
-1.25064e-05
-6.8962e-06
-1.93776e-06
1.34875e-06
2.75569e-06
2.68305e-06
1.81196e-06
7.91288e-07
3.77473e-08
-3.14304e-07
-3.4228e-07
-2.11573e-07
-6.74962e-08
1.71859e-08
3.81384e-08
2.49115e-08
6.93839e-09
-2.29791e-09
-3.28724e-09
-1.33843e-09
2.80283e-11
2.68853e-10
9.38392e-11
-1.01662e-11
-9.2292e-12
-2.8686e-06
-7.80341e-06
-7.89212e-06
-6.4137e-06
-4.11152e-06
-1.77099e-06
3.3648e-08
1.05692e-06
1.34101e-06
1.11417e-06
6.63513e-07
2.28195e-07
-5.81873e-08
-1.70689e-07
-1.57181e-07
-8.9436e-08
-2.45643e-08
1.1368e-08
1.92057e-08
1.23864e-08
3.65599e-09
-1.03828e-09
-1.7564e-09
-8.4883e-10
-7.18443e-11
1.45593e-10
7.90666e-11
5.85515e-12
-8.75633e-12
-1.50122e-12
)
;

boundaryField
{
    fixedWall_Bottom
    {
        type            greyDiffusiveRadiation;
        refValue        uniform 18049.5;
        refGradient     uniform 0;
        valueFraction   uniform 1;
        source          uniform 0;
        value           uniform 18049.5;
    }
    fixedWall_Right
    {
        type            greyDiffusiveRadiation;
        refValue        uniform 0;
        refGradient     uniform 0;
        valueFraction   uniform 1;
        source          uniform 0;
        value           uniform 0;
    }
    fixedWall_Left
    {
        type            greyDiffusiveRadiation;
        refValue        uniform 0;
        refGradient     uniform 0;
        valueFraction   uniform 0;
        source          uniform 0;
        value           nonuniform List<scalar> 
30
(
18039.6
17988.2
18186.2
18603.3
18288
16068.6
11880.3
6999.13
2984.65
609.451
-311.074
-409.535
-241.511
-87.257
-11.969
8.58002
7.75987
3.47141
0.901043
0.0152853
-0.121511
-0.0724485
-0.0251117
-0.00484697
0.000397151
0.000788185
0.000379107
0.000114961
2.01482e-05
-2.8686e-06
)
;
    }
    fixedWall_Top
    {
        type            greyDiffusiveRadiation;
        refValue        uniform 0;
        refGradient     uniform 0;
        valueFraction   uniform 0;
        source          uniform 0;
        value           nonuniform List<scalar> 
30
(
-2.8686e-06
-7.80341e-06
-7.89212e-06
-6.4137e-06
-4.11152e-06
-1.77099e-06
3.3648e-08
1.05692e-06
1.34101e-06
1.11417e-06
6.63513e-07
2.28195e-07
-5.81873e-08
-1.70689e-07
-1.57181e-07
-8.9436e-08
-2.45643e-08
1.1368e-08
1.92057e-08
1.23864e-08
3.65599e-09
-1.03828e-09
-1.7564e-09
-8.4883e-10
-7.18443e-11
1.45593e-10
7.90666e-11
5.85515e-12
-8.75633e-12
-1.50122e-12
)
;
    }
    frontAndBack
    {
        type            empty;
    }
}


// ************************************************************************* //
