/*--------------------------------*- C++ -*----------------------------------*\
| =========                 |                                                 |
| \\      /  F ield         | OpenFOAM: The Open Source CFD Toolbox           |
|  \\    /   O peration     | Version:  2312                                  |
|   \\  /    A nd           | Website:  www.openfoam.com                      |
|    \\/     M anipulation  |                                                 |
\*---------------------------------------------------------------------------*/
FoamFile
{
    version     2.0;
    format      ascii;
    arch        "LSB;label=32;scalar=64";
    class       volScalarField;
    location    "0.03";
    object      ILambda_6_0;
}
// * * * * * * * * * * * * * * * * * * * * * * * * * * * * * * * * * * * * * //

dimensions      [1 0 -3 0 0 0 0];

internalField   nonuniform List<scalar> 
900
(
10596.8
17887
18752.6
18311
18050.4
18013.8
18037.1
18050.9
18052.1
18050.3
18049.5
18049.6
18049.8
18049.9
18049.8
18049.8
18049.7
18049.7
18049.7
18049.7
18049.7
18049.7
18049.7
18049.7
18049.7
18049.7
18049.7
18049.7
18049.7
18049.7
2750.87
12310.8
17700.3
18887.4
18517.9
18125.8
18004.9
18017.5
18043.5
18052
18050.6
18048.4
18048
18048.4
18048.9
18049
18049
18049
18048.9
18048.9
18048.9
18048.9
18048.9
18048.9
18048.9
18048.9
18048.9
18048.9
18048.9
18048.9
-101.82
6013.72
13537.7
17854.3
18916
18584.9
18166.3
18006.7
18007.1
18038
18051.8
18051.3
18047.8
18046.2
18046.4
18047.1
18047.6
18047.7
18047.7
18047.7
18047.6
18047.6
18047.6
18047.6
18047.6
18047.6
18047.6
18047.6
18047.6
18047.6
-619.475
1752.61
8148.9
14549
18087.9
18940.3
18604.3
18183.5
18009.2
18003.7
18038.4
18057.1
18058.1
18053.4
18050.1
18049.3
18049.8
18050.4
18050.8
18050.9
18051
18050.9
18050.9
18050.9
18050.9
18050.9
18050.9
18050.9
18050.9
18050.9
-404.023
-199.972
3577.75
9869.37
15416.2
18325.6
18957.1
18596.2
18181.7
18005.9
18000
18039.7
18064.2
18068
18063.1
18058.3
18056.2
18056
18056.4
18056.9
18057.1
18057.2
18057.2
18057.2
18057.2
18057.2
18057.2
18057.2
18057.2
18057.2
-136.885
-657.702
751.34
5307.34
11331.7
16158.3
18535.2
18959
18566.6
18160.1
17987.7
17983.3
18028
18059.1
18067.4
18063.9
18058.6
18055.3
18054.3
18054.3
18054.6
18054.9
18055
18055.1
18055.1
18055.1
18055.1
18055.1
18055.1
18055.1
5.27073
-482.776
-458.287
1938.92
6925.13
12596.9
16788
18708
18947.9
18524.9
18125.5
17955.7
17950.5
17997.7
18034.4
18048.2
18047.7
18043.2
18039.5
18037.7
18037.2
18037.3
18037.5
18037.6
18037.7
18037.7
18037.7
18037.7
18037.7
18037.7
42.1066
-202.939
-656.805
61.2068
3241.6
8427.71
13698.7
17321.1
18851.5
18937.9
18492.2
18100.2
17930.1
17919.6
17964.8
18004.5
18023
18026.4
18023.6
18020.3
18018.2
18017.4
18017.2
18017.2
18017.3
18017.4
18017.4
18017.5
18017.5
18017.5
31.1735
-21.4779
-439.029
-619.659
817.897
4593.79
9816.02
14660.7
17773.9
18977.8
18946.8
18492.8
18111.8
17940.3
17920.3
17958.6
17997.4
18018.8
18025.5
18025
18022.7
18020.8
18019.8
18019.4
18019.4
18019.4
18019.5
18019.5
18019.5
18019.5
11.9446
45.0908
-175.012
-614.613
-368.208
1750.67
5955.98
11089.9
15494.1
18152.1
19090
18980.4
18536.5
18173.8
18002.3
17971
17998.8
18033.2
18054.9
18063.9
18065.5
18064.4
18063
18062.1
18061.6
18061.4
18061.4
18061.4
18061.5
18061.5
-0.173012
44.5228
-9.19918
-364.425
-678.052
85.7192
2815.58
7297.76
12238.2
16192.3
18445.2
19173.7
19022.9
18607.9
18272.2
18104.6
18062.9
18078.9
18106.4
18126.3
18136.1
18139.1
18139.1
18138.3
18137.6
18137.2
18137
18136.9
18136.9
18136.9
-4.08076
22.7638
51.3734
-125.326
-542.404
-596.741
729.947
3974.74
8582.41
13234.1
16733.6
18629
19198.5
19037.9
18667.2
18366.5
18208.1
18158.8
18163.7
18183.4
18199.9
18209.3
18213.1
18213.9
18213.6
18213.2
18212.9
18212.7
18212.6
18212.6
-3.42182
4.21962
49.5931
13.6055
-286.412
-663.809
-343.128
1548.17
5180.76
9759.46
14039.5
17088.5
18672.3
19124.8
18977.3
18660.5
18400.4
18256
18203.3
18199.1
18211.4
18223.9
18232
18235.8
18237.1
18237.3
18237
18236.8
18236.7
18236.6
-1.53242
-4.67307
26.9467
60.144
-79.5324
-462.778
-678.877
101.907
2505.81
6368.31
10769
14614.7
17229.2
18544.6
18912.5
18791.7
18532.5
18315
18188.4
18136.1
18125.8
18131.8
18140.5
18146.8
18150.2
18151.7
18152.1
18152
18151.9
18151.8
-0.0787154
-6.15798
6.60938
54.1655
31.7118
-223.622
-607.028
-539.592
733.756
3541.16
7458.94
11553.3
14928.9
17136.1
18222.8
18529.1
18440.5
18237.1
18061.6
17954.5
17905.9
17892.1
17893.5
17898.8
17903.4
17906.2
17907.5
17908
17908.1
17908.1
0.574985
-4.28302
-4.3707
31.0152
65.2965
-50.8883
-390.006
-660.63
-218.115
1512.73
4570.61
8375.19
12068.6
14966.4
16802.7
17695.6
17955.6
17898.7
17745.7
17608.7
17521.3
17478.5
17463.6
17461.9
17464.6
17467.7
17469.7
17470.9
17471.3
17471.5
0.651391
-1.90116
-7.40427
10.2465
56.7225
37.1559
-181.267
-527.799
-573.838
277.066
2367.15
5504.73
9055.46
12293.3
14729.8
16236.6
16966
17189.2
17159.6
17049.6
16946
16877.2
16841.1
16826.7
16823.3
16824.2
16826
16827.5
16828.3
16828.8
0.470568
-0.237994
-6.20166
-1.937
34.7078
62.3544
-40.3981
-326.515
-581.182
-326.442
899.076
3209.26
6266.27
9463.57
12228.8
14238.8
15459.2
16051.2
16243.2
16235
16159.5
16083.8
16031.2
16002.1
15989.2
15985.2
15984.9
15985.8
15986.7
15987.4
0.250983
0.543864
-3.75796
-6.47221
14.8504
54.3725
30.1256
-153.755
-438.195
-511.796
63.6067
1575.19
3955.14
6802.85
9591.35
11897.8
13527.3
14503.4
14980.3
15144.5
15151.5
15102.4
15049
15010.1
14987.4
14976.5
14972.5
14971.6
14971.9
14972.5
0.0882294
0.713395
-1.64065
-6.47219
2.28066
35.6309
51.2555
-41.0037
-269.002
-472.449
-312.877
546.813
2226.23
4540.47
7091.72
9455.56
11338.8
12638.6
13410.1
13790.8
13929.9
13946.4
13916.7
13880.3
13852.3
13835.2
13826.5
13822.9
13821.8
13821.7
-0.00172326
0.587146
-0.320623
-4.67526
-3.51153
18.2297
46.3862
16.2749
-132.513
-346.798
-406.773
-9.36343
1058.2
2784.06
4928.36
7137.67
9091.53
10599.8
11621.3
12224
12525
12641.2
12662.6
12646.4
12622.6
12603.1
12590.6
12583.9
12580.8
12579.5
-0.0368892
0.382481
0.29178
-2.70759
-4.91591
6.39549
32.4743
35.6783
-44.2852
-214.928
-358.53
-245.754
352.937
1534.53
3202.37
5109.6
6966.8
8545.8
9732.74
10524.4
10989.9
11225.5
11321
11343.9
11336.7
11321.8
11308.6
11299.8
11294.8
11292
-0.0411434
0.205534
0.455247
-1.23564
-4.20572
0.055874
18.7612
34.7833
2.11968
-111.853
-260.952
-295.38
-15.9556
722.077
1926.71
3459.81
5097.78
6618.72
7869.24
8788.46
9394.06
9749.59
9931.89
10009.1
10031.3
10029.6
10020.8
10012.3
10006.2
10002
-0.0325713
0.0873596
0.402713
-0.359005
-2.87355
-2.43236
8.75833
26.0673
20.22
-44.8871
-164.617
-255.386
-168.115
244.939
1052.51
2205.62
3557.28
4922.01
6139.08
7111.56
7813.01
8270.57
8539.13
8678.65
8740.13
8760.18
8761.66
8756.89
8751.58
8746.84
-0.0214884
0.0223234
0.283356
0.058963
-1.65903
-2.78866
2.77855
16.4878
22.677
-8.14829
-90.269
-186.399
-198.205
-0.451254
499.219
1312.47
2361.89
3512.2
4619.55
5573.57
6317.41
6845.41
7187.09
7387.78
7493.38
7541.51
7558.81
7561.82
7559.64
7555.86
-0.0123286
-0.00651422
0.170545
0.197988
-0.803797
-2.24804
-0.151247
8.94981
18.4269
8.06244
-41.3264
-120.09
-171.279
-101.642
179.583
716.976
1486.1
2402.16
3351.79
4229.57
4963.66
5524.06
5916.46
6168.75
6317.16
6396.17
6433.28
6447.66
6451.2
6450.32
-0.00615849
-0.0150784
0.0889493
0.199905
-0.298581
-1.51066
-1.20522
4.03012
12.6072
12.5143
-13.3317
-68.9297
-126.35
-123.391
15.6984
346.894
879.801
1571.85
2343.99
3107.57
3789.18
4344.72
4761.15
5049.37
5233.72
5342.37
5400.86
5429.07
5440.59
5444.62
-0.0025629
-0.0143896
0.0389285
0.152288
-0.0463663
-0.884111
-1.30658
1.27495
7.55806
11.4178
0.29494
-34.6083
-83.1679
-108.224
-53.5184
134.483
482.838
979.357
1576.35
2207.14
2806.28
3325.16
3738.68
4043.76
4252.8
4385.95
4464.6
4507.4
4528.34
4538.99
-0.000770555
-0.010701
0.012861
0.0998408
0.0511991
-0.459398
-1.0412
0.00116915
4.05172
8.54395
5.3106
-14.5949
-50.3122
-81.9916
-71.2431
26.5735
244.138
587.801
1034.07
1537.51
2045.12
2510.49
2902.73
3208.99
3431.6
3582.63
3678.34
3734.89
3765.53
3783.7
0.00022879
-0.00630801
-0.00219274
0.0497484
0.0814678
-0.142446
-0.636789
-0.581978
1.33549
4.90189
6.22734
-1.33434
-21.6871
-48.6342
-62.1837
-32.452
69.8116
261.379
539.358
881.691
1254.26
1620.77
1951.37
2227.47
2442.39
2599.08
2706.38
2775.55
2816.99
2845.09
)
;

boundaryField
{
    fixedWall_Bottom
    {
        type            greyDiffusiveRadiation;
        refValue        uniform 18049.5;
        refGradient     uniform 0;
        valueFraction   uniform 1;
        source          uniform 0;
        value           uniform 18049.5;
    }
    fixedWall_Right
    {
        type            greyDiffusiveRadiation;
        refValue        uniform 0;
        refGradient     uniform 0;
        valueFraction   uniform 0;
        source          uniform 0;
        value           nonuniform List<scalar> 
30
(
18049.7
18048.9
18047.6
18050.9
18057.2
18055.1
18037.7
18017.5
18019.5
18061.5
18136.9
18212.6
18236.6
18151.8
17908.1
17471.5
16828.8
15987.4
14972.5
13821.7
12579.5
11292
10002
8746.84
7555.86
6450.32
5444.62
4538.99
3783.7
2845.09
)
;
    }
    fixedWall_Left
    {
        type            greyDiffusiveRadiation;
        refValue        uniform 0;
        refGradient     uniform 0;
        valueFraction   uniform 1;
        source          uniform 0;
        value           uniform 0;
    }
    fixedWall_Top
    {
        type            greyDiffusiveRadiation;
        refValue        uniform 0;
        refGradient     uniform 0;
        valueFraction   uniform 0;
        source          uniform 0;
        value           nonuniform List<scalar> 
30
(
0.00022879
-0.00630801
-0.00219274
0.0497484
0.0814678
-0.142446
-0.636789
-0.581978
1.33549
4.90189
6.22734
-1.33434
-21.6871
-48.6342
-62.1837
-32.452
69.8116
261.379
539.358
881.691
1254.26
1620.77
1951.37
2227.47
2442.39
2599.08
2706.38
2775.55
2816.99
2845.09
)
;
    }
    frontAndBack
    {
        type            empty;
    }
}


// ************************************************************************* //
