/*--------------------------------*- C++ -*----------------------------------*\
| =========                 |                                                 |
| \\      /  F ield         | OpenFOAM: The Open Source CFD Toolbox           |
|  \\    /   O peration     | Version:  2312                                  |
|   \\  /    A nd           | Website:  www.openfoam.com                      |
|    \\/     M anipulation  |                                                 |
\*---------------------------------------------------------------------------*/
FoamFile
{
    version     2.0;
    format      ascii;
    arch        "LSB;label=32;scalar=64";
    class       volScalarField;
    location    "0.03";
    object      ILambda_61_0;
}
// * * * * * * * * * * * * * * * * * * * * * * * * * * * * * * * * * * * * * //

dimensions      [1 0 -3 0 0 0 0];

internalField   nonuniform List<scalar> 
900
(
18049.4
18049.4
18049.4
18049.4
18049.4
18049.4
18049.4
18049.4
18049.4
18049.4
18049.4
18049.4
18049.4
18049.4
18049.4
18049.4
18049.4
18049.4
18049.4
18049.4
18049.4
18049.4
18049.4
18049.6
18049.8
18044.3
18040.5
18212.7
18722.8
14965.8
18049.7
18049.7
18049.7
18049.7
18049.7
18049.7
18049.7
18049.7
18049.7
18049.7
18049.7
18049.7
18049.7
18049.7
18049.7
18049.7
18049.7
18049.7
18049.7
18049.7
18049.7
18049.7
18050.1
18050.3
18043.3
18027.5
18138.1
18728.6
18543.5
10034.1
18049.8
18049.8
18049.8
18049.8
18049.8
18049.8
18049.8
18049.8
18049.8
18049.8
18049.8
18049.8
18049.8
18049.8
18049.8
18049.8
18049.8
18049.8
18049.8
18049.8
18049.8
18050.2
18050.8
18046.7
18026.2
18044.3
18396.1
19085.7
17062.3
6381.52
18048.7
18048.7
18048.7
18048.7
18048.7
18048.7
18048.7
18048.7
18048.7
18048.7
18048.7
18048.7
18048.7
18048.7
18048.7
18048.7
18048.7
18048.7
18048.7
18048.8
18049
18049.8
18048.7
18033.9
18010.5
18141.8
18746
18993.6
14796.8
3794.15
18047.8
18047.8
18047.8
18047.8
18047.8
18047.8
18047.8
18047.8
18047.8
18047.8
18047.8
18047.8
18047.8
18047.8
18047.8
18047.8
18047.8
18047.8
18047.8
18047.9
18048.4
18049
18042.2
18014.7
18024.4
18341.1
19052.8
18330.8
12202.4
2032.88
18049.4
18049.4
18049.4
18049.4
18049.4
18049.4
18049.4
18049.4
18049.4
18049.4
18049.4
18049.4
18049.4
18049.4
18049.4
18049.4
18049.4
18049.4
18049.4
18049.6
18050.5
18049.2
18032.3
18001.7
18097.8
18619.8
19169.5
17116.6
9607.27
887.841
18052.9
18052.9
18052.9
18052.9
18052.9
18052.9
18052.9
18052.9
18052.9
18052.9
18052.9
18052.9
18052.9
18052.9
18052.9
18053
18053
18052.9
18052.8
18053.4
18054.6
18048.5
18019.6
18009.3
18244.5
18913.2
18978.1
15458.4
7220.68
187.883
18054.6
18054.6
18054.6
18054.6
18054.6
18054.6
18054.6
18054.6
18054.6
18054.6
18054.6
18054.6
18054.6
18054.6
18054.6
18054.7
18054.6
18054.4
18054.6
18056
18056.3
18041.2
18004.3
18050.1
18455.3
19134.6
18412.7
13504.7
5157.64
-201.549
18051.1
18051.1
18051.1
18051.1
18051.1
18051.1
18051.1
18051.1
18051.1
18051.1
18051.1
18051.1
18051.1
18051.1
18051.1
18051.1
18050.9
18050.7
18051.6
18054.1
18050.5
18022.4
17990.6
18134.9
18703.4
19198.7
17464.6
11411
3464.1
-383.242
18042.9
18042.9
18042.9
18042.9
18042.9
18042.9
18042.9
18042.9
18042.9
18042.9
18042.9
18042.9
18042.9
18042.9
18042.9
18042.7
18042.5
18042.8
18045
18047.2
18034.7
17992.8
17991.5
18274.1
18950.7
19037.6
16172.3
9316.83
2139.03
-433.431
18034.5
18034.5
18034.5
18034.5
18034.5
18034.5
18034.5
18034.5
18034.5
18034.5
18034.5
18034.5
18034.5
18034.5
18034.4
18034.2
18034.2
18035.5
18039
18037.4
18010.5
17962.6
18029
18472.9
19149.3
18605.1
14605.6
7333.86
1152.13
-406.869
18032.4
18032.4
18032.4
18032.4
18032.4
18032.4
18032.4
18032.4
18032.4
18032.4
18032.4
18032.4
18032.4
18032.3
18032.2
18032
18032.5
18035.3
18038.3
18027.7
17984.4
17950.4
18126.8
18722.4
19242.5
17878.4
12851.5
5542.1
457.184
-341.47
18041.6
18041.6
18041.6
18041.6
18041.6
18041.6
18041.6
18041.6
18041.6
18041.6
18041.6
18041.6
18041.6
18041.5
18041.3
18041.4
18043
18046.6
18045.8
18021.4
17967.3
17979.1
18299.7
18992.1
19168.7
16859.1
11003.2
3991.39
1.46476
-262.28
18063.8
18063.8
18063.8
18063.8
18063.8
18063.8
18063.8
18063.8
18063.8
18063.8
18063.8
18063.8
18063.8
18063.6
18063.6
18064.3
18066.9
18069.7
18060.9
18021.1
17972
18067.5
18543.1
19229.2
18870.8
15574.2
9151.86
2704.76
-267.968
-184.741
18095.6
18095.6
18095.6
18095.6
18095.6
18095.6
18095.6
18095.6
18095.6
18095.6
18095.6
18095.6
18095.5
18095.4
18095.6
18097.1
18100.1
18099.5
18079.2
18028.6
18009.8
18222
18828
19365.5
18307.4
14073.9
7378.98
1682.73
-400.121
-117.326
18128.1
18128.1
18128.1
18128.1
18128.1
18128.1
18128.1
18128.1
18128.1
18128.1
18128.1
18128
18127.9
18128
18128.6
18130.7
18132.8
18125.8
18093.4
18043.9
18084.9
18430.3
19102
19329.4
17461.5
12426.4
5750.46
908.444
-437.538
-63.6609
18147.4
18147.4
18147.4
18147.4
18147.4
18147.4
18147.4
18147.4
18147.4
18147.4
18147.4
18147.3
18147.3
18147.5
18148.6
18150.8
18150.2
18134.8
18093.8
18063.7
18190.6
18660.1
19298
19060.1
16345.1
10709.3
4312.86
352.976
-415.015
-24.2166
18136.5
18136.5
18136.5
18136.5
18136.5
18136.5
18136.5
18136.5
18136.5
18136.5
18136.4
18136.4
18136.5
18137
18138.4
18139.7
18134.6
18110.8
18069.7
18079.4
18307.3
18862.6
19345.9
18519
14997.3
9000.34
3092.22
-19.3163
-359.35
2.39383
18076.8
18076.8
18076.8
18076.8
18076.8
18076.8
18076.8
18076.8
18076.8
18076.8
18076.8
18076.8
18077
18077.7
18079.1
18078.5
18067.8
18038.3
18008.8
18076.7
18403.7
18980.1
19185
17695.7
13477.9
7369.21
2095.53
-246.16
-289.86
18.4598
17950.5
17950.5
17950.5
17950.5
17950.5
17950.5
17950.5
17950.5
17950.5
17950.5
17950.5
17950.6
17950.9
17951.8
17952.5
17949
17933.1
17903.1
17898.6
18036
18440.5
18955.6
18774.4
16608.6
11858.7
5871.15
1313.96
-363.716
-219.401
26.5211
17742.2
17742.2
17742.2
17742.2
17742.2
17742.2
17742.2
17742.2
17742.2
17742.2
17742.2
17742.3
17742.8
17743.6
17743
17736.2
17716.7
17693.6
17725.8
17933.2
18376
18741.7
18097.9
15300.8
10213.5
4544.01
727.186
-404.103
-155.644
28.9638
17440.3
17440.3
17440.3
17440.3
17440.3
17440.3
17440.3
17440.3
17440.2
17440.2
17440.3
17440.5
17441
17441.3
17439.1
17429.2
17409.4
17401
17477.3
17743.6
18172.6
18307.8
17165.3
13832.1
8610.1
3407.97
307.887
-394.036
-102.377
27.8063
17038
17038
17038
17038
17038
17038
17038
17038
17038
17038
17038.1
17038.4
17038.8
17038.4
17034.2
17022.3
17006.5
17019.8
17141.5
17443.9
17801.7
17643.2
16009
12270.6
7104.23
2467.32
25.8162
-354.421
-60.7034
24.6215
16534
16534
16534
16534
16534
16534
16534
16534
16534
16534
16534.1
16534.4
16534.5
16533.2
16527.3
16515.3
16507.8
16547.3
16708.6
17016.5
17248.1
16757.6
14677.9
10684
5736.68
1713.67
-148.98
-300.625
-30.0441
20.5455
15931.7
15931.7
15931.7
15931.7
15931.7
15931.7
15931.7
15931.7
15931.7
15931.8
15931.9
15932.1
15931.8
15929.4
15922.6
15912.7
15917.4
15984.2
16172.9
16451.4
16511.1
15678.6
13230.5
9133.47
4532.46
1129.72
-243.905
-243.182
-8.90589
16.3344
15238.3
15238.3
15238.3
15238.3
15238.3
15238.3
15238.3
15238.3
15238.4
15238.4
15238.6
15238.6
15237.8
15234.5
15227.7
15222.3
15241.7
15333.1
15531.8
15746.6
15603.3
14445.9
11727.1
7668.58
3501.94
692.853
-282.48
-188.696
4.56988
12.4414
14471.4
14471.4
14471.4
14471.4
14471.4
14471.4
14471.4
14471.4
14471.4
14471.5
14471.6
14471.4
14470.1
14466.3
14460.6
14461.9
14496.8
14606.3
14795.4
14916.6
14555.8
13113.1
10228.8
6328.35
2644.74
378.579
-283.885
-140.853
12.2459
9.10041
13611.7
13611.7
13611.7
13611.7
13611.7
13611.7
13611.7
13611.8
13611.8
13611.9
13611.8
13611.4
13609.7
13606
13602.6
13611.7
13660.6
13778.7
13937.2
13942.2
13367.4
11699.1
8760.34
5120.36
1943.61
161.216
-262.322
-100.808
15.7965
6.36606
12851.2
12851.2
12851.2
12851.2
12851.2
12851.2
12851.2
12851.3
12851.3
12851.3
12851.2
12850.5
12848.5
12845.3
12845.2
12862.8
12923.5
13042.4
13158.2
13041.2
12272.5
10433.9
7505.76
4147.45
1422.33
25.2686
-232.244
-70.887
16.6493
4.36494
11366
11366
11366
11366
11366
11366
11366
11366
11366
11366
11365.8
11364.9
11363.1
11361.9
11367.4
11393.9
11458.4
11551
11573.3
11278.3
10304.8
8391.05
5691.83
2889.33
832.133
-86.9621
-178.539
-37.7148
15.2713
2.19882
)
;

boundaryField
{
    fixedWall_Bottom
    {
        type            greyDiffusiveRadiation;
        refValue        uniform 18049.5;
        refGradient     uniform 0;
        valueFraction   uniform 1;
        source          uniform 0;
        value           uniform 18049.5;
    }
    fixedWall_Right
    {
        type            greyDiffusiveRadiation;
        refValue        uniform 0;
        refGradient     uniform 0;
        valueFraction   uniform 1;
        source          uniform 0;
        value           uniform 0;
    }
    fixedWall_Left
    {
        type            greyDiffusiveRadiation;
        refValue        uniform 0;
        refGradient     uniform 0;
        valueFraction   uniform 0;
        source          uniform 0;
        value           nonuniform List<scalar> 
30
(
18049.4
18049.7
18049.8
18048.7
18047.8
18049.4
18052.9
18054.6
18051.1
18042.9
18034.5
18032.4
18041.6
18063.8
18095.6
18128.1
18147.4
18136.5
18076.8
17950.5
17742.2
17440.3
17038
16534
15931.7
15238.3
14471.4
13611.7
12851.2
11366
)
;
    }
    fixedWall_Top
    {
        type            greyDiffusiveRadiation;
        refValue        uniform 0;
        refGradient     uniform 0;
        valueFraction   uniform 0;
        source          uniform 0;
        value           nonuniform List<scalar> 
30
(
11366
11366
11366
11366
11366
11366
11366
11366
11366
11366
11365.8
11364.9
11363.1
11361.9
11367.4
11393.9
11458.4
11551
11573.3
11278.3
10304.8
8391.05
5691.83
2889.33
832.133
-86.9621
-178.539
-37.7148
15.2713
2.19882
)
;
    }
    frontAndBack
    {
        type            empty;
    }
}


// ************************************************************************* //
