/*--------------------------------*- C++ -*----------------------------------*\
| =========                 |                                                 |
| \\      /  F ield         | OpenFOAM: The Open Source CFD Toolbox           |
|  \\    /   O peration     | Version:  2312                                  |
|   \\  /    A nd           | Website:  www.openfoam.com                      |
|    \\/     M anipulation  |                                                 |
\*---------------------------------------------------------------------------*/
FoamFile
{
    version     2.0;
    format      binary;
    arch        "LSB;label=32;scalar=64";
    class       cellSet;
    location    "constant/polyMesh/sets";
    object      metal;
}
// * * * * * * * * * * * * * * * * * * * * * * * * * * * * * * * * * * * * * //


270
(
5138
5139
5140
5141
5142
5143
5144
5155
5156
5157
5158
5159
5160
5161
5238
5239
5240
5241
5242
5243
5244
5255
5256
5257
5258
5259
5260
5261
5338
5339
5340
5341
5342
5343
5344
5355
5356
5357
5358
5359
5360
5361
5362
4338
4339
4340
4341
4342
4343
4344
4345
4346
4347
4348
4349
4350
4351
4352
4353
4354
4355
4356
4357
4358
4359
4360
4361
4362
5438
5439
5440
5441
5442
5443
5444
5455
5456
5457
5458
5459
5460
5461
4437
4438
4439
4440
4441
4442
4443
4444
4445
4446
4447
4448
4449
4450
4451
4452
4453
4454
4455
4456
4457
4458
4459
4460
4461
5537
5538
5539
5540
5541
5542
5543
5544
5545
5546
5547
5548
5549
5550
5551
5552
5553
5554
5555
5556
5557
5558
5559
5560
5561
5562
4538
4539
4540
4541
4542
4543
4544
4555
4556
4557
4558
4559
4560
4561
5637
5638
5639
5640
5641
5642
5643
5644
5645
5646
5647
5648
5649
5650
5651
5652
5653
5654
5655
5656
5657
5658
5659
5660
5661
5662
4638
4639
4640
4641
4642
4643
4644
4655
4656
4657
4658
4659
4660
4661
4662
5737
5738
5739
5740
5741
5742
5743
5744
5745
5746
5747
5748
5749
5750
5751
5752
5753
5754
5755
5756
5757
5758
5759
5760
5761
5762
4738
4739
4740
4741
4742
4743
4744
4755
4756
4757
4758
4759
4760
4761
4838
4839
4840
4841
4842
4843
4844
4855
4856
4857
4858
4859
4860
4861
4938
4939
4940
4941
4942
4943
4944
4955
4956
4957
4958
4959
4960
4961
5038
5039
5040
5041
5042
5043
5044
5055
5056
5057
5058
5059
5060
5061
)


// ************************************************************************* //
