/*--------------------------------*- C++ -*----------------------------------*\
| =========                 |                                                 |
| \\      /  F ield         | OpenFOAM: The Open Source CFD Toolbox           |
|  \\    /   O peration     | Version:  2312                                  |
|   \\  /    A nd           | Website:  www.openfoam.com                      |
|    \\/     M anipulation  |                                                 |
\*---------------------------------------------------------------------------*/
FoamFile
{
    version     2.0;
    format      ascii;
    arch        "LSB;label=32;scalar=64";
    class       volScalarField;
    location    "0.06";
    object      ILambda_5_0;
}
// * * * * * * * * * * * * * * * * * * * * * * * * * * * * * * * * * * * * * //

dimensions      [1 0 -3 0 0 0 0];

internalField   nonuniform List<scalar> 
900
(
11655.3
18342.1
18655.8
18181.3
18022.6
18029.1
18048
18051.8
18050.3
18049.3
18049.3
18049.4
18049.5
18049.5
18049.5
18049.5
18049.5
18049.5
18049.5
18049.5
18049.5
18049.5
18049.5
18049.5
18049.5
18049.5
18049.5
18049.5
18049.5
18049.5
4096.87
14338.7
18557.6
18811.2
18275.7
18029.5
18013.3
18040.9
18051.9
18051.4
18049.7
18049.2
18049.4
18049.5
18049.5
18049.5
18049.5
18049.5
18049.5
18049.5
18049.5
18049.5
18049.5
18049.5
18049.5
18049.5
18049.5
18049.5
18049.5
18049.5
670.166
8764.83
16035.1
18797
18793.1
18266.3
18023.8
18006.4
18037.5
18051.8
18052.1
18050
18049.2
18049.3
18049.5
18049.5
18049.5
18049.5
18049.5
18049.5
18049.5
18049.5
18049.5
18049.5
18049.5
18049.5
18049.5
18049.5
18049.5
18049.5
-443.318
4095.69
11792.6
17222.1
18957.3
18725.6
18223
18011.4
18003.3
18036.7
18052
18052.5
18050.2
18049.2
18049.3
18049.4
18049.5
18049.5
18049.5
18049.5
18049.5
18049.5
18049.5
18049.5
18049.5
18049.5
18049.5
18049.5
18049.5
18049.5
-542.374
1171.27
7253.08
14063.5
18050.8
19021.8
18629.4
18168.1
17998.1
18003.2
18037.8
18052.5
18052.7
18050.2
18049.2
18049.2
18049.4
18049.5
18049.5
18049.5
18049.5
18049.5
18049.5
18049.5
18049.5
18049.5
18049.5
18049.5
18049.5
18049.5
-336.235
-204.11
3532.61
10050.5
15781.3
18593.5
19002.6
18518.6
18113.1
17987.4
18005.5
18040.1
18053.3
18052.8
18050.2
18049.2
18049.2
18049.4
18049.5
18049.5
18049.5
18049.5
18049.5
18049.5
18049.5
18049.5
18049.5
18049.5
18049.5
18049.5
-129.849
-586.557
1088.67
6122.03
12434.4
17050.3
18911
18922.1
18405
18064.4
17981
18009.9
18043.1
18054
18052.8
18050.1
18049.1
18049.2
18049.4
18049.5
18049.5
18049.5
18049.5
18049.5
18049.5
18049.5
18049.5
18049.5
18049.5
18049.5
-8.54297
-496.934
-163.008
2975.88
8668.87
14396.5
17949.6
19057
18803.1
18297.5
18025
17979.2
18015.7
18046.2
18054.6
18052.6
18049.9
18049.1
18049.2
18049.4
18049.5
18049.5
18049.5
18049.5
18049.5
18049.5
18049.5
18049.5
18049.5
18049.5
36.0718
-277.34
-574.958
894.442
5183.3
11018.9
15954.2
18547.9
19078.2
18665
18202.1
17996.3
17981.7
18022.4
18049.2
18055
18052.3
18049.7
18049
18049.2
18049.4
18049.5
18049.5
18049.5
18049.5
18049.5
18049.5
18049.5
18049.5
18049.5
37.0471
-93.0583
-533.864
-197.889
2460.51
7497.28
13085.1
17141
18906.8
19013.9
18523.3
18122.3
17977.8
17987.5
18029.3
18051.8
18055.1
18051.9
18049.5
18049
18049.2
18049.4
18049.5
18049.5
18049.5
18049.5
18049.5
18049.5
18049.5
18049.5
22.5116
9.95611
-332.712
-573.098
675.037
4374.55
9756.99
14826.2
18000.8
19081.5
18896.5
18389.1
18059.5
17968.6
17995.6
18035.9
18053.9
18055
18051.5
18049.3
18048.9
18049.2
18049.4
18049.5
18049.5
18049.5
18049.5
18049.5
18049.5
18049.5
8.19719
44.6553
-138.123
-541.756
-259.76
1996.24
6475.05
11848.5
16233.1
18582.4
19120.6
18751.4
18269.6
18013.3
17966.9
18005.1
18042
18055.5
18054.7
18051.1
18049.2
18049
18049.2
18049.4
18049.5
18049.5
18049.5
18049.5
18049.5
18049.5
-0.412281
40.8438
-13.3322
-353.194
-576.256
462.507
3668.14
8618.01
13698.4
17319.4
18936.3
19065.5
18597.9
18169.2
17982.4
17971.1
18015
18047.1
18056.3
18054.2
18050.8
18049.2
18049.1
18049.3
18049.4
18049.5
18049.5
18049.5
18049.5
18049.5
-3.5341
23.8545
40.4139
-160.051
-536.596
-326.402
1584.11
5571.32
10685.7
15266.8
18114
19111.1
18950.4
18449.9
18089.3
17964.8
17979.3
18024.5
18051
18056.6
18053.5
18050.4
18049.3
18049.3
18049.4
18049.5
18049.5
18049.5
18049.5
18049.5
-3.36291
8.17406
47.0897
-27.8308
-355.098
-579.253
268.972
3047.9
7584.1
12589.7
16541
18654.8
19151.6
18802.8
18316.5
18029.8
17958
17990
18033.1
18053.7
18056.1
18052.6
18049.9
18049.2
18049.4
18049.5
18049.5
18049.4
18049.4
18049.4
-1.99058
-1.10968
32.6524
35.5372
-167.359
-523.906
-388.093
1221.9
4767.55
9595.39
14270.4
17528.7
18983.9
19097.3
18643.7
18203.1
17988.9
17959.7
18001.9
18040.4
18055.3
18055.2
18051.5
18049.4
18049.1
18049.4
18049.5
18049.4
18049.3
18049.3
-0.678116
-4.38941
14.9321
49.2151
-34.9381
-346.333
-579.28
98.7206
2502.73
6643.64
11512.4
15694.5
18252.3
19144.1
18981.7
18488.2
18111.9
17964.5
17967.5
18014.1
18046.6
18056.1
18053.9
18050.3
18048.9
18049
18049.5
18049.6
18049.4
18049.2
0.10748
-4.05001
2.27977
37.6977
32.0654
-165.521
-506.117
-440.593
906.232
4051.17
8576.39
13264.2
16850.7
18743.5
19176.2
18831.9
18346.6
18043.1
17953.7
17979.5
18025.9
18051.7
18056.4
18052.7
18049.3
18048.5
18049
18049.6
18049.7
18049.5
0.382953
-2.38476
-3.72777
19.7
49.6332
-36.7109
-331.075
-575.002
-47.3608
2024.16
5788.24
10474.9
14802.5
17745.4
19039.1
19116.8
18669
18224.7
17994.9
17953.3
17993.9
18037
18055.9
18056.5
18051.6
18048.6
18048.3
18049.1
18049.9
18050
0.348411
-0.806533
-4.83186
5.25872
40.3978
30.2454
-157.898
-484.55
-482.306
633.399
3412.82
7627.28
12263.3
16100.7
18398.3
19177.4
18997.4
18508.3
18125.1
17964.4
17960.3
18008.9
18046.8
18059.2
18056.5
18050.9
18048.2
18048.3
18049.3
18050.3
0.201381
0.145569
-3.51388
-2.64204
22.8
49.4087
-34.8024
-311.755
-565.98
-169.967
1605.32
5011.34
9483.16
13883.6
17150.3
18837.6
19195.6
18844.2
18360.1
18047.8
17948.1
17971.7
18023.3
18054.8
18061.6
18056.4
18050.4
18047.9
18048.2
18049.9
0.0642042
0.484571
-1.67337
-5.0168
7.5362
41.6578
29.832
-146.644
-460.108
-512.995
399.715
2845.06
6746.47
11279.2
15296.7
17958.5
19096.8
19127.8
18677.7
18230.8
17990.9
17942.3
17984.9
18035.6
18060.8
18062.9
18055.8
18049.7
18047.4
18048.4
-0.0169829
0.443596
-0.287919
-4.22336
-1.55877
24.6474
48.9858
-30.4543
-289.926
-552.315
-270.549
1240.41
4307.47
8540.93
12951.9
16482
18544.1
19211.2
19004.1
18513.2
18123.2
17951.9
17943.8
17997.9
18045.3
18064.4
18062.9
18054.8
18048.6
18046.6
-0.0443114
0.260032
0.399871
-2.37189
-4.90247
9.1208
42.0085
30.467
-133.187
-433.523
-533.188
201.6
2341.75
5932.29
10320.4
14453.6
17434.6
18933.8
19215.7
18849.7
18361.6
18038.2
17927.4
17949.5
18009.2
18051.8
18065.7
18061.6
18053.1
18046.2
-0.0388965
0.085478
0.541887
-0.731732
-4.62333
-0.656494
25.5596
48.5295
-24.5387
-266.637
-534.497
-351.035
924.374
3672.16
7651.08
12019.1
15752.9
18163.6
19160
19143.9
18686.2
18231.3
17976.2
17915.9
17958.6
18019.2
18056.2
18065.6
18060.2
18049.1
-0.0218181
-0.019992
0.400878
0.230804
-2.87873
-4.67439
10.0782
41.7633
31.8728
-118.466
-405.544
-544.026
35.6092
1898.06
5183.74
9393.84
13582.3
16832.6
18684.8
19251.8
19019.2
18523.7
18121.4
17931.6
17911.9
17967.9
18026.6
18058.1
18064.7
18054.8
-0.00627786
-0.0566667
0.191156
0.556462
-1.10625
-4.81945
-0.0367034
25.7486
48.1688
-17.5242
-242.654
-513.587
-414.223
652.222
3102.06
6818.15
11099.2
14980.9
17708.6
19047
19267.3
18890.1
18393.7
18048.5
17912.2
17919.7
17980.6
18034.5
18061.6
18063.4
0.00263239
-0.0501577
0.0305113
0.489216
0.0496733
-3.21352
-4.45238
10.4966
41.1059
33.6773
-103.343
-376.42
-544.865
-98.5712
1509.99
4490.97
8480.68
12650.3
16102.4
18285.5
19172.1
19141.3
18703.1
18256.3
17987.7
17906.2
17936
17997
18043.4
18064.8
0.00561941
-0.0280887
-0.0536528
0.282047
0.56226
-1.39753
-5.09404
0.136865
26.0989
49.6509
-9.59522
-224.602
-504.309
-474.4
433.69
2663.86
6189.39
10413.8
14420.6
17409.3
19033
19453.4
19141.9
18598.3
18154.7
17929
17887.1
17939.4
18007.4
18064.1
0.00325649
-0.00135752
-0.0564459
0.0272655
0.460937
0.177666
-2.64545
-4.68742
6.09062
33.8555
41.4023
-51.2637
-282.558
-507.711
-331.615
759.849
3100.38
6574.63
10590.3
14330.4
17122.3
18694.6
19198.1
19032
18617.5
18242.9
18024.8
17955.3
17970
18030
)
;

boundaryField
{
    fixedWall_Bottom
    {
        type            greyDiffusiveRadiation;
        refValue        uniform 18049.5;
        refGradient     uniform 0;
        valueFraction   uniform 1;
        source          uniform 0;
        value           uniform 18049.5;
    }
    fixedWall_Right
    {
        type            greyDiffusiveRadiation;
        refValue        uniform 0;
        refGradient     uniform 0;
        valueFraction   uniform 0;
        source          uniform 0;
        value           nonuniform List<scalar> 
30
(
18049.5
18049.5
18049.5
18049.5
18049.5
18049.5
18049.5
18049.5
18049.5
18049.5
18049.5
18049.5
18049.5
18049.5
18049.4
18049.3
18049.2
18049.5
18050
18050.3
18049.9
18048.4
18046.6
18046.2
18049.1
18054.8
18063.4
18064.8
18064.1
18030
)
;
    }
    fixedWall_Left
    {
        type            greyDiffusiveRadiation;
        refValue        uniform 0;
        refGradient     uniform 0;
        valueFraction   uniform 1;
        source          uniform 0;
        value           uniform 0;
    }
    fixedWall_Top
    {
        type            greyDiffusiveRadiation;
        refValue        uniform 0;
        refGradient     uniform 0;
        valueFraction   uniform 0;
        source          uniform 0;
        value           nonuniform List<scalar> 
30
(
0.00325649
-0.00135752
-0.0564459
0.0272655
0.460937
0.177666
-2.64545
-4.68742
6.09062
33.8555
41.4023
-51.2637
-282.558
-507.711
-331.615
759.849
3100.38
6574.63
10590.3
14330.4
17122.3
18694.6
19198.1
19032
18617.5
18242.9
18024.8
17955.3
17970
18030
)
;
    }
    frontAndBack
    {
        type            empty;
    }
}


// ************************************************************************* //
