/*--------------------------------*- C++ -*----------------------------------*\
| =========                 |                                                 |
| \\      /  F ield         | OpenFOAM: The Open Source CFD Toolbox           |
|  \\    /   O peration     | Version:  2312                                  |
|   \\  /    A nd           | Website:  www.openfoam.com                      |
|    \\/     M anipulation  |                                                 |
\*---------------------------------------------------------------------------*/
FoamFile
{
    version     2.0;
    format      ascii;
    arch        "LSB;label=32;scalar=64";
    class       volScalarField;
    location    "0.06";
    object      ILambda_11_0;
}
// * * * * * * * * * * * * * * * * * * * * * * * * * * * * * * * * * * * * * //

dimensions      [1 0 -3 0 0 0 0];

internalField   nonuniform List<scalar> 
900
(
5319.15
12317.8
16141.3
17894.4
18494.4
18548.3
18405.3
18238
18113.6
18043.5
18016.1
18014.4
18024
18035.6
18044.8
18050.3
18052.6
18052.7
18051.9
18050.8
18049.9
18049.4
18049.2
18049.1
18049.2
18049.3
18049.4
18049.5
18049.5
18049.5
-574.634
1927.12
6344.02
10814.2
14343.1
16670.3
17947.9
18481.5
18576.4
18467.2
18303.3
18161.2
18067.7
18021
18008
18013.6
18026.1
18038.4
18047.2
18051.9
18053.5
18053.1
18052
18050.7
18049.8
18049.2
18049
18049.1
18049.2
18049.4
-459.906
-900.425
200.218
2896.94
6523.84
10258.1
13476.9
15872.2
17410.1
18230.5
18543.6
18556.3
18431.4
18275.8
18145.6
18060.5
18018.1
18006.6
18012.6
18025.2
18037.7
18046.8
18051.9
18053.7
18053.4
18052.3
18050.9
18049.9
18049.3
18049
-46.8555
-527.173
-963.489
-662.564
782.259
3310.47
6511.37
9849.78
12860.5
15253.2
16929.2
17941.6
18431.7
18569.5
18510
18370.8
18226.5
18114.3
18044.8
18012.7
18006.6
18014.6
18027.4
18039.3
18047.7
18052.3
18053.8
18053.4
18052.3
18050.4
25.6198
-61.1682
-414.209
-864.161
-999.198
-406.206
1118.8
3498.01
6429.58
9512.31
12371
14740.7
16497.8
17646.2
18279.3
18533.1
18548.1
18442.4
18300.7
18173.1
18081.7
18029.4
18008.6
18008.4
18018.5
18031.1
18041.9
18049.2
18053
18053.5
7.25693
36.8338
-21.4271
-272.83
-678.019
-1012.05
-950.598
-212.863
1323.27
3580.99
6319.9
9217.16
11956.6
14296.8
16104.4
17354
18104.2
18462.9
18554.1
18491.5
18364.2
18231.2
18124.2
18053.9
18017.9
18007.4
18012.1
18023.5
18035
18047.3
-1.4124
14.5601
43.5371
19.9521
-142.689
-467.009
-851.297
-1078.32
-887.745
-71.8537
1450.24
3606.61
6196.79
8949.76
11591.4
13900.4
15740.8
17068.3
17916.1
18368.9
18534.7
18520.5
18415.8
18285.6
18168.9
18083.8
18033.2
18011.5
18007.8
18022.5
-0.951413
-0.666954
15.0324
44.7633
48.5209
-41.5015
-273.587
-622.825
-966.779
-1107.29
-829.226
29.9498
1527.53
3597.13
6066.63
8702.03
11260.8
13538.8
15400.8
16790
17720.4
18257.7
18495.1
18531.6
18455.3
18334.3
18213.4
18117.3
18053.1
18015.7
0.0034303
-1.65471
-1.01783
12.1065
40.4303
61.5021
25.7571
-120.129
-394.048
-745.181
-1046.36
-1118.73
-779.928
102.407
1570.93
3564.64
5932.71
8469.09
10956
13204.1
15080.1
16519.1
17520.4
18133.8
18439.2
18527.2
18483.4
18375.7
18261.7
18119
0.107364
-0.239477
-1.96274
-1.9906
7.65669
32.2457
61.3975
61.9598
-13.4362
-201.79
-499.512
-841.792
-1103.22
-1122.06
-740.507
152.541
1590.15
3516.29
5796.87
8247.81
10671.3
12890.6
14775.5
16255.3
17318
18000
18370.2
18506.9
18512
18358.5
0.0177693
0.142725
-0.333499
-2.06436
-2.97794
3.08017
22.4359
52.5937
73.9213
49.7908
-60.6736
-280.19
-590.378
-919.099
-1145.34
-1122.02
-710.279
185.378
1591.5
3456.65
5660.27
8036.06
10402.7
12594.4
14484.3
15997.7
17114.8
17856.7
18294.1
18486.8
-0.00956269
0.0544001
0.156258
-0.303471
-1.95595
-3.60534
-0.725818
12.9261
39.5062
69.5811
78.1688
29.1528
-110.812
-352.847
-668.433
-981.923
-1177.65
-1121.04
-688.2
204.553
1579.29
3388.76
5523.69
7832.4
10147.4
12312.4
14203.8
15750
16877.7
17925.6
-0.00378761
-0.00694737
0.0727527
0.176876
-0.189438
-1.66333
-3.74116
-3.33153
4.99939
25.6696
56.2305
82.0538
75.6394
3.34221
-160.923
-419.078
-735.638
-1033.71
-1203.25
-1120.41
-673.303
212.675
1556.54
3314.91
5387.79
7636.45
9900.2
12060.4
13831.5
16048.6
0.000507376
-0.00793656
-0.00391203
0.0799242
0.199473
-0.0375392
-1.24905
-3.42632
-4.67815
-0.739335
13.4304
39.6074
71.2172
90.0754
67.9848
-25.3582
-209.444
-478.926
-793.628
-1076.9
-1224.26
-1121.01
-664.915
211.768
1525.53
3238.54
5246.62
7482.79
9485.63
12669
0.000568419
-0.000634278
-0.00983644
-0.00341744
0.077835
0.213839
0.111296
-0.790632
-2.79568
-4.95136
-4.2372
4.00234
23.6257
53.5931
83.9057
94.1171
56.5369
-55.4094
-255.404
-532.534
-843.723
-1113.52
-1242.59
-1123.64
-662.807
206.047
1478.77
3210.04
4884.43
8320.87
4.56506e-05
0.000888371
-0.00158069
-0.0108674
-0.00532692
0.0677018
0.2125
0.228162
-0.35856
-2.01283
-4.45871
-5.80616
-2.29599
10.509
34.8324
66.8998
94.0357
94.6579
42.4498
-85.4488
-297.967
-580.219
-887.55
-1145.72
-1260.7
-1126.13
-677.096
248.597
1213.42
4050.48
-6.2049e-05
0.000277102
0.000882053
-0.00213123
-0.0111969
-0.00877499
0.0510811
0.19335
0.298898
-0.0029044
-1.22585
-3.53118
-5.93896
-5.74425
1.13494
18.391
46.3583
78.8754
101.496
92.458
27.1593
-114.127
-336.863
-623.106
-928.132
-1173.49
-1289.97
-1087.28
-851.61
850.076
-2.09482e-05
-3.0667e-05
0.000388782
0.000755561
-0.00213788
-0.0107322
-0.0129273
0.030273
0.15955
0.322679
0.250554
-0.543689
-2.45733
-5.16249
-6.94293
-4.55209
5.91492
27.0338
57.386
89.1122
106.816
88.9363
12.1502
-140.815
-373.746
-661.881
-975.176
-1175.21
-1397.72
-838.023
-2.25758e-06
-2.33539e-05
1.33455e-05
0.000343534
0.000669715
-0.00147515
-0.00955114
-0.0172085
0.00826775
0.117795
0.307879
0.397599
-0.0287182
-1.44902
-3.94107
-6.5947
-7.15335
-2.25964
11.474
35.5953
67.4635
98.1278
111.387
85.6537
-2.4977
-165.841
-414.485
-693.098
-1033.29
-1220.35
-3.22201e-06
1.33039e-06
7.61816e-06
-1.99153e-05
0.000176554
0.000820761
-0.00019794
-0.00806466
-0.0211917
-0.0116349
0.0758824
0.267129
0.449656
0.29961
-0.633118
-2.62717
-5.35684
-7.50221
-6.61282
0.558389
17.0291
43.77
77.2484
107.439
116.413
82.9758
-18.6132
-196.677
-431.817
-874.374
-2.97807e-06
-5.91379e-06
3.4981e-05
1.73427e-05
-0.000172886
2.42818e-05
0.00133943
0.00135288
-0.00686392
-0.0243873
-0.0264493
0.0404354
0.21319
0.427289
0.454917
-0.0608623
-1.44966
-3.75972
-6.44259
-8.02694
-5.9362
3.23203
22.5155
52.5078
88.3038
118.051
123.018
70.7691
-5.7181
-365.481
-9.32426e-08
-1.28547e-05
1.43292e-05
7.9484e-05
-5.37544e-05
-0.000399881
6.36386e-05
0.00217273
0.00262974
-0.00641005
-0.0261715
-0.0341725
0.0154546
0.156423
0.35457
0.471671
0.273175
-0.526775
-2.17744
-4.69517
-7.48318
-8.8301
-5.65904
5.98903
29.2125
63.1575
103.272
122.837
149.924
-14.3586
1.79311e-06
-9.53431e-06
-1.11723e-05
5.93392e-05
8.82336e-05
-0.000221575
-0.000575734
0.00040249
0.00306161
0.00310431
-0.00679667
-0.0259275
-0.0342298
0.001941
0.103865
0.254836
0.393431
0.409451
0.108359
-0.833816
-2.79768
-5.86373
-9.17199
-10.3093
-5.20938
10.0169
39.9708
73.4121
127.878
115.98
1.82494e-06
-2.85283e-06
-1.81465e-05
1.33123e-05
0.000104766
2.13198e-05
-0.000433244
-0.000563544
0.00100124
0.00364342
0.002498
-0.00772332
-0.0232977
-0.0275163
-0.00157563
0.0594047
0.147911
0.263352
0.403903
0.47891
0.170628
-1.09497
-3.85807
-7.9749
-11.7026
-11.9003
-2.50286
16.6094
53.158
103.898
9.81853e-07
1.4517e-06
-1.2183e-05
-1.40678e-05
5.55228e-05
0.000113846
-0.000121504
-0.00058965
-0.000294899
0.00168018
0.00361532
0.000888111
-0.00866238
-0.0183742
-0.0160374
0.00197773
0.0245118
0.0486223
0.117792
0.31322
0.637961
0.824638
0.236146
-1.94399
-6.00424
-11.1924
-14.1987
-11.071
-0.801835
47.7105
1.9757e-07
2.52023e-06
-4.01631e-06
-1.85004e-05
8.1756e-06
9.38591e-05
6.25474e-05
-0.000294377
-0.000598877
0.000190444
0.00220277
0.00286272
-0.0013472
-0.00909989
-0.0117219
-0.00231388
0.00927997
-0.000946575
-0.0336039
-0.0168746
0.185483
0.64816
1.17374
1.13474
-0.345155
-3.98131
-9.41415
-13.5804
-18.7456
4.75396
-1.88407e-07
1.78686e-06
9.68544e-07
-1.16507e-05
-1.40443e-05
4.1746e-05
0.000103287
-4.33938e-05
-0.000428519
-0.000423945
0.000764365
0.00237987
0.0014941
-0.0036908
-0.00872589
-0.00423601
0.0112254
0.0174286
-0.0179996
-0.0942815
-0.124779
0.055558
0.569789
1.28217
1.65038
0.798171
-2.27637
-6.49841
-14.738
-11.7646
-2.43113e-07
7.13924e-07
2.35631e-06
-3.7839e-06
-1.58695e-05
2.93353e-06
7.08532e-05
7.06881e-05
-0.000170484
-0.000466208
-9.70879e-05
0.00126777
0.00213325
-0.000221288
-0.00565477
-0.00747477
0.00312203
0.0226622
0.0242293
-0.0282962
-0.132933
-0.199088
-0.0530779
0.449423
1.22984
1.86491
1.36936
-0.408362
-5.51272
-11.0391
-1.55229e-07
2.83572e-08
1.79661e-06
6.86581e-07
-9.44417e-06
-1.24563e-05
2.73722e-05
8.16193e-05
9.63217e-07
-0.000282065
-0.000392816
0.000312529
0.00161645
0.00154042
-0.00203276
-0.00713525
-0.00569723
0.00980308
0.0318902
0.0297893
-0.0335496
-0.155566
-0.247292
-0.138467
0.319848
1.12351
1.8035
1.91055
0.516948
-5.20366
-3.45095e-08
-2.58418e-07
5.52575e-07
2.09802e-06
-1.36309e-06
-1.15642e-05
-6.82125e-06
3.83029e-05
7.41089e-05
-3.57124e-05
-0.00029646
-0.000316369
0.000423366
0.00156656
0.00126932
-0.00223824
-0.00706546
-0.00596231
0.00838592
0.0313885
0.0380875
-0.00683143
-0.115066
-0.232865
-0.234785
0.0413697
0.6285
1.32333
2.16641
0.0882863
)
;

boundaryField
{
    fixedWall_Bottom
    {
        type            greyDiffusiveRadiation;
        refValue        uniform 18049.5;
        refGradient     uniform 0;
        valueFraction   uniform 1;
        source          uniform 0;
        value           uniform 18049.5;
    }
    fixedWall_Right
    {
        type            greyDiffusiveRadiation;
        refValue        uniform 0;
        refGradient     uniform 0;
        valueFraction   uniform 0;
        source          uniform 0;
        value           nonuniform List<scalar> 
30
(
18049.5
18049.4
18049
18050.4
18053.5
18047.3
18022.5
18015.7
18119
18358.5
18486.8
17925.6
16048.6
12669
8320.87
4050.48
850.076
-838.023
-1220.35
-874.374
-365.481
-14.3586
115.98
103.898
47.7105
4.75396
-11.7646
-11.0391
-5.20366
0.0882863
)
;
    }
    fixedWall_Left
    {
        type            greyDiffusiveRadiation;
        refValue        uniform 0;
        refGradient     uniform 0;
        valueFraction   uniform 1;
        source          uniform 0;
        value           uniform 0;
    }
    fixedWall_Top
    {
        type            greyDiffusiveRadiation;
        refValue        uniform 0;
        refGradient     uniform 0;
        valueFraction   uniform 0;
        source          uniform 0;
        value           nonuniform List<scalar> 
30
(
-3.45095e-08
-2.58418e-07
5.52575e-07
2.09802e-06
-1.36309e-06
-1.15642e-05
-6.82125e-06
3.83029e-05
7.41089e-05
-3.57124e-05
-0.00029646
-0.000316369
0.000423366
0.00156656
0.00126932
-0.00223824
-0.00706546
-0.00596231
0.00838592
0.0313885
0.0380875
-0.00683143
-0.115066
-0.232865
-0.234785
0.0413697
0.6285
1.32333
2.16641
0.0882863
)
;
    }
    frontAndBack
    {
        type            empty;
    }
}


// ************************************************************************* //
