/*--------------------------------*- C++ -*----------------------------------*\
| =========                 |                                                 |
| \\      /  F ield         | OpenFOAM: The Open Source CFD Toolbox           |
|  \\    /   O peration     | Version:  2312                                  |
|   \\  /    A nd           | Website:  www.openfoam.com                      |
|    \\/     M anipulation  |                                                 |
\*---------------------------------------------------------------------------*/
FoamFile
{
    version     2.0;
    format      ascii;
    arch        "LSB;label=32;scalar=64";
    class       volScalarField;
    location    "0.06";
    object      ILambda_55_0;
}
// * * * * * * * * * * * * * * * * * * * * * * * * * * * * * * * * * * * * * //

dimensions      [1 0 -3 0 0 0 0];

internalField   nonuniform List<scalar> 
900
(
18049.5
18049.5
18049.5
18049.5
18049.5
18049.5
18049.5
18049.5
18049.5
18049.5
18049.5
18049.5
18049.5
18049.5
18049.4
18049.2
18049.1
18049.7
18051.2
18053.1
18051.9
18041.8
18020.7
18007
18060.7
18270.4
18617.3
18574.6
16386.4
8501.71
18049.5
18049.5
18049.5
18049.5
18049.5
18049.5
18049.5
18049.5
18049.5
18049.5
18049.5
18049.5
18049.3
18049
18049
18049.9
18052
18054.1
18052
18039.2
18014.4
17998.5
18050.8
18251.9
18595.7
18754.3
17818.6
14419.1
7913.06
807.692
18049.5
18049.5
18049.5
18049.5
18049.5
18049.5
18049.5
18049.5
18049.5
18049.5
18049.3
18049
18048.9
18049.6
18051.6
18054.2
18053.7
18043.9
18020.8
17996.3
18014.3
18147.7
18438.6
18751.8
18589.3
17057.3
13291.9
7466.81
1726.12
-698.233
18049.5
18049.5
18049.5
18049.5
18049.5
18049.5
18049.5
18049.5
18049.4
18049.1
18048.9
18049.3
18050.9
18053.6
18054.9
18049.4
18031.2
18003.4
17993.2
18059.1
18265.2
18592.9
18799.7
18316.1
16364
12447.3
7071.64
2032.9
-573.537
-421.123
18049.5
18049.5
18049.5
18049.5
18049.5
18049.5
18049.4
18049.2
18048.9
18049
18050.1
18052.5
18055
18053.5
18041.6
18016.8
17991.7
18006.6
18124.6
18385.4
18706.7
18769.2
17991.1
15730.9
11750.7
6704.26
2132.91
-414.334
-694.234
-79.5006
18049.4
18049.4
18049.5
18049.5
18049.5
18049.3
18049
18048.9
18049.4
18051.2
18054.1
18055.3
18049.5
18031.3
18003.2
17988
18035.2
18202.9
18498.1
18780.2
18680.4
17638.4
15144.3
11144.6
6358.74
2133.91
-309.097
-783.318
-282.338
35.6671
18049.4
18049.5
18049.5
18049.4
18049.2
18048.9
18049
18050.2
18052.6
18055.2
18054.1
18043.3
18019.7
17992.5
17993.6
18076.7
18287.7
18597.7
18816.4
18547.2
17270
14594.1
10599.7
6031.53
2083.1
-247.6
-820.881
-417.713
-15.7118
31.3675
18049.5
18049.6
18049.5
18049.2
18049
18049.5
18051.2
18054
18055.6
18051.1
18035.2
18008.2
17986.3
18008.6
18128.3
18374.2
18681
18818.6
18379.5
16892.9
14073.2
10099.5
5720.14
2003.09
-216.362
-838.356
-512.499
-82.0744
50.2142
8.025
18049.8
18049.5
18049.1
18049.1
18050
18052.3
18055
18054.9
18046.6
18026
17997.9
17985.4
18032.4
18187.5
18458.6
18746.4
18790.2
18184.3
16511.1
13576.6
9634.05
5422.71
1905.94
-206.218
-847.552
-579.893
-144.636
46.2572
30.6087
-2.57834
18049.5
18048.8
18049
18050.5
18053.2
18055.4
18053
18040.6
18016.2
17989.8
17990.4
18064.2
18251.6
18538.1
18793.3
18734.5
17966.8
16127.1
13100.8
9196.6
5137.88
1798.65
-210.985
-853.558
-628.822
-198.877
32.2655
46.7427
5.53644
-3.05517
18048.3
18048.7
18050.8
18053.9
18055.3
18050.1
18033.6
18006.8
17984.7
18001.4
18102.9
18318.5
18610.6
18821.5
18654.3
17731.1
15742.7
12642.9
8782.55
4864.56
1685.57
-226.381
-858.608
-665.014
-244.513
14.0253
56.9032
16.7286
-3.90323
-1.00542
18048.1
18051.6
18054.9
18054.9
18046.6
18026.2
17998.4
17983.2
18018.4
18147.3
18386.1
18674.5
18831.3
18551.9
17480.3
15358.8
12200.9
8388.57
4601.89
1569.53
-249.36
-863.643
-692.158
-282.385
-5.3624
62.2459
28.023
-1.30789
-3.41021
0.171899
18051.9
18057.1
18054.9
18042.9
18018.9
17991.5
17985.5
18040.9
18196.1
18452.8
18728.7
18823.3
18429.6
17216.8
14976.5
11773.3
8012.18
4349.18
1452.44
-277.708
-869.004
-712.684
-313.563
-24.247
64.1259
38.1857
3.29527
-4.76818
-0.95321
0.32665
18058.7
18055.5
18038.6
18011.3
17985.8
17991.2
18068.1
18248.1
18517.2
18772.5
18798.1
18289.3
16942.8
14596.2
11358.7
7651.49
4105.85
1335.62
-309.786
-874.749
-728.23
-339.064
-41.7923
63.6779
46.8406
8.94132
-4.96494
-2.43579
0.290162
0.134688
18057.6
18032
18002.2
17980.5
17999.6
18099.1
18302
18578
18805.3
18756.4
18132.7
16659.8
14218.5
10956.1
7305.02
3871.41
1220.01
-344.359
-880.807
-739.928
-359.769
-57.6137
61.7577
53.9883
14.9744
-4.11909
-3.84053
-0.233367
0.392313
-0.00585672
18033.2
17988.1
17974.9
18010.1
18133.4
18357.2
18634.8
18827.3
18699
17961.3
16369.1
13843.6
10564.6
6971.6
3645.46
1106.29
-380.486
-887.055
-748.575
-376.416
-71.577
58.9836
59.7847
20.9821
-2.46341
-4.93779
-1.06174
0.469688
0.14721
-0.0361577
17987.5
17965.4
18024.2
18171.6
18414.2
18687.8
18838.8
18627
17776.3
16071.7
13471.6
10183.6
6650.31
3427.69
994.962
-417.443
-893.355
-754.743
-389.612
-83.6854
55.7887
64.4354
26.7265
-0.236526
-5.64308
-2.03707
0.338772
0.328733
-0.015182
-0.0184343
17961.3
18041.8
18217.2
18474.6
18738.1
18840.6
18541.1
17578.7
15768.4
13102.7
9812.48
6340.44
3217.85
886.404
-454.694
-899.593
-758.85
-399.841
-94.0077
52.4668
68.1408
32.0839
2.35966
-5.95338
-3.03816
0.0153082
0.473329
0.0705298
-0.0455226
-0.00114044
18029
18277.9
18540.7
18786.9
18833.4
18441.7
17368.9
15459.2
12736.5
9450.7
6041.52
3015.86
780.938
-491.855
-905.722
-761.231
-407.483
-102.622
49.2205
71.0695
36.9941
5.1691
-5.90283
-3.98345
-0.461037
0.541677
0.194435
-0.0433257
-0.0218455
0.0040494
18247.7
18631.9
18832
18816.8
18328
17146.1
15143.8
12372.8
9097.93
5753.38
2821.87
678.937
-528.648
-911.804
-762.233
-412.857
-109.576
46.2189
73.3604
41.4185
8.06807
-5.5359
-4.81931
-1.04629
0.515759
0.330227
-0.00722468
-0.0434831
-0.0006972
0.00258875
18582.4
18903
18782.5
18198.5
16908.3
14820.8
12010.7
8753.89
5476.2
2636.39
580.97
-564.793
-918.013
-762.294
-416.303
-114.894
43.6536
75.1581
45.3233
10.938
-4.90366
-5.50487
-1.69537
0.38962
0.453527
0.0610529
-0.0555762
-0.0143251
0.00536173
0.000436609
18856.7
18759.2
18040.7
16653.5
14487.9
11649.3
8418.4
5210.49
2460.37
487.951
-599.862
-924.563
-762.006
-418.298
-118.643
41.7587
76.6702
48.7024
13.647
-4.08267
-6.00968
-2.35507
0.168662
0.540638
0.153095
-0.0493489
-0.0322763
0.00281261
0.00345573
-0.000429199
18777.4
17858.7
16371.8
14143.2
11287
8091.41
4957.12
2295.21
401.248
-633.104
-931.573
-762.077
-419.535
-121.043
40.7647
78.2053
51.6364
16.0665
-3.19744
-6.33418
-2.96311
-0.121339
0.571782
0.251923
-0.0202736
-0.0471789
-0.0059224
0.00550544
0.000814577
-0.000394679
18036.7
16009
13787.6
10921.7
7772.7
4717.12
2142.66
322.7
-663.313
-938.877
-763.211
-420.939
-122.591
40.7827
80.1507
54.3536
18.1339
-2.41485
-6.54232
-3.46887
-0.427417
0.544075
0.333648
0.0267376
-0.050682
-0.0180105
0.00396158
0.0029044
-0.000267674
-0.000170297
16446.6
13276
10572.7
7458.93
4491.87
2004.58
254.513
-688.775
-945.849
-765.91
-423.566
-124.11
41.6596
82.8674
57.2405
19.934
-1.8899
-6.77592
-3.87388
-0.682567
0.486785
0.379881
0.0741504
-0.0397917
-0.0265087
-0.00144737
0.00360354
0.00083919
-0.00031537
-5.20809e-05
14033.9
9984.37
7192.76
4275.28
1883.99
198.917
-707.33
-951.339
-770.284
-428.422
-126.703
42.8751
86.5367
60.7715
21.7497
-1.67509
-7.22239
-4.26682
-0.844535
0.461264
0.397818
0.0990518
-0.0240426
-0.0251273
-0.00633834
0.00133542
0.00152996
0.000267264
-0.000174361
-2.65379e-05
11053.6
6609.9
4132.66
1769.16
159.01
-717.484
-953.701
-775.731
-436.02
-131.464
43.5642
90.9887
65.3327
24.024
-1.63663
-8.02837
-4.81754
-0.943048
0.532438
0.432088
0.0922544
-0.0247515
-0.0166188
-0.00370001
-0.00176076
-0.000147191
0.000868568
0.000272031
-0.000151902
-1.82574e-05
7874.16
3618.25
1752.01
127.714
-707.928
-947.624
-779.803
-446.863
-140.332
41.8488
95.3525
71.1072
27.3918
-1.33984
-9.18671
-5.73964
-1.11943
0.718241
0.556001
0.080159
-0.0613296
-0.0180519
0.00867142
0.000760003
-0.0037859
-0.000418087
0.00108381
0.00017296
-0.000186323
1.97422e-06
5085.07
1373.58
190.161
-731.778
-962.918
-805.933
-471.131
-154.566
40.5717
102.838
80.0943
32.5924
-0.799489
-11.0029
-7.33783
-1.52645
1.03289
0.855171
0.114138
-0.141955
-0.0549356
0.0235105
0.0159293
-0.00492682
-0.00496609
0.000707203
0.00122001
-6.55166e-05
-0.00018855
2.4058e-05
1867.95
-414.642
-705.704
-873.932
-660.884
-357.216
-91.06
60.2517
98.6668
69.609
24.8272
-4.18839
-11.6331
-6.95951
-1.02548
1.3737
0.982572
0.0824336
-0.218042
-0.089979
0.033483
0.0325828
-0.00218478
-0.00935676
-0.00115668
0.00206594
0.000499487
-0.000344254
-7.72392e-05
3.55955e-05
)
;

boundaryField
{
    fixedWall_Bottom
    {
        type            greyDiffusiveRadiation;
        refValue        uniform 18049.5;
        refGradient     uniform 0;
        valueFraction   uniform 1;
        source          uniform 0;
        value           uniform 18049.5;
    }
    fixedWall_Right
    {
        type            greyDiffusiveRadiation;
        refValue        uniform 0;
        refGradient     uniform 0;
        valueFraction   uniform 1;
        source          uniform 0;
        value           uniform 0;
    }
    fixedWall_Left
    {
        type            greyDiffusiveRadiation;
        refValue        uniform 0;
        refGradient     uniform 0;
        valueFraction   uniform 0;
        source          uniform 0;
        value           nonuniform List<scalar> 
30
(
18049.5
18049.5
18049.5
18049.5
18049.5
18049.4
18049.4
18049.5
18049.8
18049.5
18048.3
18048.1
18051.9
18058.7
18057.6
18033.2
17987.5
17961.3
18029
18247.7
18582.4
18856.7
18777.4
18036.7
16446.6
14033.9
11053.6
7874.16
5085.07
1867.95
)
;
    }
    fixedWall_Top
    {
        type            greyDiffusiveRadiation;
        refValue        uniform 0;
        refGradient     uniform 0;
        valueFraction   uniform 0;
        source          uniform 0;
        value           nonuniform List<scalar> 
30
(
1867.95
-414.642
-705.704
-873.932
-660.884
-357.216
-91.06
60.2517
98.6668
69.609
24.8272
-4.18839
-11.6331
-6.95951
-1.02548
1.3737
0.982572
0.0824336
-0.218042
-0.089979
0.033483
0.0325828
-0.00218478
-0.00935676
-0.00115668
0.00206594
0.000499487
-0.000344254
-7.72392e-05
3.55955e-05
)
;
    }
    frontAndBack
    {
        type            empty;
    }
}


// ************************************************************************* //
