/*--------------------------------*- C++ -*----------------------------------*\
| =========                 |                                                 |
| \\      /  F ield         | OpenFOAM: The Open Source CFD Toolbox           |
|  \\    /   O peration     | Version:  2312                                  |
|   \\  /    A nd           | Website:  www.openfoam.com                      |
|    \\/     M anipulation  |                                                 |
\*---------------------------------------------------------------------------*/
FoamFile
{
    version     2.0;
    format      ascii;
    arch        "LSB;label=32;scalar=64";
    class       volScalarField;
    location    "0.06";
    object      ILambda_10_0;
}
// * * * * * * * * * * * * * * * * * * * * * * * * * * * * * * * * * * * * * //

dimensions      [1 0 -3 0 0 0 0];

internalField   nonuniform List<scalar> 
900
(
6394.16
13952.6
17379.3
18492.8
18591.8
18385.7
18179.3
18058
18013.4
18012.4
18027
18041.3
18049.9
18053
18052.8
18051.5
18050.1
18049.4
18049.1
18049.1
18049.3
18049.4
18049.5
18049.5
18049.5
18049.5
18049.5
18049.5
18049.5
18049.5
-292.595
3710.76
9284.64
13953.8
16878.2
18253.6
18636
18546.4
18326.8
18142.5
18039.5
18004.8
18008.6
18025.6
18041.3
18050.6
18053.9
18053.5
18051.9
18050.3
18049.3
18049
18049
18049.2
18049.4
18049.5
18049.5
18049.5
18049.5
18049.5
-606.375
-508.152
2014.34
6256.86
10796.4
14516.9
16960.8
18212.5
18624.4
18583.3
18382.2
18187.6
18062.8
18009.1
18002.4
18016.8
18034.5
18047.2
18053.2
18054.3
18053
18051.1
18049.8
18049.1
18048.9
18049.1
18049.3
18049.4
18049.5
18049.5
-131.833
-761.728
-747.527
827.357
3985.99
7998.99
11927.4
15073.6
17155
18247.4
18622.6
18591.2
18402.7
18209.5
18077.3
18013.9
18000.3
18011.8
18029.8
18044.2
18052.1
18054.5
18053.7
18051.8
18050.2
18049.2
18048.9
18049
18049.2
18049.4
26.8312
-226.258
-743.611
-907.834
-1.35805
2268.18
5615.1
9380.6
12866.2
15589
17374.4
18309.2
18625.7
18586.1
18404.6
18216.8
18084.4
18017.4
17999.8
18009.1
18026.7
18041.9
18051
18054.4
18054.1
18052.4
18050.6
18049.4
18048.9
18049.1
20.3803
19.9814
-216.794
-676.128
-972.336
-544.047
999.199
3652.97
7030.58
10552.2
13674.9
16053.2
17587
18375.9
18628.7
18573.4
18395.8
18215
18086.2
18019.2
18000.1
18007.8
18024.8
18040.4
18050.1
18054.1
18054.3
18052.7
18050.9
18049.3
1.49875
36.198
25.6868
-173.576
-579.91
-953.126
-861.507
99.8712
2095.28
4964.35
8292.48
11574.4
14381.3
16465.4
17780.5
18437.6
18628.8
18555.6
18380.5
18207.4
18084.3
18019.6
18000.5
18007.5
18023.9
18039.4
18049.5
18053.8
18054.4
18051.9
-2.32131
8.53977
43.0697
38.1116
-118.657
-469.125
-872.649
-1007.52
-498.416
908.448
3223.27
6200.95
9431.46
12478.2
15001.6
16827.6
17950.8
18490.1
18624.5
18534
18361.2
18196.1
18079.9
18019
18000.9
18007.7
18023.7
18039
18049.3
18053.9
-0.806
-2.44857
11.973
46.1644
51.4186
-63.6421
-355.544
-753.621
-1028.7
-857.32
48.7157
1816.4
4351.09
7363.79
10465.4
13281.9
15546.7
17143.2
18096.8
18531.8
18615.5
18509.6
18339.4
18182.6
18074
18017.6
18001.4
18008.6
18023.7
18043.7
0.121524
-1.94192
-2.28632
12.7557
46.315
62.0692
-14.8854
-248.055
-615.572
-964.442
-1032.07
-532.935
730.078
2782.65
5459.8
8454.08
11405.8
13998.3
16025.3
17416.1
18219.4
18562.5
18601.8
18483
18316.1
18167.9
18067
18016
18000.2
18016.8
0.152869
-0.206158
-2.58609
-2.50617
11.6558
43.9515
68.4543
24.4296
-152.675
-473.849
-847.009
-1071.15
-886.845
-64.5226
1508.43
3779.07
6537.11
9473.09
12261.2
14636.6
16444.1
17649.8
18320.1
18582.8
18584.1
18455
18291.9
18152.5
18058.6
18008.6
0.0237222
0.234261
-0.495908
-2.99926
-3.07116
9.35258
39.5654
70.226
53.1882
-72.8686
-339.597
-701.904
-1016
-1061.66
-605.298
520.711
2355
4785.34
7574.57
10422.2
13038.1
15204.4
16809.1
17848
18400.8
18593.7
18563
18425.2
18272.7
18098.6
-0.0170845
0.100736
0.244246
-0.680903
-3.2469
-3.80706
6.4056
33.7402
67.8025
71.6404
-9.99716
-220.169
-548.432
-900.937
-1102.17
-934.433
-202.856
1198.83
3246.99
5786.27
8566.34
11302.9
13741.8
15707.6
17125.2
18014.3
18464.3
18594.4
18553.3
18328.1
-0.00858083
-0.00729202
0.156123
0.246382
-0.755236
-3.34664
-4.5386
3.26307
27.0903
62.0181
80.8943
36.1795
-119.72
-400.418
-753.351
-1047.87
-1094.71
-694.049
304.095
1948.95
4166.11
6770.31
9508.23
12116.5
14376.7
16151.3
17398.2
18149.6
18526.4
18556.5
0.000276877
-0.0183042
0.00997101
0.195584
0.259939
-0.731932
-3.30225
-5.1313
0.265628
20.1953
53.8792
82.5347
67.0261
-39.8648
-267.01
-594.188
-932.22
-1126.82
-989.708
-348.766
899.431
2753.14
5097.67
7728.46
10397
12864.2
14946.8
16540.9
17619.9
18388
0.00146302
-0.00427761
-0.0221619
0.0256527
0.222641
0.288765
-0.629493
-3.12167
-5.50285
-2.34798
13.5526
44.3985
78.3338
84.6065
19.6876
-153.507
-438.614
-782.429
-1067.53
-1128.23
-788.146
91.4348
1568.38
3596.4
6029.58
8653.26
11228
13556.8
15385.6
17301.1
0.000377727
0.00167227
-0.00847193
-0.0235189
0.0362393
0.239658
0.330123
-0.469153
-2.82436
-5.61979
-4.4291
7.55139
34.4848
70.0394
91.3309
60.5607
-62.1723
-296.803
-619.61
-948.58
-1146.87
-1047.45
-493.592
616.902
2298.12
4466.65
6946.21
9563.25
11851.5
14954.2
-0.00012222
0.00113813
0.00102105
-0.0116215
-0.024555
0.0403706
0.248548
0.378758
-0.274759
-2.44131
-5.48576
-5.90338
2.46178
24.8772
59.2317
89.6862
85.2206
7.01897
-174.787
-459.294
-796.228
-1079.91
-1161.94
-882.045
-109.757
1221.06
3068.9
5394.29
7621.95
11463.4
-8.12824e-05
1.03761e-05
0.00160572
0.0004399
-0.0139694
-0.0270047
0.038562
0.251698
0.427718
-0.0724426
-2.00945
-5.12669
-6.75529
-1.56669
16.1135
47.2419
82.045
96.5754
55.7
-75.3148
-312.102
-631.181
-957.345
-1166.07
-1105.65
-626.369
349.9
1950.27
3622.22
7431.98
1.44126e-05
-0.000199025
0.000149668
0.00214258
0.000228884
-0.0164611
-0.0315337
0.0334052
0.251336
0.467769
0.111796
-1.56344
-4.57806
-7.01636
-4.49796
8.52828
35.1201
70.5419
97.6596
86.5245
1.33472
-184.523
-468.939
-804.101
-1092.79
-1192.62
-980.553
-220.406
654.043
3690.84
2.90237e-05
-3.37819e-05
-0.000369192
0.000421233
0.0030466
-5.68516e-05
-0.0200674
-0.0369939
0.0287769
0.247702
0.487687
0.256749
-1.12825
-3.87772
-6.75689
-6.39436
2.27494
23.6414
57.0026
91.3939
102.674
56.6268
-79.772
-320.024
-641.203
-965.114
-1199.04
-1097.62
-944.524
917.68
7.95789e-06
6.96152e-05
-0.000201078
-0.000525156
0.00111975
0.00415232
-0.00138928
-0.0247939
-0.040447
0.0278555
0.23766
0.476671
0.351015
-0.715923
-3.06452
-6.07843
-7.39338
-2.63651
13.3344
42.9112
80.4113
107.48
93.0742
1.75866
-192.197
-478.564
-828.271
-1066.67
-1348.34
-624.027
-7.64524e-06
6.75141e-05
2.00383e-05
-0.000488648
-0.000388099
0.00233552
0.00467454
-0.004499
-0.0290454
-0.0384195
0.0309949
0.215225
0.428206
0.395725
-0.327626
-2.18033
-5.1043
-7.67881
-6.29593
4.51949
29.4022
66.9574
104.065
114.035
60.3062
-84.5342
-343.285
-638.247
-1037.01
-1099.91
-1.10405e-05
3.06335e-05
0.000103267
-0.00018834
-0.000709049
0.000314195
0.00364119
0.00359827
-0.0090206
-0.0299901
-0.0288645
0.0348755
0.174118
0.343391
0.403351
0.0407121
-1.2717
-3.96699
-7.45063
-8.85107
-2.65354
17.2848
52.7732
95.4269
122.063
101.341
-8.62905
-205.789
-508.824
-921.139
-7.98132e-06
8.76979e-07
9.26396e-05
2.29345e-05
-0.000494148
-0.000555557
0.00153196
0.00415379
0.000417907
-0.0132209
-0.0248837
-0.0126701
0.0335978
0.111086
0.231839
0.392988
0.392006
-0.388881
-2.7939
-6.89823
-10.4758
-8.1592
7.02354
39.3024
83.3987
122.185
122.346
50.7635
-87.0632
-511.158
-3.53329e-06
-1.30906e-05
5.15809e-05
0.000105647
-0.00020737
-0.00067581
0.00016447
0.00275139
0.00300597
-0.00429714
-0.0146005
-0.0126012
0.0062143
0.0211825
0.0282259
0.109594
0.384075
0.72372
0.418284
-1.69357
-6.18302
-11.339
-12.1008
-1.06911
27.1213
70.6758
115.495
126.806
120.63
-151.907
-1.5047e-07
-1.47799e-05
1.34477e-05
0.00010466
-2.35859e-06
-0.000488878
-0.000475384
0.00131331
0.00318773
-7.47178e-05
-0.00893617
-0.0110604
0.00550626
0.0221229
-0.0057606
-0.0667199
-0.00507914
0.390695
1.02646
1.10634
-0.746477
-5.42088
-11.6125
-14.5863
-7.11192
16.9148
58.9935
98.322
153.643
49.178
1.45591e-06
-1.00372e-05
-9.25981e-06
6.5453e-05
9.45873e-05
-0.00022726
-0.000617684
0.000208587
0.00240226
0.00219505
-0.00446608
-0.0114285
-0.00188495
0.0258155
0.0294136
-0.0468926
-0.161939
-0.094629
0.421105
1.28704
1.63806
-0.0102632
-4.71171
-11.4208
-15.8138
-11.3089
10.1932
42.3841
101.676
107.014
1.63036e-06
-4.28395e-06
-1.61124e-05
2.39528e-05
0.000105896
-2.39153e-05
-0.000477051
-0.00041444
0.00125655
0.0029016
-0.000399797
-0.00920828
-0.0105521
0.0123546
0.0457956
0.0265988
-0.100481
-0.255563
-0.161102
0.476803
1.53197
2.07843
0.569915
-4.12589
-11.1036
-16.7284
-13.2688
1.36601
38.7479
87.6007
8.84179e-07
9.71684e-07
-1.13104e-05
-1.12603e-05
5.57446e-05
0.000103852
-0.000139523
-0.000566303
-0.00014011
0.00179887
0.00276127
-0.00197698
-0.0109989
-0.00963771
0.0176562
0.0542237
0.0355225
-0.0972567
-0.281445
-0.266601
0.251878
1.27464
2.1388
1.54084
-1.70445
-7.70583
-13.5459
-15.3478
-9.09774
30.0987
)
;

boundaryField
{
    fixedWall_Bottom
    {
        type            greyDiffusiveRadiation;
        refValue        uniform 18049.5;
        refGradient     uniform 0;
        valueFraction   uniform 1;
        source          uniform 0;
        value           uniform 18049.5;
    }
    fixedWall_Right
    {
        type            greyDiffusiveRadiation;
        refValue        uniform 0;
        refGradient     uniform 0;
        valueFraction   uniform 0;
        source          uniform 0;
        value           nonuniform List<scalar> 
30
(
18049.5
18049.5
18049.5
18049.4
18049.1
18049.3
18051.9
18053.9
18043.7
18016.8
18008.6
18098.6
18328.1
18556.5
18388
17301.1
14954.2
11463.4
7431.98
3690.84
917.68
-624.027
-1099.91
-921.139
-511.158
-151.907
49.178
107.014
87.6007
30.0987
)
;
    }
    fixedWall_Left
    {
        type            greyDiffusiveRadiation;
        refValue        uniform 0;
        refGradient     uniform 0;
        valueFraction   uniform 1;
        source          uniform 0;
        value           uniform 0;
    }
    fixedWall_Top
    {
        type            greyDiffusiveRadiation;
        refValue        uniform 0;
        refGradient     uniform 0;
        valueFraction   uniform 0;
        source          uniform 0;
        value           nonuniform List<scalar> 
30
(
8.84179e-07
9.71684e-07
-1.13104e-05
-1.12603e-05
5.57446e-05
0.000103852
-0.000139523
-0.000566303
-0.00014011
0.00179887
0.00276127
-0.00197698
-0.0109989
-0.00963771
0.0176562
0.0542237
0.0355225
-0.0972567
-0.281445
-0.266601
0.251878
1.27464
2.1388
1.54084
-1.70445
-7.70583
-13.5459
-15.3478
-9.09774
30.0987
)
;
    }
    frontAndBack
    {
        type            empty;
    }
}


// ************************************************************************* //
