/*--------------------------------*- C++ -*----------------------------------*\
| =========                 |                                                 |
| \\      /  F ield         | OpenFOAM: The Open Source CFD Toolbox           |
|  \\    /   O peration     | Version:  2312                                  |
|   \\  /    A nd           | Website:  www.openfoam.com                      |
|    \\/     M anipulation  |                                                 |
\*---------------------------------------------------------------------------*/
FoamFile
{
    version     2.0;
    format      ascii;
    arch        "LSB;label=32;scalar=64";
    class       volScalarField;
    location    "0.06";
    object      ILambda_1_0;
}
// * * * * * * * * * * * * * * * * * * * * * * * * * * * * * * * * * * * * * //

dimensions      [1 0 -3 0 0 0 0];

internalField   nonuniform List<scalar> 
900
(
16149.2
18557.2
18110.1
18043.3
18048.6
18049.6
18049.5
18049.5
18049.5
18049.5
18049.5
18049.5
18049.5
18049.5
18049.5
18049.5
18049.5
18049.5
18049.5
18049.5
18049.5
18049.5
18049.5
18049.5
18049.5
18049.5
18049.5
18049.5
18049.5
18049.5
12820.3
18939.2
18379
18052.6
18040.4
18048.9
18049.7
18049.5
18049.5
18049.5
18049.5
18049.5
18049.5
18049.5
18049.5
18049.5
18049.5
18049.5
18049.5
18049.5
18049.5
18049.5
18049.5
18049.5
18049.5
18049.5
18049.5
18049.5
18049.5
18049.5
10017.5
18682.7
18712.9
18115.5
18029.2
18045.1
18049.8
18049.6
18049.5
18049.5
18049.5
18049.5
18049.5
18049.5
18049.5
18049.5
18049.5
18049.5
18049.5
18049.5
18049.5
18049.5
18049.5
18049.5
18049.5
18049.5
18049.5
18049.5
18049.5
18049.5
7698.72
17917
19002.4
18245
18026
18036.8
18049.1
18049.9
18049.5
18049.5
18049.5
18049.5
18049.5
18049.5
18049.5
18049.5
18049.5
18049.5
18049.5
18049.5
18049.5
18049.5
18049.5
18049.5
18049.5
18049.5
18049.5
18049.5
18049.5
18049.5
5803.45
16783.3
19162.2
18432.7
18043.9
18025.2
18046.3
18050.2
18049.7
18049.5
18049.5
18049.5
18049.5
18049.5
18049.5
18049.5
18049.5
18049.5
18049.5
18049.5
18049.5
18049.5
18049.5
18049.5
18049.5
18049.5
18049.5
18049.5
18049.5
18049.5
4271.88
15406.2
19138
18654.7
18094.3
18013.8
18040.6
18050.2
18050
18049.5
18049.5
18049.5
18049.5
18049.5
18049.5
18049.5
18049.5
18049.5
18049.5
18049.5
18049.5
18049.5
18049.5
18049.5
18049.5
18049.5
18049.5
18049.5
18049.5
18049.5
3049.23
13888.4
18903.4
18878.2
18183.4
18008.4
18031.5
18049.1
18050.5
18049.6
18049.4
18049.5
18049.5
18049.5
18049.5
18049.5
18049.5
18049.5
18049.5
18049.5
18049.5
18049.5
18049.5
18049.5
18049.5
18049.5
18049.5
18049.5
18049.5
18049.5
2086.56
12311.9
18453.6
19068
18311.5
18015.9
18019.8
18046.2
18050.9
18049.9
18049.5
18049.4
18049.5
18049.5
18049.5
18049.5
18049.5
18049.5
18049.5
18049.5
18049.5
18049.5
18049.5
18049.5
18049.5
18049.5
18049.5
18049.5
18049.5
18049.5
1340.7
10740.7
17799.8
19190.8
18472.2
18043.1
18007.5
18040.9
18050.9
18050.3
18049.5
18049.4
18049.5
18049.5
18049.5
18049.5
18049.5
18049.5
18049.5
18049.5
18049.5
18049.5
18049.5
18049.5
18049.5
18049.5
18049.5
18049.5
18049.5
18049.5
773.878
9222.51
16964.6
19217.9
18653.8
18095.3
17997.7
18032.7
18050.2
18050.9
18049.7
18049.4
18049.5
18049.5
18049.5
18049.5
18049.5
18049.5
18049.5
18049.5
18049.5
18049.5
18049.5
18049.5
18049.5
18049.5
18049.5
18049.5
18049.5
18049.5
353.319
7792.05
15977.2
19127.3
18840.1
18175.7
17994.5
18022
18048
18051.4
18050
18049.4
18049.4
18049.5
18049.5
18049.5
18049.5
18049.5
18049.5
18049.5
18049.5
18049.5
18049.5
18049.5
18049.5
18049.5
18049.5
18049.5
18049.5
18049.5
50.8355
6472.68
14870.9
18904.4
19012.6
18284.7
18002.4
18009.6
18044
18051.8
18050.4
18049.5
18049.4
18049.5
18049.5
18049.5
18049.5
18049.5
18049.5
18049.5
18049.5
18049.5
18049.5
18049.5
18049.5
18049.5
18049.5
18049.5
18049.5
18049.5
-157.623
5278.65
13680
18542
19151.3
18419.2
18025.9
17997.2
18037.6
18051.6
18051
18049.6
18049.4
18049.4
18049.5
18049.5
18049.5
18049.5
18049.5
18049.5
18049.5
18049.5
18049.5
18049.5
18049.5
18049.5
18049.5
18049.5
18049.5
18049.5
-292.383
4216.84
12437.8
18039.8
19237
18573.2
18068.8
17987.2
18028.8
18050.5
18051.7
18049.9
18049.4
18049.4
18049.5
18049.5
18049.5
18049.5
18049.5
18049.5
18049.5
18049.5
18049.5
18049.5
18049.5
18049.5
18049.5
18049.5
18049.5
18049.5
-370.457
3288.33
11175.6
17403.9
19252
18737.9
18133.7
17982.4
18017.7
18047.9
18052.3
18050.3
18049.4
18049.4
18049.5
18049.5
18049.5
18049.5
18049.5
18049.5
18049.5
18049.5
18049.5
18049.5
18049.5
18049.5
18049.5
18049.5
18049.5
18049.5
-405.935
2489.78
9921.25
16645.5
19181.3
18902
18221.7
17986.3
18005.2
18043.6
18052.7
18050.9
18049.5
18049.4
18049.4
18049.5
18049.5
18049.5
18049.5
18049.5
18049.5
18049.5
18049.5
18049.5
18049.5
18049.5
18049.5
18049.5
18049.5
18049.5
-410.346
1814.56
8698.96
15779.7
19013.4
19052.9
18331.9
18002.1
17992.4
18037.1
18052.5
18051.6
18049.7
18049.3
18049.4
18049.5
18049.5
18049.5
18049.5
18049.5
18049.5
18049.5
18049.5
18049.5
18049.5
18049.5
18049.5
18049.5
18049.5
18049.5
-393
1253.79
7528.7
14824.7
18740.4
19176.8
18461.6
18032.9
17981.2
18028.4
18051.3
18052.4
18050.1
18049.3
18049.4
18049.5
18049.5
18049.5
18049.5
18049.5
18049.5
18049.5
18049.5
18049.5
18049.5
18049.5
18049.5
18049.5
18049.5
18049.5
-361.3
797.136
6426.31
13800.1
18358.6
19260
18605.8
18081.3
17973.6
18017.7
18048.9
18053.1
18050.6
18049.4
18049.4
18049.5
18049.5
18049.5
18049.5
18049.5
18049.5
18049.5
18049.5
18049.5
18049.5
18049.5
18049.5
18049.5
18049.5
18049.5
-321.029
433.454
5403.61
12726.8
17868.1
19289.4
18758
18148.8
17972.2
18005.3
18044.9
18053.6
18051.2
18049.5
18049.3
18049.4
18049.5
18049.5
18049.5
18049.5
18049.5
18049.5
18049.5
18049.5
18049.5
18049.5
18049.5
18049.5
18049.5
18049.5
-276.608
151.363
4468.64
11625.1
17272.9
19253.2
18909.9
18235.9
17979.7
17992.2
18038.9
18053.5
18052
18049.7
18049.3
18049.4
18049.5
18049.5
18049.5
18049.5
18049.5
18049.5
18049.5
18049.5
18049.5
18049.5
18049.5
18049.5
18049.5
18049.5
-231.321
-60.3586
3626.08
10514.8
16580.1
19141.2
19051.9
18341.8
17998.6
17979.7
18030.8
18052.6
18052.9
18050.1
18049.3
18049.3
18049.5
18049.5
18049.5
18049.5
18049.5
18049.5
18049.5
18049.5
18049.5
18049.5
18049.5
18049.5
18049.5
18049.5
-187.525
-212.459
2877.57
9414.11
15799.5
18945.9
19173.9
18464.3
18031.3
17969.3
18020.7
18050.6
18053.7
18050.6
18049.3
18049.3
18049.4
18049.5
18049.4
18049.4
18049.4
18049.4
18049.4
18049.4
18049.4
18049.4
18049.4
18049.4
18049.4
18049.4
-146.823
-314.979
2222.26
8339.35
14943.1
18661.8
19265
18599.5
18079.9
17963.1
18008.8
18047.1
18054.3
18051.3
18049.4
18049.2
18049.4
18049.4
18049.4
18049.4
18049.4
18049.4
18049.4
18049.4
18049.4
18049.4
18049.4
18049.4
18049.4
18049.4
-110.218
-377.143
1657.2
7304.94
14025.3
18286.8
19315.2
18742.6
18145.4
17963
17995.8
18041.9
18054.5
18052.2
18049.7
18049.2
18049.3
18049.4
18049.4
18049.4
18049.4
18049.4
18049.4
18049.4
18049.4
18049.4
18049.4
18049.4
18049.4
18049.4
-78.2436
-407.098
1177.7
6321.64
13058.4
17818.4
19312.6
18886.6
18228.6
17971.8
17982.7
18034.9
18054
18053.1
18050.1
18049.2
18049.3
18049.5
18049.5
18049.5
18049.5
18049.5
18049.5
18049.5
18049.5
18049.5
18049.5
18049.5
18049.5
18049.5
-51.1177
-412.617
778.52
5404.09
12068.1
17270.6
19255.7
19025.9
18327.3
17990.1
17970.1
18025.9
18052.7
18054.1
18050.7
18049.3
18049.3
18049.5
18049.5
18049.5
18049.5
18049.5
18049.5
18049.5
18049.5
18049.5
18049.5
18049.5
18049.5
18049.5
-28.5276
-397.862
449.228
4534.66
11022.8
16600.4
19108.9
19147.6
18446.3
18025.6
17961.2
18014.7
18049.7
18054.9
18051.5
18049.5
18049.3
18049.5
18049.6
18049.6
18049.6
18049.6
18049.6
18049.6
18049.6
18049.6
18049.6
18049.6
18049.6
18049.6
-11.5861
-377.383
203.802
3834.03
10142.6
16014.2
18972
19253.3
18553.9
18058
17952.7
18004.3
18047.1
18055.8
18052.3
18049.7
18049.4
18049.6
18049.7
18049.7
18049.7
18049.7
18049.7
18049.7
18049.7
18049.7
18049.7
18049.7
18049.7
18049.7
7.81133
-317.165
-81.3826
2763.69
8542.45
14701.3
18446.5
19326.7
18772.2
18170.3
17960.1
17983.1
18035.8
18054.8
18053.6
18050.2
18049.2
18049.3
18049.5
18049.5
18049.5
18049.5
18049.5
18049.5
18049.5
18049.5
18049.5
18049.5
18049.5
18049.5
)
;

boundaryField
{
    fixedWall_Bottom
    {
        type            greyDiffusiveRadiation;
        refValue        uniform 18049.5;
        refGradient     uniform 0;
        valueFraction   uniform 1;
        source          uniform 0;
        value           uniform 18049.5;
    }
    fixedWall_Right
    {
        type            greyDiffusiveRadiation;
        refValue        uniform 0;
        refGradient     uniform 0;
        valueFraction   uniform 0;
        source          uniform 0;
        value           nonuniform List<scalar> 
30
(
18049.5
18049.5
18049.5
18049.5
18049.5
18049.5
18049.5
18049.5
18049.5
18049.5
18049.5
18049.5
18049.5
18049.5
18049.5
18049.5
18049.5
18049.5
18049.5
18049.5
18049.5
18049.5
18049.4
18049.4
18049.4
18049.5
18049.5
18049.6
18049.7
18049.5
)
;
    }
    fixedWall_Left
    {
        type            greyDiffusiveRadiation;
        refValue        uniform 0;
        refGradient     uniform 0;
        valueFraction   uniform 1;
        source          uniform 0;
        value           uniform 0;
    }
    fixedWall_Top
    {
        type            greyDiffusiveRadiation;
        refValue        uniform 0;
        refGradient     uniform 0;
        valueFraction   uniform 0;
        source          uniform 0;
        value           nonuniform List<scalar> 
30
(
7.81133
-317.165
-81.3826
2763.69
8542.45
14701.3
18446.5
19326.7
18772.2
18170.3
17960.1
17983.1
18035.8
18054.8
18053.6
18050.2
18049.2
18049.3
18049.5
18049.5
18049.5
18049.5
18049.5
18049.5
18049.5
18049.5
18049.5
18049.5
18049.5
18049.5
)
;
    }
    frontAndBack
    {
        type            empty;
    }
}


// ************************************************************************* //
