/*--------------------------------*- C++ -*----------------------------------*\
| =========                 |                                                 |
| \\      /  F ield         | OpenFOAM: The Open Source CFD Toolbox           |
|  \\    /   O peration     | Version:  2312                                  |
|   \\  /    A nd           | Website:  www.openfoam.com                      |
|    \\/     M anipulation  |                                                 |
\*---------------------------------------------------------------------------*/
FoamFile
{
    version     2.0;
    format      ascii;
    arch        "LSB;label=32;scalar=64";
    class       volScalarField;
    location    "0.06";
    object      ILambda_7_0;
}
// * * * * * * * * * * * * * * * * * * * * * * * * * * * * * * * * * * * * * //

dimensions      [1 0 -3 0 0 0 0];

internalField   nonuniform List<scalar> 
900
(
9547.76
17241.8
18747.7
18470.6
18129
18013.8
18018.1
18041.4
18052
18052.5
18050.5
18049.3
18049.1
18049.3
18049.5
18049.5
18049.5
18049.5
18049.5
18049.5
18049.5
18049.5
18049.5
18049.5
18049.5
18049.5
18049.5
18049.5
18049.5
18049.5
1663.05
10136.4
16323.4
18623
18743.7
18331.8
18065.2
17999.3
18018.9
18043.9
18053.4
18052.9
18050.4
18049.2
18049.1
18049.3
18049.5
18049.5
18049.5
18049.5
18049.5
18049.5
18049.5
18049.5
18049.5
18049.5
18049.5
18049.5
18049.5
18049.5
-525.117
3630.37
10582.7
16016.6
18463.8
18832.8
18467.2
18131.5
18003.2
18002.7
18032.7
18050.8
18054.2
18051.9
18049.7
18049
18049.1
18049.4
18049.5
18049.5
18049.5
18049.5
18049.5
18049.5
18049.5
18049.5
18049.5
18049.5
18049.5
18049.5
-567.85
230.838
4757.59
10977.8
15916.6
18358.6
18870.4
18562
18194.1
18017.2
17992.6
18021.4
18046.2
18054.4
18053.3
18050.5
18049.1
18049
18049.3
18049.5
18049.5
18049.5
18049.5
18049.5
18049.5
18049.5
18049.5
18049.5
18049.5
18049.5
-220.953
-704.789
992.122
5602.2
11345.2
15915.6
18297.1
18887.8
18629.4
18248.3
18035.4
17987.2
18011.3
18040.5
18053.6
18054.4
18051.5
18049.5
18048.9
18049.1
18049.4
18049.5
18049.5
18049.5
18049.5
18049.5
18049.5
18049.5
18049.5
18049.5
-11.1907
-546.228
-539.873
1685.51
6298.72
11690.7
15966.4
18265.8
18897
18678.3
18294
18054.8
17985.3
18002.6
18034.5
18051.9
18055.1
18052.5
18049.9
18048.9
18049
18049.3
18049.5
18049.5
18049.5
18049.5
18049.5
18049.5
18049.5
18049.5
42.4427
-202.428
-702.3
-266.658
2318.56
6904.88
12017.9
16046.4
18255.7
18903
18714.5
18331.9
18073.7
17985.8
17995.5
18028.5
18049.7
18055.4
18053.5
18050.5
18049.1
18048.9
18049.2
18049.4
18049.5
18049.5
18049.5
18049.5
18049.5
18049.5
28.8016
-1.3233
-389.139
-750.215
58.3322
2905.16
7449.82
12329.3
16143.5
18260.5
18908.1
18741.6
18363
18091.3
17987.7
17989.7
18022.7
18047.1
18055.4
18054.3
18051.2
18049.3
18048.9
18049.1
18049.3
18049.4
18049.4
18049.4
18049.4
18049.4
7.67744
50.9783
-98.2681
-543.433
-719.687
411.108
3455.4
7949.96
12626.8
16250.8
18275.9
18913.1
18762.2
18388.5
18107.1
17990.5
17985
18017.4
18044.3
18055
18055
18051.9
18049.7
18049
18049.1
18049.4
18049.5
18049.4
18049.4
18049.4
-2.46301
35.0796
35.2045
-215.746
-657.219
-630.894
779.443
3976.31
8415.42
12911.6
16363.9
18298.8
18918.5
18777.7
18409.2
18121.1
17993.7
17981.3
18012.5
18041.4
18054.4
18055.5
18052.5
18050.1
18049.2
18049.2
18049.5
18049.6
18049.6
18049.5
-3.65795
10.2919
53.2074
-9.67565
-335.904
-730.761
-497.756
1156.54
4472.86
8852.87
13184.9
16479.9
18327.2
18924.2
18789.4
18425.9
18133.2
17997
17978.4
18008
18038.4
18053.4
18055.7
18053
18050.3
18049.2
18049.3
18049.6
18049.8
18049.7
-1.76983
-2.55685
28.7202
56.2763
-75.1098
-448.647
-766.897
-330.046
1538.35
4948.71
9266.92
13447.6
16597
18359.3
18930.3
18798
18439.1
18143.5
18000.3
17976.1
18004
18035.6
18052.3
18055.6
18053
18050.1
18048.9
18049
18049.5
18049.9
-0.179463
-4.6523
5.5918
46.0666
42.8851
-153.391
-548.244
-769.096
-134.829
1922.33
5406.58
9660.9
13700.3
16713.9
18393.8
18936.5
18804.2
18449.3
18152.1
18003.3
17974.4
18000.8
18033.2
18051.4
18055.5
18053
18049.7
18048.3
18048.3
18049.3
0.37709
-2.51356
-4.25904
18.2892
57.8127
14.2673
-238.23
-631.546
-740.775
82.6435
2306.81
5848.53
10037.3
13943.6
16829.5
18430
18942.8
18808.3
18456.9
18159.2
18006.1
17973.3
17998.3
18031.5
18051.1
18056
18053.3
18049.5
18047.5
18047.9
0.31053
-0.418734
-4.71236
0.0388701
32.7126
61.431
-27.2209
-324.724
-696.952
-685.072
318.364
2690.63
6276.17
10398
14178.1
16943.2
18467
18949
18810.6
18462.2
18164.5
18008.3
17972.4
17996.5
18030.8
18051.9
18057.6
18054.7
18050.1
18047.1
0.105598
0.438849
-2.15089
-5.46681
7.86274
46.2802
55.8276
-78.8722
-409.134
-743.803
-604.788
569.201
3072.97
6690.78
10744.4
14404
17054.6
18504.3
18955.1
18811.4
18465.3
18167.9
18009.3
17970.9
17994.6
18030.5
18053.6
18060.4
18057.7
18050.4
-0.0175209
0.433616
-0.153694
-4.10041
-3.98837
18.193
56.9339
40.8774
-138.003
-488.64
-772.019
-502.394
832.668
3453.23
7093.36
11077.8
14621.9
17163.3
18541.6
18961.2
18811
18466.4
18169.2
18008.3
17967.7
17991.4
18029.3
18054.9
18064.2
18058.6
-0.0435739
0.176993
0.534257
-1.39624
-5.5207
-0.0400766
29.7584
63.1921
17.0732
-202.125
-561.136
-781.868
-380.062
1106.76
3830.96
7484.73
11399
14831.7
17269
18578.7
18967.3
18809.9
18466
18168.3
18004.7
17961.8
17985.5
18025.5
18055
18065.6
-0.0254629
-0.00417302
0.434133
0.214243
-3.00615
-5.8104
6.19466
41.2766
64.0943
-14.7199
-269.004
-625.062
-773.833
-239.699
1389.84
4205.82
7865.5
11708.7
15033.8
17371.5
18615.6
18974.3
18809.4
18465.3
18166.3
17999
17952.7
17975.7
18017.2
18057.2
-0.00489734
-0.0565947
0.152914
0.588542
-0.58125
-4.59071
-4.58283
14.2514
51.5803
59.1148
-53.4188
-336.674
-679.293
-748.543
-82.9859
1680.58
4577.56
8236.14
12007.1
15227.9
17470.6
18652.6
18983.2
18811.1
18466.4
18165.1
17992.7
17941.9
17959.9
18021.4
0.00424652
-0.0394468
-0.0214986
0.371588
0.495353
-1.76787
-5.74399
-1.6752
23.4949
59.679
48.0933
-97.818
-403.444
-723.082
-706.728
88.6381
1977.98
4946.06
8596.96
12294.5
15413.8
17566
18689.8
18995
18817.3
18472.4
18167.9
17989.9
17927.4
17965.3
0.00454909
-0.0112616
-0.0626633
0.0945386
0.558363
0.0721787
-3.15677
-6.1152
2.86286
33.2057
64.8082
31.1882
-146.68
-467.947
-756.04
-649.144
274.064
2281.42
5311.32
8948.04
12570.4
15590.6
17656.6
18727.1
19010.8
18830.1
18486.1
18179.6
17990.3
17928.2
0.00201389
0.00374378
-0.0393314
-0.0438701
0.269073
0.612637
-0.680225
-4.49966
-5.46528
8.79412
42.6764
66.4844
8.80743
-198.876
-529.226
-778.063
-576.393
472.674
2590.72
5673.38
9289.08
12833.7
15756.7
17741.1
18763.4
19030.5
18850.7
18510.3
18204.9
17972.7
0.00013671
0.00595865
-0.00999
-0.0606031
0.0313662
0.447152
0.462961
-1.67694
-5.55209
-3.71071
15.7605
51.3359
64.5231
-18.5452
-253.576
-586.742
-789.131
-488.65
684.494
2906.08
6032.16
9619.17
13082.7
15909.4
17816.4
18796.2
19052.6
18876.6
18558.4
18151.6
-0.000421746
0.00308273
0.00388487
-0.0306665
-0.0559261
0.150006
0.56657
0.096982
-2.78365
-6.14967
-0.917045
23.4149
58.8552
58.9427
-50.5215
-310.393
-640.234
-788.947
-385.363
910.231
3227.87
6387.07
9936.41
13314.1
16044.7
17878.1
18822.1
19069.3
18933
18463.7
-0.000264422
0.000517163
0.00485517
-0.00450571
-0.0467748
-0.0211796
0.280444
0.594123
-0.441404
-3.89045
-6.2527
2.79793
31.58
65.144
49.7227
-87.1884
-369.371
-689.387
-776.543
-265.058
1151.23
3556.47
6736.94
10237.8
13523.2
16156
17919.3
18824.6
19107.9
18812.3
-2.11008e-05
-0.000279655
0.00151701
0.00433464
-0.0139681
-0.0535422
0.0305524
0.402506
0.542749
-1.10663
-4.98087
-5.89366
7.43004
40.3052
70.1346
36.4952
-129.025
-430.494
-733.195
-750.185
-126.317
1407.44
3890.03
7078.88
10521.2
13709.9
16248.5
17940.7
18850.1
19045.6
5.58824e-05
2.94709e-06
-0.0007106
0.00220231
0.00495605
-0.0230219
-0.0609107
0.0920782
0.538022
0.435355
-1.94761
-6.14013
-4.98594
13.3384
49.8408
73.2533
17.633
-177.694
-493.396
-767.418
-701.668
40.4437
1684.66
4223.7
7390.42
10740.6
13803.7
16222.3
17835.6
18823.1
3.83399e-06
0.00045906
-0.000913775
-0.00223496
0.00678829
0.0102224
-0.0441193
-0.0875378
0.185639
0.760378
0.292867
-3.13267
-7.68484
-3.65869
21.1024
61.8629
76.9252
-5.67993
-237.384
-572.476
-817.869
-659.924
224.614
2022.9
4682.49
7905.77
11244.2
14251.3
16541.5
18471.5
-0.000104609
0.00044005
0.000604036
-0.00310406
-0.00313414
0.0146737
0.0170219
-0.0648506
-0.121604
0.215857
0.875736
0.346208
-3.28073
-7.90723
-3.88826
20.1041
59.0835
74.5478
1.72606
-205.638
-510.032
-747.855
-650.592
65.363
1578.99
3876.53
6732.54
9816.43
12547.8
15807
)
;

boundaryField
{
    fixedWall_Bottom
    {
        type            greyDiffusiveRadiation;
        refValue        uniform 18049.5;
        refGradient     uniform 0;
        valueFraction   uniform 1;
        source          uniform 0;
        value           uniform 18049.5;
    }
    fixedWall_Right
    {
        type            greyDiffusiveRadiation;
        refValue        uniform 0;
        refGradient     uniform 0;
        valueFraction   uniform 0;
        source          uniform 0;
        value           nonuniform List<scalar> 
30
(
18049.5
18049.5
18049.5
18049.5
18049.5
18049.5
18049.5
18049.4
18049.4
18049.5
18049.7
18049.9
18049.3
18047.9
18047.1
18050.4
18058.6
18065.6
18057.2
18021.4
17965.3
17928.2
17972.7
18151.6
18463.7
18812.3
19045.6
18823.1
18471.5
15807
)
;
    }
    fixedWall_Left
    {
        type            greyDiffusiveRadiation;
        refValue        uniform 0;
        refGradient     uniform 0;
        valueFraction   uniform 1;
        source          uniform 0;
        value           uniform 0;
    }
    fixedWall_Top
    {
        type            greyDiffusiveRadiation;
        refValue        uniform 0;
        refGradient     uniform 0;
        valueFraction   uniform 0;
        source          uniform 0;
        value           nonuniform List<scalar> 
30
(
-0.000104609
0.00044005
0.000604036
-0.00310406
-0.00313414
0.0146737
0.0170219
-0.0648506
-0.121604
0.215857
0.875736
0.346208
-3.28073
-7.90723
-3.88826
20.1041
59.0835
74.5478
1.72606
-205.638
-510.032
-747.855
-650.592
65.363
1578.99
3876.53
6732.54
9816.43
12547.8
15807
)
;
    }
    frontAndBack
    {
        type            empty;
    }
}


// ************************************************************************* //
