/*--------------------------------*- C++ -*----------------------------------*\
| =========                 |                                                 |
| \\      /  F ield         | OpenFOAM: The Open Source CFD Toolbox           |
|  \\    /   O peration     | Version:  2312                                  |
|   \\  /    A nd           | Website:  www.openfoam.com                      |
|    \\/     M anipulation  |                                                 |
\*---------------------------------------------------------------------------*/
FoamFile
{
    version     2.0;
    format      ascii;
    arch        "LSB;label=32;scalar=64";
    class       volScalarField;
    location    "0.06";
    object      ILambda_3_0;
}
// * * * * * * * * * * * * * * * * * * * * * * * * * * * * * * * * * * * * * //

dimensions      [1 0 -3 0 0 0 0];

internalField   nonuniform List<scalar> 
900
(
13830.4
18747.4
18352.3
18053.3
18034.8
18048.5
18050.4
18049.6
18049.4
18049.5
18049.5
18049.5
18049.5
18049.5
18049.5
18049.5
18049.5
18049.5
18049.5
18049.5
18049.5
18049.5
18049.5
18049.5
18049.5
18049.5
18049.5
18049.5
18049.5
18049.5
7693.95
17560.8
18967.3
18323.3
18037.3
18027.7
18047.1
18050.7
18049.8
18049.4
18049.4
18049.5
18049.5
18049.5
18049.5
18049.5
18049.5
18049.5
18049.5
18049.5
18049.5
18049.5
18049.5
18049.5
18049.5
18049.5
18049.5
18049.5
18049.5
18049.5
3753.5
14584.2
18860.6
18778.3
18180.5
18013.3
18029.7
18048.6
18050.9
18049.8
18049.4
18049.4
18049.5
18049.5
18049.5
18049.5
18049.5
18049.5
18049.5
18049.5
18049.5
18049.5
18049.5
18049.5
18049.5
18049.5
18049.5
18049.5
18049.5
18049.5
1445.45
10959
17686.8
19090.1
18496.4
18069.5
18006.1
18036.2
18050.5
18050.9
18049.6
18049.4
18049.4
18049.5
18049.5
18049.5
18049.5
18049.5
18049.5
18049.5
18049.5
18049.5
18049.5
18049.5
18049.5
18049.5
18049.5
18049.5
18049.5
18049.5
230.042
7493.96
15548.3
18909.2
18880.5
18251.5
18010.3
18012.8
18043.4
18051.8
18050.6
18049.5
18049.4
18049.5
18049.5
18049.5
18049.5
18049.5
18049.5
18049.5
18049.5
18049.5
18049.5
18049.5
18049.5
18049.5
18049.5
18049.5
18049.5
18049.5
-309.311
4615.59
12797.2
18026.7
19128.6
18555.9
18089.2
17993.1
18025.6
18048.9
18052
18050.2
18049.4
18049.4
18049.5
18049.5
18049.5
18049.5
18049.5
18049.5
18049.5
18049.5
18049.5
18049.5
18049.5
18049.5
18049.5
18049.5
18049.5
18049.5
-465.423
2466.59
9844.41
16424.5
19019
18901.3
18275.2
18007.5
18000.5
18038.1
18052
18051.6
18049.8
18049.3
18049.4
18049.5
18049.5
18049.5
18049.5
18049.5
18049.5
18049.5
18049.5
18049.5
18049.5
18049.5
18049.5
18049.5
18049.5
18049.5
-430.233
1014.94
7040
14244.7
18388.7
19145.1
18559.9
18091.7
17983.7
18017.4
18047.2
18052.9
18050.8
18049.5
18049.3
18049.4
18049.5
18049.5
18049.5
18049.5
18049.5
18049.5
18049.5
18049.5
18049.5
18049.5
18049.5
18049.5
18049.5
18049.5
-320.559
140.498
4620.83
11722.9
17176.9
19124.5
18882.8
18268.8
18001
17991.8
18034
18052.1
18052.5
18050.1
18049.3
18049.3
18049.5
18049.5
18049.5
18049.5
18049.5
18049.5
18049.5
18049.5
18049.5
18049.5
18049.5
18049.5
18049.5
18049.5
-200.843
-305.738
2704.56
9117.53
15431.9
18701.3
19138.5
18532.7
18081.4
17975.7
18011.8
18045.8
18053.7
18051.5
18049.6
18049.3
18049.4
18049.5
18049.5
18049.5
18049.5
18049.5
18049.5
18049.5
18049.5
18049.5
18049.5
18049.5
18049.5
18049.5
-101.329
-465.936
1309.91
6656.54
13287.8
17797
19199.6
18839.1
18244.1
17991.4
17985.8
18031.3
18052.2
18053.3
18050.5
18049.3
18049.3
18049.4
18049.5
18049.5
18049.5
18049.5
18049.5
18049.5
18049.5
18049.5
18049.5
18049.5
18049.5
18049.5
-31.6698
-457.467
387.133
4505.63
10927.8
16408.4
18946
19108
18486.7
18063.3
17968.9
18008.4
18045.2
18054.4
18052
18049.7
18049.2
18049.4
18049.5
18049.5
18049.5
18049.5
18049.5
18049.5
18049.5
18049.5
18049.5
18049.5
18049.5
18049.5
9.54822
-366.995
-151.219
2758.08
8544.67
14604.6
18292.4
19237.1
18777.6
18209
17980.2
17982
18030.1
18052.6
18054
18050.7
18049.3
18049.2
18049.4
18049.5
18049.5
18049.5
18049.5
18049.5
18049.5
18049.5
18049.5
18049.5
18049.5
18049.5
28.5662
-251.871
-405.101
1440.24
6308.24
12509
17205.6
19121.5
19055.7
18429.7
18041.2
17963.2
18007
18045.3
18055.1
18052.5
18049.8
18049.1
18049.3
18049.5
18049.5
18049.5
18049.5
18049.5
18049.5
18049.5
18049.5
18049.5
18049.5
18049.5
32.7272
-145.258
-469.233
526.343
4345.17
10274
15710.5
18674.9
19237.9
18703.9
18168.5
17968.8
17980.2
18030.3
18053.3
18054.6
18051
18049.2
18049.1
18049.4
18049.5
18049.5
18049.5
18049.5
18049.5
18049.5
18049.5
18049.5
18049.5
18049.5
28.5257
-62.5085
-422.815
-43.1222
2730.27
8054.25
13883.8
17846.7
19233
18985.2
18366.7
18017.8
17959.1
18007.4
18046.2
18055.9
18053
18049.9
18049.1
18049.2
18049.5
18049.5
18049.5
18049.5
18049.5
18049.5
18049.5
18049.5
18049.5
18049.5
20.8253
-7.27077
-325.368
-343.837
1488.37
5984.99
11839.1
16631.2
18957.5
19206.3
18622.3
18126.4
17958.3
17980
18031.5
18054.3
18055.3
18051.3
18049.3
18049.1
18049.3
18049.5
18049.5
18049.5
18049.5
18049.5
18049.5
18049.5
18049.5
18049.5
12.77
23.4595
-216.917
-453.4
603.216
4167.53
9707.29
15068.6
18350.9
19288.3
18900.6
18301.8
17995.2
17956.5
18008.8
18047.3
18056.6
18053.4
18050
18049
18049.2
18049.4
18049.5
18049.5
18049.5
18049.5
18049.5
18049.5
18049.5
18049.5
6.05079
35.6237
-120.799
-441.479
29.762
2662.71
7617.96
13237.8
17386.8
19152.9
19147.6
18536.8
18085.3
17949.6
17981.2
18033.1
18055.1
18055.6
18051.4
18049.3
18049
18049.2
18049.4
18049.4
18049.4
18049.4
18049.4
18049.4
18049.4
18049.4
1.30113
35.6703
-47.6235
-364.344
-292.858
1491.78
5682.75
11243.6
16077.3
18735.3
19295.9
18806.5
18238
17974.9
17955.8
18011.3
18048.6
18056.9
18053.4
18050
18049
18049.1
18049.3
18049.4
18049.4
18049.4
18049.4
18049.4
18049.4
18049.4
-1.51026
29.1918
0.626916
-263.043
-430.027
642.475
3984.93
9201.1
14471.5
17995.1
19273.6
19067.9
18450.9
18047.6
17943.7
17984.3
18035.5
18055.7
18055.6
18051.3
18049.3
18049
18049.3
18049.4
18049.4
18049.4
18049.4
18049.4
18049.4
18049.4
-2.75748
20.3496
27.0129
-164.206
-443.073
78.0788
2574.55
7221.39
12647.9
16923.3
19015.3
19264.3
18706.7
18177.7
17958.5
17957.9
18015.3
18050.3
18057.1
18053.2
18049.9
18049.1
18049.3
18049.5
18049.5
18049.4
18049.4
18049.4
18049.5
18049.5
-2.92795
11.8105
36.8699
-82.4096
-383.827
-252.586
1469
5398.8
10703.2
15544.1
18472.3
19331.3
18972.5
18366.9
18014.2
17941.1
17989.6
18039.1
18056.8
18055.5
18051.1
18049.3
18049.3
18049.6
18049.7
18049.6
18049.6
18049.6
18049.6
18049.6
-2.48112
4.96915
35.9144
-23.225
-292.09
-406.013
657.654
3803.05
8740.4
13911.4
17619.9
19205.4
19201.1
18604.2
18121.6
17945.7
17962.4
18021
18053
18057.7
18053.1
18049.8
18049.2
18049.6
18049.9
18049.9
18049.8
18049.7
18049.7
18049.8
-1.77844
0.285828
29.1309
13.7427
-195.385
-436.689
108.932
2475.57
6855.99
12102.2
16462.3
18834.4
19337.3
18866.5
18286.1
17984.8
17940.9
17996.4
18043.7
18058.5
18055.6
18050.8
18049.1
18049.4
18049.9
18050
18050
18049.9
18049.9
18049.9
-1.06353
-2.36844
20.274
32.2174
-110.337
-392.069
-221.524
1430.34
5130.9
10205.2
15029
18178.3
19317
19112
18500.3
18069.1
17935.3
17968.2
18027.6
18056.3
18058.4
18052.7
18049.1
18048.8
18049.4
18049.9
18049.9
18049.8
18049.7
18049.7
-0.471208
-3.42789
11.7782
37.2875
-44.7541
-309.996
-384.22
656.512
3625.54
8319.41
13390.5
17244.6
19106
19308.8
18756.9
18208.6
17956.2
17939.4
18002
18048
18060.2
18055.6
18050
18048.1
18048.5
18049.2
18049.5
18049.5
18049.4
18049.3
-0.0567949
-3.3902
4.96475
33.7641
-0.635435
-216.857
-424.758
128.418
2365.06
6494.45
11553.5
15957.7
18575.7
19342.1
18999.9
18403.6
18028.2
17931.2
17974.9
18032.8
18058.1
18058.3
18051.7
18048
18047.7
18048.5
18049.1
18049.2
18049.1
18049
0.19224
-2.85885
0.271816
27.0046
25.343
-135.815
-402.898
-199.191
1420.68
4987.43
9923.26
14743.4
18045.1
19372.2
19260.1
18619.4
18105.9
17912.7
17933.7
18009.2
18054.8
18062.9
18054.9
18047.6
18045.3
18046
18047
18047.5
18047.6
18047.4
0.2897
-1.56525
-2.90268
13.9993
35.1162
-41.3869
-279.097
-382.805
416.533
2897.49
7090.16
11998
16168.8
18623.6
19342.2
19013.7
18427.4
18039.5
17923.7
17959.9
18022.3
18055.6
18060.4
18054.2
18048.7
18046.9
18047.2
18047.9
18048.3
18048.4
)
;

boundaryField
{
    fixedWall_Bottom
    {
        type            greyDiffusiveRadiation;
        refValue        uniform 18049.5;
        refGradient     uniform 0;
        valueFraction   uniform 1;
        source          uniform 0;
        value           uniform 18049.5;
    }
    fixedWall_Right
    {
        type            greyDiffusiveRadiation;
        refValue        uniform 0;
        refGradient     uniform 0;
        valueFraction   uniform 0;
        source          uniform 0;
        value           nonuniform List<scalar> 
30
(
18049.5
18049.5
18049.5
18049.5
18049.5
18049.5
18049.5
18049.5
18049.5
18049.5
18049.5
18049.5
18049.5
18049.5
18049.5
18049.5
18049.5
18049.5
18049.4
18049.4
18049.4
18049.5
18049.6
18049.8
18049.9
18049.7
18049.3
18049
18047.4
18048.4
)
;
    }
    fixedWall_Left
    {
        type            greyDiffusiveRadiation;
        refValue        uniform 0;
        refGradient     uniform 0;
        valueFraction   uniform 1;
        source          uniform 0;
        value           uniform 0;
    }
    fixedWall_Top
    {
        type            greyDiffusiveRadiation;
        refValue        uniform 0;
        refGradient     uniform 0;
        valueFraction   uniform 0;
        source          uniform 0;
        value           nonuniform List<scalar> 
30
(
0.2897
-1.56525
-2.90268
13.9993
35.1162
-41.3869
-279.097
-382.805
416.533
2897.49
7090.16
11998
16168.8
18623.6
19342.2
19013.7
18427.4
18039.5
17923.7
17959.9
18022.3
18055.6
18060.4
18054.2
18048.7
18046.9
18047.2
18047.9
18048.3
18048.4
)
;
    }
    frontAndBack
    {
        type            empty;
    }
}


// ************************************************************************* //
