/*--------------------------------*- C++ -*----------------------------------*\
| =========                 |                                                 |
| \\      /  F ield         | OpenFOAM: The Open Source CFD Toolbox           |
|  \\    /   O peration     | Version:  2312                                  |
|   \\  /    A nd           | Website:  www.openfoam.com                      |
|    \\/     M anipulation  |                                                 |
\*---------------------------------------------------------------------------*/
FoamFile
{
    version     2.0;
    format      ascii;
    arch        "LSB;label=32;scalar=64";
    class       volScalarField;
    location    "0.06";
    object      ILambda_12_0;
}
// * * * * * * * * * * * * * * * * * * * * * * * * * * * * * * * * * * * * * //

dimensions      [1 0 -3 0 0 0 0];

internalField   nonuniform List<scalar> 
900
(
4219.08
10355.5
14296
16604
17819.4
18358.8
18514.9
18479.7
18370
18250.3
18150.8
18081.1
18039.9
18020.9
18016.7
18020.9
18028.6
18036.7
18043.4
18048.2
18051
18052.2
18052.4
18052
18051.2
18050.5
18049.9
18049.5
18049.3
18049.2
-697.968
488.649
3465.31
7090.44
10555.5
13433.9
15582.9
17034.5
17909
18355.2
18515.4
18506.9
18416.5
18301.3
18194.7
18112
18056.7
18026
18013.8
18013.8
18020.3
18029.1
18037.7
18044.5
18049.2
18051.8
18052.9
18052.9
18052.3
18051
-302.806
-917.852
-811.114
362.706
2501.15
5252.24
8205.06
11009.5
13428.6
15344.9
16739.6
17662.3
18200.7
18454.6
18518.7
18472.3
18374.8
18266.4
18170.3
18097.1
18048.8
18022.5
18012.6
18013.6
18020.3
18029.2
18037.7
18044.5
18049.2
18052.4
-3.84977
-273.849
-728.852
-1040.63
-859.705
22.8062
1625.01
3804.73
6326.58
8931.94
11392.9
13543.8
15291.4
16609.2
17523.1
18092.6
18393.3
18502.9
18490.9
18413.8
18312.5
18213.7
18131.9
18072.7
18035.7
18017.3
18012.2
18015.7
18022.5
18035.5
14.6434
12.1624
-130.992
-446.905
-831.01
-1079.16
-969.561
-339.187
872.554
2617.59
4761.66
7121.62
9504.81
11741.2
13704.3
15319.2
16561.1
17446.3
18019.7
18342.3
18479.5
18492.5
18433.3
18341.6
18244.9
18159.8
18094.2
18050.1
18024.1
18014.4
1.00773
21.7932
36.1727
-20.0315
-202.042
-506.444
-851.808
-1095.66
-1075.05
-651.871
252.466
1641.08
3444.89
5540.43
7775.45
9995.22
12064.5
13881.9
15386.8
16557.7
17407
17971.4
18302
18455.5
18486.2
18441.5
18359.5
18266.3
18185.3
18090.9
-0.946554
2.36026
19.7947
43.3886
39.1893
-39.7271
-225.709
-510.431
-833.321
-1089.01
-1150.08
-896.534
-242.898
843.899
2338.96
4165.64
6210.41
8342.18
10431.5
12366.7
14064.5
15474.9
16580.5
17391.8
17940.5
18271
18433.7
18474.3
18452.5
18328.6
-0.134357
-1.26167
0.868857
13.2821
36.6735
56.3909
41.9695
-42.2075
-219.302
-483.203
-789.606
-1058.54
-1187.62
-1072.01
-625.428
202.81
1418.31
2980.87
4811.64
6805.9
8848.37
10828.1
12650.7
14246.4
15573.9
16619.1
17393
17921.1
18248.8
18432.4
0.0662318
-0.309801
-1.46689
-1.06273
6.05587
23.8892
48.9427
65.8047
48.4248
-31.9687
-194.652
-437.258
-728.162
-1006.24
-1188.48
-1183.54
-907.984
-301.416
662.668
1972.12
3577.94
5401.62
7346.27
9309.14
11193.5
12918.6
14423.8
15684.3
16628.6
17633
0.016398
0.0684896
-0.294839
-1.43664
-2.28121
0.525072
11.3623
32.0715
57.6467
73.7325
58.029
-13.8614
-159.49
-380.207
-654.411
-935.694
-1156.82
-1238.83
-1103.41
-685.793
54.3591
1126.1
2505.35
4138.12
5947.37
7844.41
9730.05
11554.9
13061.4
15151.6
-0.0042041
0.0318171
0.0795264
-0.175737
-1.14241
-2.5426
-2.53362
2.31646
15.504
37.7025
63.6726
80.6072
69.2623
8.28278
-119.04
-317.289
-572.856
-851.145
-1098.16
-1246.4
-1224.11
-965.903
-422.941
429.517
1587.16
3020.68
4659.22
6496.25
8125.91
10958.5
-0.00175127
-0.00281428
0.0344658
0.0958575
-0.0265358
-0.710401
-2.10413
-3.45008
-2.60339
3.65013
18.1518
41.0571
67.4875
86.2631
80.6706
31.6522
-76.9767
-252.407
-487.377
-756.906
-1018.31
-1214.74
-1281.9
-1156.24
-785.263
-129.004
805.108
2092.38
3307.07
6051.16
0.000218901
-0.00301467
-0.00275534
0.0301749
0.101876
0.09292
-0.29187
-1.362
-3.01467
-4.21666
-2.76685
4.27546
19.3335
42.4417
69.3534
90.4369
91.1092
54.1956
-35.977
-188.53
-401.203
-656.93
-922.886
-1151.9
-1288.53
-1268.38
-1056.88
-526.097
6.32764
1882.33
0.000170404
-2.29091e-05
-0.00329007
-0.00413601
0.0208715
0.0914021
0.154535
0.0142268
-0.63908
-2.01181
-3.82299
-4.91964
-3.16326
4.14953
19.2186
42.1765
69.4786
92.8911
99.6924
74.4249
2.08488
-127.76
-316.865
-554.587
-817.607
-1064.04
-1260.87
-1294.04
-1321.77
-570.327
-9.08467e-06
0.000271554
-7.76569e-05
-0.00323567
-0.00594971
0.00956116
0.0680548
0.159802
0.178043
-0.110852
-0.993437
-2.59019
-4.526
-5.62398
-3.8369
3.36767
18.0744
40.5755
67.9937
93.3858
105.782
91.4304
36.1159
-71.3373
-236.535
-452.239
-709.83
-953.696
-1213.1
-1288.73
-1.86008e-05
2.17364e-05
0.000314818
-5.96702e-07
-0.00292588
-0.00714315
-0.000487191
0.0400105
0.12729
0.220829
0.180736
-0.238152
-1.30002
-3.07814
-5.1543
-6.35473
-4.71806
2.1319
16.1665
37.831
64.9135
91.767
109.128
104.977
65.6732
-20.0004
-161.311
-358.018
-576.145
-962.825
-8.51974e-07
-3.19116e-05
4.72763e-05
0.000346106
0.000116145
-0.00237025
-0.00710243
-0.00706041
0.0149244
0.0794673
0.186978
0.277036
0.188638
-0.336052
-1.55207
-3.49619
-5.71117
-7.04155
-5.65487
0.615657
13.6119
33.9881
60.2779
88.1755
110.05
115.018
92.381
18.325
-64.1411
-380.476
2.91157e-06
-1.15556e-05
-3.18881e-05
7.49524e-05
0.000343308
0.000196429
-0.00162445
-0.00580687
-0.00957749
-0.00276613
0.0340431
0.121136
0.25131
0.344059
0.211215
-0.416915
-1.769
-3.82798
-6.11611
-7.56681
-6.56267
-1.17414
10.3874
29.1053
54.4703
82.8216
110.551
117.358
130.481
4.80812
1.70529e-06
-2.27134e-07
-1.979e-05
-1.61443e-05
9.53857e-05
0.000278735
0.000205646
-0.000796442
-0.00369505
-0.00882026
-0.0121592
0.000735282
0.0556605
0.172983
0.329043
0.413727
0.220673
-0.498871
-1.91791
-3.98322
-6.2758
-7.91515
-7.52765
-3.36503
6.58233
23.3104
48.7261
75.2515
112.432
120.545
6.56122e-07
2.11718e-06
-7.52543e-06
-1.85764e-05
1.24011e-05
9.1069e-05
0.000148422
0.000155116
-1.06821e-05
-0.00138841
-0.00623411
-0.0148087
-0.0180269
0.00748286
0.0905535
0.237985
0.39973
0.450144
0.203561
-0.535925
-1.90333
-3.88817
-6.21898
-8.24897
-8.70579
-6.03504
2.48098
17.9165
39.4649
86.3107
4.51361e-08
2.20153e-06
-1.64112e-06
-1.35066e-05
-4.31117e-06
4.19249e-05
5.11769e-05
-2.05547e-05
8.46487e-05
0.000630106
0.000569633
-0.00324304
-0.0132845
-0.0245423
-0.019168
0.0288679
0.136305
0.28854
0.426382
0.447406
0.215093
-0.433604
-1.66607
-3.60418
-6.13162
-8.75482
-10.3897
-7.9226
-5.28514
26.0354
-2.40384e-07
1.4178e-06
1.57157e-06
-7.7248e-06
-1.28492e-05
1.94652e-05
5.83879e-05
-1.95952e-05
-0.000183447
3.62581e-05
0.0010685
0.00186438
-0.000830337
-0.0100335
-0.0230855
-0.0277961
-0.00567777
0.0577135
0.16251
0.291505
0.411629
0.465404
0.344777
-0.146816
-1.28642
-3.28065
-6.4232
-8.92352
-13.9416
-6.22546
-2.45972e-07
4.27805e-07
2.31271e-06
-1.63115e-06
-1.25287e-05
-3.76013e-06
4.3935e-05
5.34787e-05
-0.000103157
-0.00029905
3.47816e-05
0.00129713
0.00243435
0.000575384
-0.00677691
-0.017875
-0.0249418
-0.017475
0.0116335
0.064095
0.142456
0.256971
0.416016
0.586143
0.618071
0.277108
-1.02704
-2.99652
-7.04086
-11.0308
-1.25541e-07
-1.64881e-07
1.44677e-06
1.71204e-06
-6.04817e-06
-1.30054e-05
1.1101e-05
6.00044e-05
2.81402e-05
-0.000177321
-0.000345321
8.22139e-05
0.00134811
0.00240693
0.000997757
-0.00438546
-0.0120086
-0.0169513
-0.0149735
-0.00658576
0.00550875
0.0283332
0.091356
0.243914
0.505708
0.841898
0.960429
0.577555
-0.450255
-5.34564
-2.09407e-08
-2.84234e-07
3.92059e-07
2.02871e-06
-4.15706e-07
-9.53751e-06
-8.39989e-06
2.65004e-05
6.26179e-05
-9.34332e-06
-0.0002253
-0.000323341
0.000163167
0.00127447
0.00199999
0.000718911
-0.00305018
-0.00720826
-0.00838805
-0.00628511
-0.0069367
-0.0185188
-0.0375485
-0.0308661
0.0608933
0.309369
0.719714
1.05077
1.65281
-0.436244
2.24295e-08
-1.74698e-07
-1.52329e-07
1.06308e-06
1.69092e-06
-3.18854e-06
-1.05115e-05
-3.14729e-07
3.75103e-05
5.2131e-05
-4.81443e-05
-0.000240604
-0.000251453
0.000254869
0.00113173
0.0014341
9.36309e-05
-0.00256078
-0.00405332
-0.00171553
0.00286988
0.000846542
-0.0200843
-0.0614851
-0.0982985
-0.0719121
0.117737
0.403077
1.12422
1.13479
2.35097e-08
-5.15573e-08
-2.35468e-07
2.08781e-07
1.44098e-06
5.10796e-07
-5.45707e-06
-8.66094e-06
8.48827e-06
4.15232e-05
3.29254e-05
-7.93485e-05
-0.000226575
-0.000155254
0.000336092
0.000964991
0.000878086
-0.000576597
-0.00256156
-0.00240355
0.00230037
0.00952086
0.00976276
-0.0107658
-0.0584153
-0.120477
-0.130607
-0.0686693
0.232129
0.822655
1.16318e-08
9.49906e-09
-1.35183e-07
-1.44957e-07
6.0288e-07
1.31935e-06
-1.02123e-06
-6.43731e-06
-4.81611e-06
1.55016e-05
3.86244e-05
1.07983e-05
-9.81725e-05
-0.000192355
-5.83543e-05
0.00039216
0.000802505
0.000428648
-0.00110002
-0.00271997
-0.00179489
0.00396014
0.0128089
0.0161533
0.00104887
-0.0443187
-0.105447
-0.156012
-0.167643
0.220038
2.5733e-09
2.05894e-08
-3.82213e-08
-1.64621e-07
5.74446e-08
8.48297e-07
7.63536e-07
-2.38605e-06
-6.04914e-06
-2.50952e-07
1.96894e-05
3.11635e-05
-9.743e-06
-0.000105996
-0.000150701
2.45946e-05
0.000425897
0.000670183
0.000118842
-0.00143073
-0.00288332
-0.00178661
0.00405003
0.013425
0.0196263
0.00992536
-0.0255091
-0.0778984
-0.175594
-0.0765367
-1.60401e-09
1.12085e-08
1.38847e-08
-6.79688e-08
-1.42393e-07
1.6902e-07
8.2392e-07
3.95792e-07
-2.53139e-06
-5.02924e-06
9.27387e-07
1.74654e-05
2.51782e-05
-9.6008e-06
-8.70541e-05
-0.000123582
1.31693e-05
0.000340122
0.000578341
0.000209783
-0.00105493
-0.00259307
-0.00258913
0.00108689
0.00894943
0.0175138
0.0173737
0.00550512
-0.0455265
-0.0938209
)
;

boundaryField
{
    fixedWall_Bottom
    {
        type            greyDiffusiveRadiation;
        refValue        uniform 18049.5;
        refGradient     uniform 0;
        valueFraction   uniform 1;
        source          uniform 0;
        value           uniform 18049.5;
    }
    fixedWall_Right
    {
        type            greyDiffusiveRadiation;
        refValue        uniform 0;
        refGradient     uniform 0;
        valueFraction   uniform 0;
        source          uniform 0;
        value           nonuniform List<scalar> 
30
(
18049.2
18051
18052.4
18035.5
18014.4
18090.9
18328.6
18432.4
17633
15151.6
10958.5
6051.16
1882.33
-570.327
-1288.73
-962.825
-380.476
4.80812
120.545
86.3107
26.0354
-6.22546
-11.0308
-5.34564
-0.436244
1.13479
0.822655
0.220038
-0.0765367
-0.0938209
)
;
    }
    fixedWall_Left
    {
        type            greyDiffusiveRadiation;
        refValue        uniform 0;
        refGradient     uniform 0;
        valueFraction   uniform 1;
        source          uniform 0;
        value           uniform 0;
    }
    fixedWall_Top
    {
        type            greyDiffusiveRadiation;
        refValue        uniform 0;
        refGradient     uniform 0;
        valueFraction   uniform 0;
        source          uniform 0;
        value           nonuniform List<scalar> 
30
(
-1.60401e-09
1.12085e-08
1.38847e-08
-6.79688e-08
-1.42393e-07
1.6902e-07
8.2392e-07
3.95792e-07
-2.53139e-06
-5.02924e-06
9.27387e-07
1.74654e-05
2.51782e-05
-9.6008e-06
-8.70541e-05
-0.000123582
1.31693e-05
0.000340122
0.000578341
0.000209783
-0.00105493
-0.00259307
-0.00258913
0.00108689
0.00894943
0.0175138
0.0173737
0.00550512
-0.0455265
-0.0938209
)
;
    }
    frontAndBack
    {
        type            empty;
    }
}


// ************************************************************************* //
