/*--------------------------------*- C++ -*----------------------------------*\
| =========                 |                                                 |
| \\      /  F ield         | OpenFOAM: The Open Source CFD Toolbox           |
|  \\    /   O peration     | Version:  2312                                  |
|   \\  /    A nd           | Website:  www.openfoam.com                      |
|    \\/     M anipulation  |                                                 |
\*---------------------------------------------------------------------------*/
FoamFile
{
    version     2.0;
    format      ascii;
    arch        "LSB;label=32;scalar=64";
    class       volScalarField;
    location    "0.06";
    object      ILambda_54_0;
}
// * * * * * * * * * * * * * * * * * * * * * * * * * * * * * * * * * * * * * //

dimensions      [1 0 -3 0 0 0 0];

internalField   nonuniform List<scalar> 
900
(
18049.5
18049.5
18049.5
18049.5
18049.5
18049.5
18049.5
18049.5
18049.5
18049.5
18049.5
18049.4
18049.3
18049.1
18049.1
18049.6
18050.8
18052.6
18053.3
18049.5
18037.5
18018.3
18007.4
18044.2
18186.4
18453.5
18669
18151.3
15298.6
7452.63
18049.5
18049.5
18049.5
18049.5
18049.5
18049.5
18049.5
18049.5
18049.5
18049.4
18049.1
18048.9
18049.2
18050.2
18052.2
18054.1
18053.1
18044.9
18026.9
18005.3
18004.5
18070.9
18252.3
18532.1
18707.1
18249.4
16296.9
12035.8
5738.65
162.424
18049.5
18049.5
18049.5
18049.5
18049.5
18049.5
18049.5
18049.3
18049
18048.9
18049.2
18050.5
18052.6
18054.6
18053.2
18044.3
18025.4
18003
18000.3
18059.6
18224.6
18488.5
18706.4
18507.9
17298.1
14471.5
9900.47
4511.82
349.251
-703.151
18049.5
18049.5
18049.5
18049.5
18049.5
18049.3
18049
18048.9
18049.2
18050.4
18052.6
18054.7
18053.8
18045.7
18027.7
18004.6
17995.7
18038.1
18173.8
18412.2
18663.5
18669.7
17989.2
16111.1
12742.3
8180.01
3500.27
195.11
-837.847
-261.515
18049.5
18049.5
18049.5
18049.3
18049
18048.9
18049.1
18050.2
18052.4
18054.6
18054.5
18047.9
18031.9
18008.9
17993.8
18017.5
18120.2
18324
18582.9
18724.1
18418.1
17232.6
14808
11124.2
6718.15
2633.71
-38.4611
-866.711
-468.487
-0.866344
18049.6
18049.4
18049.1
18048.9
18049
18050
18052
18054.3
18055
18050.3
18036.8
18015
17995.3
18002.6
18073.3
18237.4
18480.9
18696
18643.3
17967.7
16301.3
13454.1
9618.82
5451.43
1891.97
-275.129
-890.729
-535.648
-76.3648
35.6963
18049.5
18049
18049
18049.7
18051.4
18053.8
18055.2
18052.4
18041.7
18022.1
18000.1
17994.5
18037
18160.8
18373.4
18615.5
18721.5
18411
17342.8
15245.6
12091.4
8226.2
4346.41
1261.14
-484.739
-907.001
-554.62
-116.961
44.4283
12.4062
18048.9
18049.2
18050.7
18053
18055
18053.9
18046.1
18029.4
18007.1
17992.7
18012.2
18098.6
18272.2
18508.8
18701.8
18639.9
18028.2
16570.8
14106.7
10749.5
6946.21
3382.37
729.601
-657.321
-910.679
-547.295
-133.341
43.076
31.734
-1.41485
18049.2
18051.9
18054.3
18054.7
18049.7
18036.3
18015.4
17995.9
17998.1
18052
18184.5
18395.4
18623.3
18718.3
18439.8
17503.4
15679.2
12918.5
9449.9
5778.05
2544.6
287.171
-791.014
-900.22
-523.528
-133.293
42.5838
43.0129
5.41206
-2.67045
18052.2
18055.3
18052.5
18042.6
18024.2
18002.6
17992.8
18020.3
18114.1
18288.5
18516.1
18697.8
18648.8
18117.2
16849.8
14695.2
11709.3
8208.53
4720.08
1821.36
-75.3617
-887.453
-876.022
-488.864
-122.62
44.5703
50.317
11.9829
-3.48671
-0.763055
18055.3
18048.7
18033.1
18011.7
17994.3
18001.8
18061.5
18196.1
18401.3
18619
18715.5
18482.3
17673.8
16083.8
13643.9
10502.5
7036.99
3769.77
1202.49
-366.527
-949.852
-839.514
-446.925
-105.305
48.693
55.2292
17.1661
-2.75361
-2.43994
0.197363
18047.1
18021.2
18000.6
17993.6
18025.4
18121.6
18292.9
18511.8
18689
18662.3
18212.6
17115.7
15223.4
12549
9317.66
5943.49
2923.71
678.765
-594.305
-982.114
-792.631
-400.36
-84.1312
54.1932
58.5664
20.8406
-1.67735
-3.5605
-0.34661
0.222392
18018.7
17990.2
18002.9
18064.9
18198.4
18397.2
18607.8
18712.1
18527.7
17837.9
16452.5
14287.2
11431.7
8170.51
4933.49
2177.67
241.542
-766.189
-988.367
-737.499
-351.233
-61.0924
60.3099
60.7228
23.1762
-0.722177
-4.30647
-1.04217
0.328906
0.0507442
17991.3
18021.6
18121
18288.2
18500.5
18677.3
18676.3
18304.5
17359.9
15696
13294.1
10310.9
7073.77
4010.16
1526.75
-117.422
-889.218
-972.709
-676.253
-301.207
-37.6374
66.4054
61.8827
24.3802
-0.0741483
-4.81546
-1.7096
0.2487
0.205495
-0.0232139
18031.2
18195.5
18386.8
18593.9
18708.8
18571.4
17988.7
16783.6
14859.8
12262.1
9203.35
6037.38
3174.71
965.496
-406.02
-969.975
-939.059
-610.921
-251.634
-14.8241
71.991
62.14
24.6435
0.215196
-5.19579
-2.28705
0.0817801
0.319217
0.0202745
-0.0195804
18208.8
18502.3
18666.6
18692.3
18389.8
17579.2
16116.4
13958.4
11208.5
8123.47
5068.8
2426.74
487.97
-631.837
-1014.59
-891.07
-543.35
-203.604
6.57941
76.7146
61.5583
24.1343
0.160862
-5.51578
-2.76215
-0.1143
0.391043
0.0890587
-0.0330836
-0.00334885
18500.8
18735.1
18613
18126.5
17077
15367.5
13006.7
10149.3
7083.56
4173.41
1764.54
87.9064
-802.166
-1028.77
-832.076
-475.158
-157.968
26.029
80.3346
60.1948
23.0034
-0.188362
-5.81224
-3.14095
-0.303786
0.42997
0.162295
-0.0268282
-0.0180521
0.00261199
18700.6
18487.2
17770
16486.2
14546.9
12019.6
9099.32
6093.97
3354.77
1185.35
-241.19
-924.021
-1017.82
-765.095
-407.714
-115.345
43.1694
82.6956
58.1017
21.3854
-0.764478
-6.0977
-3.43631
-0.467913
0.449371
0.23101
-0.00839717
-0.0301463
-0.000710183
0.00175868
18430.6
17311.2
15808.4
13666.5
11011.5
8072.18
5163.39
2615.03
685.613
-505.911
-1004.13
-986.685
-692.85
-342.144
-76.1246
57.8229
83.7184
55.32
19.3899
-1.49105
-6.36294
-3.66024
-0.601593
0.459903
0.2936
0.0169682
-0.038436
-0.00729812
0.00353476
0.00015962
17293.4
14968.6
12748.6
9995.36
7080.41
4299.05
1955.17
261.259
-712.818
-1048.9
-939.977
-617.825
-279.373
-40.4956
69.9872
83.4082
51.8818
17.089
-2.29947
-6.58033
-3.81519
-0.708036
0.465001
0.35121
0.04695
-0.0431277
-0.0155912
0.00352451
0.00165833
-0.000335701
15086.7
11611.6
9017.97
6130.23
3507.76
1375.1
-92.1112
-868.308
-1064.37
-881.996
-542.308
-220.191
-8.49093
79.8228
81.8739
47.8287
14.5117
-3.15007
-6.71547
-3.88746
-0.789075
0.460306
0.402317
0.0816614
-0.0436695
-0.0251421
0.001644
0.00340509
-0.000114532
-0.000197247
11951.6
7769.92
5291.9
2783.58
875.907
-379.45
-978.468
-1056.16
-816.684
-468.404
-165.308
19.9413
87.6154
79.3387
43.2447
11.6583
-4.04806
-6.74815
-3.84969
-0.834217
0.439521
0.439003
0.119979
-0.0375619
-0.0348272
-0.00280058
0.00484202
0.000891051
-0.000525202
-1.44573e-05
8352.24
4142.12
2216.01
439.47
-602.551
-1049.66
-1029.27
-747.59
-398.023
-115.393
44.8642
93.7137
76.127
38.2865
8.53186
-5.04227
-6.69425
-3.67592
-0.815921
0.405144
0.4489
0.154974
-0.022412
-0.041276
-0.0099435
0.00471719
0.00256212
-0.000386179
-0.0003226
5.15601e-05
4898.14
1316.28
167.13
-787.563
-1083.28
-988.994
-677.63
-332.846
-71.0707
66.2953
98.4546
72.6228
33.1958
5.17809
-6.20223
-6.61595
-3.36373
-0.697095
0.377369
0.423649
0.172847
-0.000372946
-0.0396362
-0.0176466
0.00169927
0.00396854
0.000567559
-0.000553195
-0.000104869
4.94852e-05
2111.39
-428.359
-830.727
-1107.85
-934.495
-610.229
-274.032
-32.9207
84.1901
102.094
69.2052
28.2808
1.71379
-7.58068
-6.61156
-2.95198
-0.449534
0.393674
0.369371
0.158192
0.018658
-0.0272224
-0.0210836
-0.00396911
0.00344775
0.00204001
-0.000205575
-0.000394632
2.77674e-06
3.28505e-05
261.105
-1155.31
-1027.26
-892.046
-542.371
-223.521
-1.15534
98.4132
104.778
66.1819
23.8721
-1.66928
-9.17734
-6.78698
-2.52305
-0.0744693
0.4967
0.311865
0.103702
0.0187789
-0.00777161
-0.0150221
-0.00916841
-0.000136247
0.00273614
0.000926121
-0.000408929
-0.0002398
4.77911e-05
1.77793e-05
-671.459
-1161.24
-781.542
-495.276
-177.114
23.1182
109.059
106.459
63.7212
20.2495
-4.72939
-10.9148
-7.21595
-2.18509
0.385397
0.714601
0.291397
0.0186514
-0.0146769
0.00733198
0.00207439
-0.00865582
-0.00575074
0.00101554
0.00218131
0.000290805
-0.000452748
-0.00011338
6.44226e-05
5.1447e-06
-906.021
-808.218
-410.369
-151.395
43.0101
114.765
107.097
61.8908
17.7409
-7.13424
-12.6232
-7.92711
-2.06216
0.841406
1.04534
0.352078
-0.067994
-0.0863224
0.00216541
0.0247429
0.00201303
-0.00960971
-0.00364191
0.00209245
0.00160268
-0.000192486
-0.000392615
-5.80812e-06
5.89238e-05
-4.07486e-06
-767.249
-402.346
-108.455
52.033
123.145
109.015
61.9589
16.2448
-9.31528
-14.6445
-9.07486
-2.19979
1.28952
1.50745
0.525441
-0.133
-0.195374
-0.0362229
0.0442441
0.0243225
-0.00708103
-0.0100038
-0.000737513
0.00269909
0.000842862
-0.000484066
-0.000256523
6.29125e-05
3.96071e-05
-8.34451e-06
-347.996
-13.3664
83.6028
112.558
88.2345
42.359
5.32524
-12.7262
-13.9534
-7.3792
-0.979052
1.81334
1.60484
0.459192
-0.226283
-0.258855
-0.0544342
0.0563864
0.0399517
-0.00268787
-0.0135565
-0.0037739
0.00277842
0.00181283
-0.000267135
-0.00047669
-1.96049e-05
8.33682e-05
5.87329e-06
-7.3309e-06
)
;

boundaryField
{
    fixedWall_Bottom
    {
        type            greyDiffusiveRadiation;
        refValue        uniform 18049.5;
        refGradient     uniform 0;
        valueFraction   uniform 1;
        source          uniform 0;
        value           uniform 18049.5;
    }
    fixedWall_Right
    {
        type            greyDiffusiveRadiation;
        refValue        uniform 0;
        refGradient     uniform 0;
        valueFraction   uniform 1;
        source          uniform 0;
        value           uniform 0;
    }
    fixedWall_Left
    {
        type            greyDiffusiveRadiation;
        refValue        uniform 0;
        refGradient     uniform 0;
        valueFraction   uniform 0;
        source          uniform 0;
        value           nonuniform List<scalar> 
30
(
18049.5
18049.5
18049.5
18049.5
18049.5
18049.6
18049.5
18048.9
18049.2
18052.2
18055.3
18047.1
18018.7
17991.3
18031.2
18208.8
18500.8
18700.6
18430.6
17293.4
15086.7
11951.6
8352.24
4898.14
2111.39
261.105
-671.459
-906.021
-767.249
-347.996
)
;
    }
    fixedWall_Top
    {
        type            greyDiffusiveRadiation;
        refValue        uniform 0;
        refGradient     uniform 0;
        valueFraction   uniform 0;
        source          uniform 0;
        value           nonuniform List<scalar> 
30
(
-347.996
-13.3664
83.6028
112.558
88.2345
42.359
5.32524
-12.7262
-13.9534
-7.3792
-0.979052
1.81334
1.60484
0.459192
-0.226283
-0.258855
-0.0544342
0.0563864
0.0399517
-0.00268787
-0.0135565
-0.0037739
0.00277842
0.00181283
-0.000267135
-0.00047669
-1.96049e-05
8.33682e-05
5.87329e-06
-7.3309e-06
)
;
    }
    frontAndBack
    {
        type            empty;
    }
}


// ************************************************************************* //
