/*--------------------------------*- C++ -*----------------------------------*\
| =========                 |                                                 |
| \\      /  F ield         | OpenFOAM: The Open Source CFD Toolbox           |
|  \\    /   O peration     | Version:  2312                                  |
|   \\  /    A nd           | Website:  www.openfoam.com                      |
|    \\/     M anipulation  |                                                 |
\*---------------------------------------------------------------------------*/
FoamFile
{
    version     2.0;
    format      ascii;
    arch        "LSB;label=32;scalar=64";
    class       volScalarField;
    location    "0.06";
    object      ILambda_50_0;
}
// * * * * * * * * * * * * * * * * * * * * * * * * * * * * * * * * * * * * * //

dimensions      [1 0 -3 0 0 0 0];

internalField   nonuniform List<scalar> 
900
(
18051.5
18050
18047.9
18045
18041.1
18036.4
18031.2
18026
18021.8
18019.7
18021.6
18029.5
18045.8
18072.8
18112.8
18167
18234.7
18312.2
18391.3
18456.5
18482.9
18432.6
18250.9
17861.5
17161.6
16016.6
14255.4
11668
8015.32
3083.65
18028.4
18019.9
18017.3
18016.9
18021.7
18033.5
18054.5
18086.7
18131.4
18188.8
18257.2
18332.2
18405.4
18463.5
18487
18449.5
18316.9
18047.1
17591.5
16897.2
15910.9
14586
12892.2
10828.7
8441.92
5846.89
3252.72
987.277
-494.037
-673.378
18034.6
18066.8
18101.1
18148.2
18206.3
18273
18343.6
18409.8
18459.5
18476
18437.6
18317.5
18084.8
17704.9
17142.3
16363.2
15339.4
14053.8
12505.4
10715.5
8733.29
6639.05
4545.14
2591.35
932.906
-281.531
-944.338
-1036.19
-679.098
-163.248
18235.6
18337.8
18393
18443.5
18464.7
18441.2
18351.2
18170.2
17871.4
17427.1
16810.7
15999.5
14977.8
13740
12294.2
10665.1
8895.72
7047.85
5200.25
3444.03
1874.89
582.325
-363.699
-927.147
-1118.76
-1003.49
-697.21
-346.694
-88.5063
8.94023
18443.1
18387.6
18252.4
18027.7
17683.3
17199.1
16553.9
15732.1
14724.5
13531.1
12162.9
10644
9011.69
7316.34
5619.29
3989.22
2496.88
1208.45
177.97
-560.16
-997.542
-1155.51
-1084.8
-859.983
-568.072
-292.258
-93.4326
5.12473
22.3032
5.19546
17690
16976
16352.4
15523.4
14534.9
13380.8
12074.6
10638.5
9105.35
7517.71
5926.08
4386.1
2954.67
1685.31
623.109
-200.171
-770.155
-1092.43
-1192.92
-1115.56
-917.195
-659.977
-402.2
-189.218
-46.4237
23.5241
37.6139
23.4297
6.52915
-0.383333
14847
13170.9
12031.6
10637.6
9185.97
7679.43
6167.99
4697.3
3315.57
2068.2
994.389
123.573
-527.609
-957.299
-1179.03
-1220.65
-1121.57
-928.377
-689.353
-448.612
-240.732
-86.9235
6.40194
46.1761
48.4748
32.5005
14.4202
3.11546
-0.481614
-0.226974
9937.02
7662.19
6401.76
4945.36
3614.44
2386.99
1311.36
412.024
-292.945
-797.742
-1108.67
-1243.88
-1231.73
-1107.98
-912.14
-683.38
-456.454
-258.301
-105.809
-5.13758
47.2422
61.962
53.1529
34.6298
16.7907
5.01247
-0.101249
-0.911606
-0.319073
0.0221995
4524.08
2500.76
1624.87
660.919
-70.2922
-632.418
-1010.63
-1220.59
-1282.19
-1223.51
-1076.95
-876.592
-654.91
-439.911
-252.842
-106.863
-6.84235
49.7174
70.8137
67.4757
51.1624
31.5307
15.0072
4.40439
-0.463809
-1.50356
-0.929421
-0.253473
0.0122999
0.0126298
541.477
-578.268
-871.801
-1177.64
-1292.07
-1293.85
-1195.64
-1030.29
-826.393
-611.255
-407.572
-232.178
-95.183
-0.0189653
55.7038
78.6963
78.1152
63.645
43.8508
25.0489
10.8311
2.24508
-1.51448
-2.16595
-1.45972
-0.605534
-0.11271
0.0274641
0.0164561
-0.00104482
-1169.3
-1371.94
-1267.52
-1154
-968.939
-764.922
-556.741
-364.857
-201.801
-75.2223
12.807
64.8211
86.8114
86.742
73.0444
53.3165
33.4176
17.0487
5.80352
-0.413146
-2.75414
-2.76125
-1.81988
-0.846468
-0.233868
0.00890665
0.0411925
0.0148646
-0.000357127
-0.00071848
-1156.77
-890.247
-694.995
-495.25
-314.746
-165.153
-50.0389
29.2223
75.7454
94.9887
94.0052
80.1947
60.3217
39.7587
22.0929
9.10618
1.06598
-2.79397
-3.74644
-3.11377
-1.95487
-0.922255
-0.274155
0.00786232
0.0654024
0.0392658
0.0100988
-0.000743521
-0.000930943
4.67752e-05
-525.925
-237.971
-129.618
-20.3021
47.8325
87.614
102.691
99.7483
85.2792
65.1847
44.2454
25.7951
11.6639
2.3413
-2.67893
-4.46944
-4.2598
-3.13091
-1.85026
-0.83815
-0.225574
0.0422577
0.0974124
0.0658795
0.025558
0.00392757
-0.00150159
-0.000827625
-2.58742e-06
3.99801e-05
-42.8463
83.546
96.1383
111.329
103.93
88.3943
67.8067
46.7819
28.0889
13.3953
3.25721
-2.62392
-5.1074
-5.29671
-4.25908
-2.83245
-1.54386
-0.628474
-0.109991
0.102519
0.133817
0.0909771
0.0408476
0.0101299
-0.000964518
-0.00193637
-0.000625536
2.05833e-05
4.76829e-05
-2.34867e-06
111.748
111.94
88.8398
69.2069
47.1968
28.7184
13.9601
3.62136
-2.67558
-5.63527
-6.19767
-5.31894
-3.82521
-2.31339
-1.1194
-0.350138
0.0417891
0.173439
0.16557
0.107875
0.0512632
0.0151953
-0.00027441
-0.00322352
-0.00177489
-0.00035965
7.37495e-05
4.32723e-05
-3.38982e-06
-1.47553e-06
80.0236
44.8187
28.1964
13.2273
2.95654
-3.20419
-6.21952
-6.90469
-6.15644
-4.69628
-3.08359
-1.68201
-0.670136
-0.0718774
0.191303
0.240408
0.188553
0.113204
0.0524029
0.0159478
-0.000309873
-0.00436379
-0.00320393
-0.00120711
-0.000106084
0.00012135
4.22772e-05
-7.77565e-06
-3.97576e-06
1.00011e-06
20.3741
-0.861391
-3.93059
-7.44482
-7.74147
-6.86559
-5.32711
-3.65953
-2.17367
-1.02543
-0.261495
0.152522
0.30043
0.285169
0.200177
0.110042
0.0453763
0.0105314
-0.00302884
-0.00560316
-0.00415235
-0.00206074
-0.000583753
5.7086e-05
0.00013708
4.29788e-05
-9.51528e-06
-7.24944e-06
1.03051e-06
4.8302e-07
-6.70561
-10.0301
-7.53564
-6.09398
-4.06069
-2.4675
-1.23523
-0.409962
0.0766528
0.302549
0.349032
0.291632
0.193811
0.100746
0.0356557
0.00202415
-0.00876689
-0.00830246
-0.00493673
-0.00227286
-0.000822701
-0.000146024
0.000105134
0.000115469
4.112e-05
-6.67872e-06
-9.57023e-06
-4.76976e-07
1.37986e-06
-5.95102e-08
-7.92165
-4.65304
-2.72324
-1.35066
-0.38582
0.108149
0.336175
0.38522
0.342198
0.257327
0.16383
0.0828242
0.0259073
-0.0046348
-0.0142432
-0.0121224
-0.00661945
-0.00240907
-0.000494396
-1.93623e-06
5.11771e-05
6.89953e-05
7.04709e-05
3.51919e-05
-5.82503e-07
-9.35233e-06
-2.65433e-06
1.33052e-06
5.37733e-07
-1.59085e-07
-2.60253
-0.115443
0.195032
0.507615
0.512754
0.417541
0.300974
0.195294
0.113371
0.0537818
0.0140605
-0.00817288
-0.0160445
-0.0143461
-0.0086273
-0.00328833
-0.000310105
0.00051784
0.000342705
7.65383e-05
1.44463e-06
2.25288e-05
2.67264e-05
6.20106e-06
-6.58982e-06
-4.30791e-06
4.13428e-07
9.73758e-07
1.509e-08
-9.35198e-08
0.340276
0.876585
0.561089
0.428487
0.243835
0.126013
0.0542778
0.0165262
-0.00217125
-0.0111677
-0.0142496
-0.0129749
-0.00894134
-0.00428516
-0.00083562
0.00071559
0.000817588
0.00037261
2.89236e-05
-5.55928e-05
-1.35184e-05
1.81479e-05
1.1472e-05
-2.49261e-06
-4.76361e-06
-8.34838e-07
9.5876e-07
3.43516e-07
-1.30558e-07
-2.40648e-08
0.682144
0.402885
0.179762
0.0705146
-0.00118578
-0.0206462
-0.0215833
-0.0161655
-0.0116372
-0.00882085
-0.00651091
-0.00395998
-0.00146657
0.000261826
0.000897252
0.000715574
0.000273816
-2.11642e-05
-8.41187e-05
-3.27766e-05
1.10536e-05
1.41463e-05
1.4586e-06
-4.07546e-06
-1.84705e-06
5.48433e-07
5.74591e-07
-1.41309e-08
-9.50493e-08
7.47045e-09
0.253082
-0.00316855
-0.0355689
-0.0500244
-0.0401822
-0.0229241
-0.0107028
-0.00436904
-0.00232187
-0.00178464
-0.00118495
-0.000299559
0.000435287
0.000680299
0.00049141
0.00016623
-4.52756e-05
-8.59434e-05
-3.7962e-05
5.85859e-06
1.42475e-05
4.25555e-06
-2.74583e-06
-2.32539e-06
-1.33486e-08
6.01617e-07
1.46987e-07
-9.58328e-08
-3.15167e-08
1.08792e-08
-0.0153853
-0.0843323
-0.0476908
-0.0306015
-0.0116912
-0.00158274
0.0016693
0.00139579
0.000284016
-0.000249553
-0.000109933
0.000236985
0.00039632
0.000297636
9.56735e-05
-4.44221e-05
-7.19525e-05
-3.47767e-05
2.2794e-06
1.24989e-05
5.59406e-06
-1.33069e-06
-2.27772e-06
-4.91696e-07
4.58029e-07
2.60644e-07
-4.17172e-08
-5.86851e-08
1.62588e-09
5.3018e-09
-0.0565385
-0.0378654
-0.0116757
-0.0016006
0.00424158
0.00419466
0.00231946
0.000572631
-0.000236397
-0.000252542
1.77406e-05
0.000194095
0.000177558
6.20995e-05
-3.09414e-05
-5.31301e-05
-2.83547e-05
-1.09668e-07
9.8422e-06
5.7057e-06
-1.96412e-07
-1.88829e-06
-7.66715e-07
2.41346e-07
2.91557e-07
2.73154e-08
-5.87008e-08
-1.56478e-08
7.79345e-09
9.83611e-10
-0.0239663
-0.000524468
0.00491578
0.00556444
0.00411138
0.00173353
0.000160046
-0.000445388
-0.000376445
-9.52231e-05
9.36598e-05
0.000117615
4.95008e-05
-1.61584e-05
-3.63591e-05
-2.18175e-05
-1.6114e-06
7.08286e-06
5.05154e-06
5.2615e-07
-1.37077e-06
-8.34692e-07
4.05355e-08
2.53623e-07
7.88366e-08
-3.83151e-08
-2.6864e-08
2.52511e-09
4.37707e-09
-4.63692e-10
-0.000859474
0.00738571
0.00463651
0.00273485
0.000827523
-0.000283827
-0.000557446
-0.000383262
-0.000108042
6.07507e-05
9.0041e-05
4.35412e-05
-5.87514e-06
-2.41669e-05
-1.64108e-05
-2.40147e-06
4.72539e-06
4.07509e-06
8.7175e-07
-8.81734e-07
-7.57293e-07
-9.72951e-08
1.81624e-07
1.00596e-07
-1.18625e-08
-2.7966e-08
-4.40093e-09
4.48599e-09
1.09745e-09
-4.58098e-10
0.00401322
0.00375701
0.00119379
0.000128379
-0.000492777
-0.000525714
-0.000302273
-7.03476e-05
5.62194e-05
7.38577e-05
3.70364e-05
-9.80486e-07
-1.62949e-05
-1.22624e-05
-2.61747e-06
2.96846e-06
3.08221e-06
9.47389e-07
-4.99238e-07
-6.09396e-07
-1.65084e-07
1.07123e-07
9.67946e-08
9.51535e-09
-2.16857e-08
-8.96429e-09
2.39574e-09
2.11896e-09
-1.52612e-10
-1.81381e-10
0.00214668
0.000484687
-0.000335015
-0.000480368
-0.00040946
-0.00019643
-2.41691e-05
5.64909e-05
5.99451e-05
2.89394e-05
1.19038e-07
-1.15532e-05
-9.18676e-06
-2.44418e-06
1.80703e-06
2.24878e-06
8.74647e-07
-2.40483e-07
-4.52472e-07
-1.80476e-07
4.8225e-08
7.90272e-08
2.16698e-08
-1.28248e-08
-1.01717e-08
-1.45884e-10
2.11836e-09
4.27193e-10
-2.7202e-10
-2.56189e-11
0.00016312
-0.000469462
-0.000345899
-0.000202662
-6.32593e-05
2.703e-05
5.19664e-05
3.8104e-05
1.34471e-05
-3.61742e-06
-8.49194e-06
-5.5465e-06
-1.04346e-06
1.38431e-06
1.44231e-06
5.11742e-07
-1.81077e-07
-3.01209e-07
-1.22978e-07
2.90242e-08
5.47657e-08
1.83781e-08
-7.46505e-09
-8.07232e-09
-1.04559e-09
1.56016e-09
6.25492e-10
-1.65851e-10
-1.11021e-10
1.95821e-11
)
;

boundaryField
{
    fixedWall_Bottom
    {
        type            greyDiffusiveRadiation;
        refValue        uniform 18049.5;
        refGradient     uniform 0;
        valueFraction   uniform 1;
        source          uniform 0;
        value           uniform 18049.5;
    }
    fixedWall_Right
    {
        type            greyDiffusiveRadiation;
        refValue        uniform 0;
        refGradient     uniform 0;
        valueFraction   uniform 1;
        source          uniform 0;
        value           uniform 0;
    }
    fixedWall_Left
    {
        type            greyDiffusiveRadiation;
        refValue        uniform 0;
        refGradient     uniform 0;
        valueFraction   uniform 0;
        source          uniform 0;
        value           nonuniform List<scalar> 
30
(
18051.5
18028.4
18034.6
18235.6
18443.1
17690
14847
9937.02
4524.08
541.477
-1169.3
-1156.77
-525.925
-42.8463
111.748
80.0236
20.3741
-6.70561
-7.92165
-2.60253
0.340276
0.682144
0.253082
-0.0153853
-0.0565385
-0.0239663
-0.000859474
0.00401322
0.00214668
0.00016312
)
;
    }
    fixedWall_Top
    {
        type            greyDiffusiveRadiation;
        refValue        uniform 0;
        refGradient     uniform 0;
        valueFraction   uniform 0;
        source          uniform 0;
        value           nonuniform List<scalar> 
30
(
0.00016312
-0.000469462
-0.000345899
-0.000202662
-6.32593e-05
2.703e-05
5.19664e-05
3.8104e-05
1.34471e-05
-3.61742e-06
-8.49194e-06
-5.5465e-06
-1.04346e-06
1.38431e-06
1.44231e-06
5.11742e-07
-1.81077e-07
-3.01209e-07
-1.22978e-07
2.90242e-08
5.47657e-08
1.83781e-08
-7.46505e-09
-8.07232e-09
-1.04559e-09
1.56016e-09
6.25492e-10
-1.65851e-10
-1.11021e-10
1.95821e-11
)
;
    }
    frontAndBack
    {
        type            empty;
    }
}


// ************************************************************************* //
