/*--------------------------------*- C++ -*----------------------------------*\
| =========                 |                                                 |
| \\      /  F ield         | OpenFOAM: The Open Source CFD Toolbox           |
|  \\    /   O peration     | Version:  2312                                  |
|   \\  /    A nd           | Website:  www.openfoam.com                      |
|    \\/     M anipulation  |                                                 |
\*---------------------------------------------------------------------------*/
FoamFile
{
    version     2.0;
    format      ascii;
    arch        "LSB;label=32;scalar=64";
    class       volScalarField;
    location    "0.06";
    object      ILambda_14_0;
}
// * * * * * * * * * * * * * * * * * * * * * * * * * * * * * * * * * * * * * //

dimensions      [1 0 -3 0 0 0 0];

internalField   nonuniform List<scalar> 
900
(
1900.23
5229.13
8031.93
10350.7
12246
13777.6
15000.2
15962.9
16708.8
17275.6
17696.2
17998.6
18207.1
18341.9
18419.9
18455.4
18459.8
18442.5
18410.8
18370.5
18326.1
18280.8
18237
18196.3
18159.7
18127.7
18100.6
18078
18061.1
18041.7
-507.765
-889.769
-633.208
132.507
1266.15
2643.28
4161.11
5737.54
7308.81
8826.96
10257.4
11576.8
12770.8
13832.6
14761.1
15559.7
16234.9
16795.7
17252.3
17616
17898.1
18109.8
18261.9
18364.5
18426.6
18456.6
18462.1
18447.3
18426.8
18366.6
-60.5799
-329.524
-663.39
-952.923
-1112.7
-1088.56
-853.959
-404.131
249.632
1084.91
2072.27
3178.56
4369.51
5611.69
6873.9
8128.22
9350.51
10520.8
11623.2
12645.9
13580.8
14423.4
15171.9
15827.2
16392.3
16871.8
17271
17600.3
17845.7
18130.8
6.139
-3.16083
-66.0364
-195.544
-383.277
-605.206
-828.713
-1018.56
-1141.35
-1168.46
-1077.88
-854.956
-492.509
9.65182
645.524
1403.94
2269.73
3224.8
4249.33
5322.69
6424.36
7534.67
8635.37
9710.12
10744.5
11727.8
12645.4
13514.8
14215.5
15285.8
0.828116
9.05326
20.2345
23.5057
5.59089
-44.7822
-133.966
-262.047
-422.768
-604.32
-790.664
-963.095
-1101.84
-1187.55
-1202.55
-1131.86
-963.897
-690.904
-309.11
181.322
776.546
1469.43
2250.05
3106.37
4024.16
4991.03
5981.3
7026.54
7906.69
9507.15
-0.155077
0.549209
4.38962
12.629
24.2711
35.6769
41.0644
33.5516
6.39672
-45.8243
-126.271
-235.208
-369.718
-523.747
-688.416
-852.563
-1003.41
-1127.33
-1210.56
-1239.97
-1203.73
-1091.8
-896.42
-612.214
-237.224
231.176
778.831
1448.94
2034.66
3347.96
-0.00831811
-0.193355
-0.317492
0.411404
3.13446
8.86172
17.9393
29.6416
41.9871
51.8028
55.0107
47.0786
23.5635
-19.3275
-84.2249
-172.184
-282.399
-412.06
-556.352
-708.596
-860.508
-1002.56
-1124.46
-1215.44
-1265.5
-1262.89
-1206.01
-1059.33
-923.023
-397.767
0.00544589
-0.0128249
-0.148707
-0.444393
-0.760869
-0.695495
0.397102
3.27627
8.60912
16.7343
27.4453
39.8375
52.2479
62.2997
67.0472
63.2015
47.4136
16.5914
-31.7758
-99.3117
-186.494
-292.46
-414.924
-550.095
-693.031
-836.85
-975.99
-1097.55
-1203.63
-1278.08
7.40392e-05
0.00488979
0.00278268
-0.0490069
-0.214616
-0.539323
-0.991518
-1.40885
-1.47014
-0.708192
1.43111
5.48889
11.868
20.7027
31.7425
44.2671
57.0416
68.3227
75.9203
77.3166
69.8349
50.8476
17.9965
-30.5878
-96.0594
-178.985
-277.495
-396.161
-503.485
-722.975
-0.000168629
0.000158122
0.00401111
0.0113135
0.0101292
-0.0301123
-0.156664
-0.419048
-0.842848
-1.39693
-1.96298
-2.31705
-2.13071
-0.994738
1.53566
5.87701
12.3397
21.0427
31.8302
44.203
57.277
69.7765
80.0725
86.2293
86.2155
77.5031
59.4
24.2178
-7.50308
-120.376
2.81412e-06
-0.00015544
-5.84633e-05
0.00203355
0.00857617
0.019884
0.02942
0.0190272
-0.0430987
-0.198888
-0.489929
-0.941024
-1.54069
-2.22218
-2.84823
-3.20278
-2.9932
-1.86676
0.556343
4.63447
10.6455
18.7241
28.8098
40.5864
53.5225
66.5966
79.2317
88.2064
97.3046
89.9351
5.22199e-06
-1.37958e-06
-0.000110888
-0.00025928
0.00021621
0.00295376
0.010322
0.0239981
0.0422434
0.056562
0.0490967
-0.00787235
-0.149526
-0.412932
-0.828167
-1.40612
-2.12375
-2.90897
-3.62887
-4.0854
-4.02116
-3.13645
-1.11329
2.34858
7.51271
14.5436
23.4639
34.5873
45.2069
66.6637
-2.34324e-08
4.55969e-06
1.98576e-06
-6.19564e-05
-0.000257455
-0.000506597
-0.000257487
0.00184484
0.0079442
0.0202961
0.0398916
0.0646404
0.0874377
0.0943817
0.0635419
-0.0349164
-0.236106
-0.574394
-1.07407
-1.73806
-2.53699
-3.4009
-4.2149
-4.81798
-5.0136
-4.52992
-3.24856
-0.259832
2.30917
13.5567
-5.10908e-08
1.14602e-07
2.28404e-06
5.56427e-06
-1.40838e-05
-0.00012888
-0.000433415
-0.000906752
-0.00117911
-0.000321377
0.00320983
0.0114134
0.0263472
0.0493866
0.0799496
0.113642
0.140178
0.14189
0.0937632
-0.0344132
-0.273893
-0.651524
-1.18433
-1.8726
-2.70207
-3.60817
-4.58205
-5.28655
-6.18623
-5.46526
3.83447e-09
9.04906e-08
-2.19219e-07
5.18646e-07
6.5639e-06
1.34004e-05
-1.6592e-05
-0.000165543
-0.000526211
-0.00112068
-0.00179937
-0.00213259
-0.00127112
0.0022216
0.0104458
0.0259108
0.0507354
0.0853103
0.126738
0.167556
0.195167
0.192138
0.136914
0.00558509
-0.229302
-0.590772
-1.10655
-1.8141
-2.53322
-4.20537
-2.39332e-08
8.53923e-08
1.25907e-07
-5.18056e-07
-6.09177e-07
4.58934e-06
1.78631e-05
2.72457e-05
-3.45517e-06
-0.000131645
-0.000426318
-0.000960865
-0.00179025
-0.0028624
-0.00382845
-0.00379753
-0.00117821
0.00622475
0.0207778
0.0443314
0.0774793
0.118981
0.16533
0.210471
0.245347
0.254513
0.229934
0.0968015
0.0124265
-0.720142
-1.34481e-08
-4.7659e-09
1.30203e-07
7.90162e-08
-6.34336e-07
-1.10377e-06
1.86265e-06
1.12383e-05
2.51709e-05
3.51827e-05
2.71285e-05
-2.4929e-05
-0.000180182
-0.000554559
-0.00130751
-0.00255455
-0.00420905
-0.00581432
-0.00645532
-0.00480777
0.00069503
0.0116714
0.0296798
0.05611
0.0925673
0.138294
0.198088
0.250763
0.332831
0.336668
-1.45767e-09
-1.94453e-08
2.15992e-08
1.27158e-07
1.57509e-08
-5.74283e-07
-1.03906e-06
2.22269e-07
4.41408e-06
1.1275e-05
2.11153e-05
3.82098e-05
6.72601e-05
9.54545e-05
6.5336e-05
-0.000140235
-0.000676452
-0.00167179
-0.00314347
-0.00493482
-0.00670407
-0.00795436
-0.00803624
-0.0061178
-0.000799082
0.00951773
0.0281956
0.0594299
0.0937027
0.203286
1.5429e-09
-7.85044e-09
-1.23659e-08
3.60766e-08
9.68651e-08
-2.76933e-08
-4.2396e-07
-6.83624e-07
-1.58247e-07
1.07837e-06
2.12298e-06
3.73701e-06
1.22115e-05
3.94067e-05
9.37598e-05
0.000163441
0.000201646
0.000127055
-0.000155389
-0.000723541
-0.00161814
-0.00285197
-0.00443773
-0.00641648
-0.00878806
-0.0112888
-0.0138458
-0.0119842
-0.0150398
0.0194359
9.37743e-10
-6.14155e-10
-8.7772e-09
-3.3806e-09
3.72219e-08
6.14768e-08
-4.70887e-08
-2.74338e-07
-3.27878e-07
3.66857e-08
3.2483e-07
-7.15416e-07
-3.37777e-06
-4.14156e-06
5.54951e-06
3.58599e-05
9.04974e-05
0.000158566
0.000212926
0.000218115
0.000142771
-3.62118e-05
-0.000349698
-0.000873351
-0.00178926
-0.00328729
-0.00601331
-0.00910594
-0.0149585
-0.0193728
2.07591e-10
8.57375e-10
-2.16576e-09
-6.733e-09
2.66837e-09
3.06884e-08
3.30622e-08
-5.05548e-08
-1.69255e-07
-1.11188e-07
2.39774e-07
4.45171e-07
-5.53079e-07
-3.50595e-06
-7.18473e-06
-7.33697e-06
2.13962e-06
2.56371e-05
6.2079e-05
0.000104502
0.000145073
0.000183301
0.000229932
0.000299877
0.000374281
0.000397413
0.000130985
-0.000736317
-0.00186641
-0.00786514
-3.47567e-11
4.66512e-10
2.55033e-10
-2.52317e-09
-4.05559e-09
5.16473e-09
2.20667e-08
1.47975e-08
-4.53964e-08
-1.07578e-07
-2.57033e-08
2.7834e-07
5.39403e-07
7.57545e-08
-1.76635e-06
-4.74748e-06
-7.11963e-06
-6.09116e-06
4.54749e-07
1.20582e-05
2.5599e-05
3.86731e-05
5.57562e-05
9.46628e-05
0.00018401
0.000352916
0.000628079
0.000811192
0.00135934
0.000107416
-4.16562e-11
9.10363e-11
3.94961e-10
-1.96786e-10
-2.13055e-09
-1.95895e-09
5.26707e-09
1.45201e-08
5.15301e-09
-3.61033e-08
-7.18316e-08
-9.0559e-09
2.09121e-07
4.5161e-07
3.4563e-07
-5.16191e-07
-2.1433e-06
-3.81806e-06
-4.31942e-06
-2.86796e-06
-3.21951e-07
4.83967e-07
-3.62764e-06
-1.20878e-05
-1.50698e-05
6.06508e-06
9.84128e-05
0.000240926
0.000571927
0.000958064
-1.34029e-11
-1.8428e-11
1.34464e-10
2.34275e-10
-3.80104e-10
-1.50781e-09
-7.02638e-10
4.28246e-09
9.03765e-09
1.09161e-09
-2.5801e-08
-4.83354e-08
-1.18687e-08
1.21533e-07
2.93413e-07
3.1596e-07
-2.95914e-08
-7.7032e-07
-1.55269e-06
-1.73416e-06
-9.05557e-07
3.14718e-07
-2.5478e-07
-5.95754e-06
-1.89863e-05
-3.88343e-05
-5.30708e-05
-4.55099e-05
-1.87706e-05
0.000257098
-8.09364e-13
-1.79165e-11
9.1072e-12
1.18927e-10
1.00726e-10
-3.78159e-10
-9.51254e-10
-1.02074e-10
3.06527e-09
5.44376e-09
-1.16937e-10
-1.6711e-08
-3.12413e-08
-1.35535e-08
5.92664e-08
1.61726e-07
2.00063e-07
5.87577e-08
-2.8123e-07
-6.22729e-07
-5.62004e-07
2.59574e-07
1.68174e-06
2.50973e-06
5.00491e-07
-7.2607e-06
-2.30092e-05
-4.00801e-05
-7.6398e-05
-3.6998e-05
1.09631e-12
-5.16078e-12
-1.10404e-11
2.13125e-11
8.30375e-11
2.29907e-11
-2.96875e-10
-5.54852e-10
1.1188e-10
2.01335e-09
3.21387e-09
-2.2671e-10
-9.92908e-09
-1.89948e-08
-1.14068e-08
2.59771e-08
8.20348e-08
1.08639e-07
4.06338e-08
-1.42612e-07
-3.40892e-07
-3.05969e-07
2.67069e-07
1.49306e-06
2.97546e-06
3.63496e-06
1.0838e-06
-4.5838e-06
-2.01138e-05
-4.00283e-05
5.09889e-13
-1.96174e-13
-5.22806e-12
-4.15885e-12
2.15361e-11
4.99118e-11
-1.04053e-11
-2.04081e-10
-3.07218e-10
1.44267e-10
1.23986e-09
1.86785e-09
-8.14217e-11
-5.50197e-09
-1.09169e-08
-7.95398e-09
1.09409e-08
4.13794e-08
5.85488e-08
2.38236e-08
-8.57131e-08
-2.32488e-07
-2.85302e-07
-3.68904e-08
6.90315e-07
1.92644e-06
3.1339e-06
3.66248e-06
2.92659e-06
-7.87993e-06
9.1767e-14
4.18929e-13
-9.16382e-13
-3.68785e-12
-1.62684e-13
1.66223e-11
2.69459e-11
-1.88167e-11
-1.28632e-10
-1.6497e-10
1.13042e-10
7.25066e-10
1.06912e-09
3.66365e-11
-2.89296e-09
-6.04249e-09
-5.07118e-09
4.47818e-09
2.15321e-08
3.40181e-08
1.96247e-08
-4.19162e-08
-1.4555e-07
-2.35853e-07
-2.03035e-07
1.01998e-07
7.75581e-07
1.63959e-06
3.21351e-06
1.91165e-06
-1.10965e-14
1.74617e-13
1.38718e-13
-9.88152e-13
-2.11175e-12
1.37307e-12
1.10927e-11
1.34175e-11
-1.67771e-11
-7.64656e-11
-8.74587e-11
7.29047e-11
4.07451e-10
6.04076e-10
8.57921e-11
-1.46602e-09
-3.29118e-09
-3.17401e-09
1.53972e-09
1.1222e-08
2.07023e-08
1.81676e-08
-1.07735e-08
-7.23787e-08
-1.51211e-07
-1.99376e-07
-1.24972e-07
8.9805e-08
7.07721e-07
1.42116e-06
-1.25922e-14
2.00838e-14
1.36425e-13
2.63909e-14
-6.98774e-13
-1.21912e-12
9.54047e-13
6.43069e-12
7.97614e-12
-7.66474e-12
-4.08952e-11
-5.49716e-11
1.57658e-11
1.93749e-10
3.54179e-10
2.05831e-10
-5.14055e-10
-1.63896e-09
-2.22793e-09
-7.28635e-10
4.00382e-09
1.09957e-08
1.56461e-08
9.91119e-09
-1.44997e-08
-6.10868e-08
-1.15013e-07
-1.55896e-07
-1.52608e-07
1.62696e-07
)
;

boundaryField
{
    fixedWall_Bottom
    {
        type            greyDiffusiveRadiation;
        refValue        uniform 18049.5;
        refGradient     uniform 0;
        valueFraction   uniform 1;
        source          uniform 0;
        value           uniform 18049.5;
    }
    fixedWall_Right
    {
        type            greyDiffusiveRadiation;
        refValue        uniform 0;
        refGradient     uniform 0;
        valueFraction   uniform 0;
        source          uniform 0;
        value           nonuniform List<scalar> 
30
(
18041.7
18366.6
18130.8
15285.8
9507.15
3347.96
-397.767
-1278.08
-722.975
-120.376
89.9351
66.6637
13.5567
-5.46526
-4.20537
-0.720142
0.336668
0.203286
0.0194359
-0.0193728
-0.00786514
0.000107416
0.000958064
0.000257098
-3.6998e-05
-4.00283e-05
-7.87993e-06
1.91165e-06
1.42116e-06
1.62696e-07
)
;
    }
    fixedWall_Left
    {
        type            greyDiffusiveRadiation;
        refValue        uniform 0;
        refGradient     uniform 0;
        valueFraction   uniform 1;
        source          uniform 0;
        value           uniform 0;
    }
    fixedWall_Top
    {
        type            greyDiffusiveRadiation;
        refValue        uniform 0;
        refGradient     uniform 0;
        valueFraction   uniform 0;
        source          uniform 0;
        value           nonuniform List<scalar> 
30
(
-1.25922e-14
2.00838e-14
1.36425e-13
2.63909e-14
-6.98774e-13
-1.21912e-12
9.54047e-13
6.43069e-12
7.97614e-12
-7.66474e-12
-4.08952e-11
-5.49716e-11
1.57658e-11
1.93749e-10
3.54179e-10
2.05831e-10
-5.14055e-10
-1.63896e-09
-2.22793e-09
-7.28635e-10
4.00382e-09
1.09957e-08
1.56461e-08
9.91119e-09
-1.44997e-08
-6.10868e-08
-1.15013e-07
-1.55896e-07
-1.52608e-07
1.62696e-07
)
;
    }
    frontAndBack
    {
        type            empty;
    }
}


// ************************************************************************* //
