/*--------------------------------*- C++ -*----------------------------------*\
| =========                 |                                                 |
| \\      /  F ield         | OpenFOAM: The Open Source CFD Toolbox           |
|  \\    /   O peration     | Version:  2312                                  |
|   \\  /    A nd           | Website:  www.openfoam.com                      |
|    \\/     M anipulation  |                                                 |
\*---------------------------------------------------------------------------*/
FoamFile
{
    version     2.0;
    format      ascii;
    arch        "LSB;label=32;scalar=64";
    class       volScalarField;
    location    "0.06";
    object      ILambda_52_0;
}
// * * * * * * * * * * * * * * * * * * * * * * * * * * * * * * * * * * * * * //

dimensions      [1 0 -3 0 0 0 0];

internalField   nonuniform List<scalar> 
900
(
18049.5
18049.5
18049.5
18049.4
18049.3
18049.2
18049.1
18049.2
18049.4
18049.9
18050.8
18051.9
18052.7
18052.6
18050.3
18044.8
18035.6
18024
18014.4
18016.1
18043.5
18113.6
18238
18405.3
18548.3
18494.4
17894.4
16141.3
12317.8
5319.15
18049.4
18049.2
18049.1
18049
18049.2
18049.8
18050.7
18052
18053.1
18053.5
18051.9
18047.2
18038.4
18026.1
18013.6
18008
18021
18067.7
18161.2
18303.3
18467.2
18576.4
18481.5
17947.9
16670.3
14343.1
10814.2
6344.02
1927.12
-574.634
18049
18049.3
18049.9
18050.9
18052.3
18053.4
18053.7
18051.9
18046.8
18037.7
18025.2
18012.6
18006.6
18018.1
18060.5
18145.6
18275.8
18431.4
18556.3
18543.6
18230.5
17410.1
15872.2
13476.9
10258.1
6523.84
2896.94
200.218
-900.425
-459.906
18050.4
18052.3
18053.4
18053.8
18052.3
18047.7
18039.3
18027.4
18014.6
18006.6
18012.7
18044.8
18114.3
18226.5
18370.8
18510
18569.5
18431.7
17941.6
16929.2
15253.2
12860.5
9849.78
6511.37
3310.47
782.259
-662.564
-963.489
-527.173
-46.8555
18053.5
18053
18049.2
18041.9
18031.1
18018.5
18008.4
18008.6
18029.4
18081.7
18173.1
18300.7
18442.4
18548.1
18533.1
18279.3
17646.2
16497.8
14740.7
12371
9512.31
6429.58
3498.01
1118.8
-406.206
-999.198
-864.161
-414.209
-61.1682
25.6198
18047.3
18035
18023.5
18012.1
18007.4
18017.9
18053.9
18124.2
18231.2
18364.2
18491.5
18554.1
18462.9
18104.2
17354
16104.4
14296.8
11956.6
9217.16
6319.9
3580.99
1323.27
-212.863
-950.598
-1012.05
-678.019
-272.83
-21.4271
36.8338
7.25693
18022.5
18007.8
18011.5
18033.2
18083.8
18168.9
18285.6
18415.8
18520.5
18534.7
18368.9
17916.1
17068.3
15740.8
13900.4
11591.4
8949.76
6196.79
3606.61
1450.24
-71.8537
-887.745
-1078.32
-851.297
-467.009
-142.689
19.9521
43.5371
14.5601
-1.4124
18015.7
18053.1
18117.3
18213.4
18334.3
18455.3
18531.6
18495.1
18257.7
17720.4
16790
15400.8
13538.8
11260.8
8702.03
6066.63
3597.13
1527.53
29.9498
-829.226
-1107.29
-966.779
-622.825
-273.587
-41.5015
48.5209
44.7633
15.0324
-0.666953
-0.951413
18119
18261.7
18375.7
18483.3
18527.2
18439.2
18133.8
17520.4
16519.1
15080.1
13204.1
10956
8469.09
5932.71
3564.64
1570.93
102.407
-779.928
-1118.73
-1046.36
-745.181
-394.048
-120.129
25.7571
61.5021
40.4303
12.1065
-1.01783
-1.65471
0.00343028
18358.5
18512
18506.9
18370.2
18000
17318
16255.3
14775.5
12890.6
10671.3
8247.81
5796.87
3516.3
1590.15
152.541
-740.507
-1122.06
-1103.22
-841.792
-499.512
-201.79
-13.4362
61.9598
61.3975
32.2457
7.65669
-1.9906
-1.96274
-0.239476
0.107364
18486.8
18294.1
17856.7
17114.8
15997.7
14484.3
12594.4
10402.7
8036.05
5660.27
3456.65
1591.51
185.378
-710.279
-1122.02
-1145.34
-919.099
-590.378
-280.19
-60.6736
49.7909
73.9213
52.5937
22.4359
3.08017
-2.97794
-2.06436
-0.333499
0.142725
0.0177693
17925.5
16877.7
15750.1
14203.8
12312.4
10147.4
7832.4
5523.69
3388.76
1579.29
204.554
-688.2
-1121.04
-1177.65
-981.922
-668.433
-352.847
-110.812
29.1527
78.1688
69.5812
39.5062
12.9261
-0.725819
-3.60533
-1.95595
-0.303474
0.156257
0.0544006
-0.00956274
16048.6
13831.5
12060.4
9900.19
7636.44
5387.78
3314.91
1556.55
212.679
-673.302
-1120.41
-1203.25
-1033.72
-735.638
-419.077
-160.923
3.34192
75.6391
82.0538
56.2306
25.6696
4.99935
-3.33157
-3.74115
-1.66332
-0.189438
0.176872
0.0727527
-0.00694673
-0.00378773
12669
9485.61
7482.77
5246.59
3238.52
1525.53
211.777
-664.905
-1121.01
-1224.27
-1076.91
-793.631
-478.926
-209.442
-25.3569
67.9847
90.0746
71.2168
39.6075
13.4307
-0.739303
-4.67824
-3.42636
-1.24902
-0.0375214
0.199469
0.0799194
-0.00391108
-0.00793591
0.000507184
8320.86
4884.35
3209.97
1478.74
206.045
-662.79
-1123.62
-1242.58
-1113.52
-843.73
-532.541
-255.406
-55.4069
56.5399
94.118
83.9048
53.592
23.6255
4.00276
-4.23693
-4.95143
-2.79581
-0.790647
0.111337
0.213852
0.0778251
-0.00342135
-0.00983433
-0.000633921
0.000568197
4050.34
1213.32
248.531
-677.097
-1126.1
-1260.66
-1145.7
-887.545
-580.23
-297.98
-85.4552
42.4516
94.663
94.0387
66.8993
34.8305
10.508
-2.29566
-5.80556
-4.45857
-2.01302
-0.358682
0.228192
0.21255
0.0677024
-0.00534049
-0.0108684
-0.0015779
0.000888198
4.54761e-05
849.856
-851.658
-1087.31
-1289.93
-1173.44
-928.089
-623.093
-336.874
-114.147
27.1461
92.4568
101.502
78.8814
46.3596
18.3889
1.13284
-5.74453
-5.93815
-3.53064
-1.22594
-0.00315955
0.298838
0.193422
0.0511195
-0.00878901
-0.0112092
-0.0021287
0.00088452
0.000276419
-6.21104e-05
-838.19
-1397.7
-1175.19
-975.095
-661.825
-373.718
-140.822
12.1261
88.915
106.81
89.118
57.395
27.0381
5.91354
-4.55525
-6.94438
-5.16189
-2.45633
-0.543433
0.25026
0.322456
0.159578
0.0303593
-0.0129142
-0.0107552
-0.00214453
0.000760537
0.000390047
-3.15758e-05
-2.08855e-05
-1220.39
-1033.23
-693.041
-414.407
-165.802
-2.49353
85.6293
111.359
98.1131
67.4659
35.606
11.4819
-2.25886
-7.15687
-6.5976
-3.9413
-1.44781
-0.0279357
0.397483
0.307507
0.117686
0.00836423
-0.0171416
-0.00956463
-0.00149731
0.000670242
0.000348721
1.31753e-05
-2.41205e-05
-2.11855e-06
-874.334
-431.793
-196.609
-18.5546
82.9931
116.398
107.407
77.2252
43.7659
17.039
0.569627
-6.60866
-7.50484
-5.36094
-2.62876
-0.632205
0.30089
0.449966
0.266749
0.0755843
-0.0116122
-0.0210768
-0.00803701
-0.000226717
0.000807192
0.000182174
-1.64436e-05
6.47201e-06
9.41157e-07
-3.07804e-06
-365.452
-5.71802
70.8483
123.057
118.051
88.2758
52.4772
22.5025
3.23777
-5.92328
-8.01884
-6.44287
-3.76417
-1.4528
-0.0608602
0.456386
0.428161
0.213033
0.0399972
-0.0265857
-0.0242789
-0.00677751
0.00134339
0.0013106
2.13488e-05
-0.000165933
1.84379e-05
3.36175e-05
-5.91816e-06
-2.88224e-06
-14.3644
149.956
122.928
103.295
63.1425
29.1783
5.96548
-5.66092
-8.81823
-7.47161
-4.69191
-2.18094
-0.531107
0.271798
0.472811
0.355919
0.156706
0.015035
-0.0344937
-0.0261525
-0.00628481
0.002667
0.00214336
4.5159e-05
-0.000395299
-4.85308e-05
7.87721e-05
1.33379e-05
-1.26318e-05
-5.97848e-08
115.99
127.977
73.4953
39.9716
9.986
-5.24353
-10.322
-9.16446
-5.85017
-2.79031
-0.834989
0.103673
0.406582
0.393692
0.256345
0.104674
0.00175038
-0.0346671
-0.0260631
-0.00669036
0.00319479
0.00305676
0.00037229
-0.000581675
-0.000214491
9.05937e-05
5.79119e-05
-1.15949e-05
-9.27235e-06
1.78137e-06
103.975
53.2925
16.6527
-2.53164
-11.942
-11.7287
-7.97503
-3.84475
-1.08372
0.172908
0.475011
0.399858
0.262342
0.149122
0.0606382
-0.00136727
-0.027922
-0.0235925
-0.0077052
0.00261534
0.00368237
0.000975419
-0.000583224
-0.00043049
2.70773e-05
0.000104807
1.20624e-05
-1.8128e-05
-2.67054e-06
1.79562e-06
47.8403
-0.70028
-11.0863
-14.2501
-11.2315
-6.01519
-1.93338
0.250303
0.830977
0.636012
0.308677
0.115412
0.0490825
0.0258963
0.00263884
-0.0162419
-0.0187593
-0.00877654
0.000981654
0.00369651
0.00167873
-0.000321873
-0.000596955
-0.000115562
0.000116833
5.44635e-05
-1.47618e-05
-1.19689e-05
1.5276e-06
9.55731e-07
4.87389
-18.7243
-13.6414
-9.46742
-4.004
-0.339848
1.15043
1.18412
0.649083
0.181309
-0.0204044
-0.0342057
0.000230786
0.0103052
-0.0021919
-0.0120783
-0.00934038
-0.00132876
0.00296072
0.00223708
0.000170147
-0.000616532
-0.000293291
6.77184e-05
9.44973e-05
7.0392e-06
-1.86886e-05
-3.8014e-06
2.52119e-06
1.82866e-07
-11.7092
-14.7902
-6.57009
-2.31077
0.796725
1.66587
1.2961
0.574077
0.0525988
-0.128993
-0.096039
-0.0173668
0.0186159
0.0117095
-0.00443907
-0.0090363
-0.00377509
0.00157019
0.00244482
0.00076459
-0.000445339
-0.000435544
-3.90796e-05
0.000106189
4.11655e-05
-1.47759e-05
-1.15618e-05
1.09951e-06
1.7575e-06
-1.92868e-07
-11.0559
-5.59362
-0.45839
1.36158
1.87863
1.24632
0.457132
-0.0541797
-0.203394
-0.135714
-0.0284366
0.0253262
0.0234456
0.00315908
-0.00776942
-0.00583337
-0.000201783
0.00220852
0.00129433
-0.000111877
-0.000480175
-0.000170447
7.4703e-05
7.17476e-05
2.09779e-06
-1.61616e-05
-3.62482e-06
2.40373e-06
6.84903e-07
-2.42019e-07
-5.26139
0.451132
1.89362
1.81554
1.1415
0.330833
-0.13728
-0.251157
-0.159128
-0.0345741
0.0305633
0.0328506
0.0101139
-0.00589043
-0.0073704
-0.00208821
0.00159921
0.00166439
0.00031327
-0.000408383
-0.000287891
3.76019e-06
8.40077e-05
2.71724e-05
-1.30636e-05
-9.46366e-06
8.0759e-07
1.79552e-06
1.11573e-08
-1.52636e-07
0.0358634
2.14753
1.33691
0.647219
0.0526228
-0.233083
-0.236489
-0.118773
-0.00819171
0.0386371
0.0323547
0.00882461
-0.00606523
-0.00730245
-0.00233712
0.00130397
0.00162036
0.000436802
-0.000328709
-0.000305757
-3.52407e-05
7.69778e-05
3.89538e-05
-7.409e-06
-1.18161e-05
-1.26298e-06
2.15112e-06
5.3303e-07
-2.6341e-07
-3.2527e-08
)
;

boundaryField
{
    fixedWall_Bottom
    {
        type            greyDiffusiveRadiation;
        refValue        uniform 18049.5;
        refGradient     uniform 0;
        valueFraction   uniform 1;
        source          uniform 0;
        value           uniform 18049.5;
    }
    fixedWall_Right
    {
        type            greyDiffusiveRadiation;
        refValue        uniform 0;
        refGradient     uniform 0;
        valueFraction   uniform 1;
        source          uniform 0;
        value           uniform 0;
    }
    fixedWall_Left
    {
        type            greyDiffusiveRadiation;
        refValue        uniform 0;
        refGradient     uniform 0;
        valueFraction   uniform 0;
        source          uniform 0;
        value           nonuniform List<scalar> 
30
(
18049.5
18049.4
18049
18050.4
18053.5
18047.3
18022.5
18015.7
18119
18358.5
18486.8
17925.5
16048.6
12669
8320.86
4050.34
849.856
-838.19
-1220.39
-874.334
-365.452
-14.3644
115.99
103.975
47.8403
4.87389
-11.7092
-11.0559
-5.26139
0.0358634
)
;
    }
    fixedWall_Top
    {
        type            greyDiffusiveRadiation;
        refValue        uniform 0;
        refGradient     uniform 0;
        valueFraction   uniform 0;
        source          uniform 0;
        value           nonuniform List<scalar> 
30
(
0.0358634
2.14753
1.33691
0.647219
0.0526228
-0.233083
-0.236489
-0.118773
-0.00819171
0.0386371
0.0323547
0.00882461
-0.00606523
-0.00730245
-0.00233712
0.00130397
0.00162036
0.000436802
-0.000328709
-0.000305757
-3.52407e-05
7.69778e-05
3.89538e-05
-7.409e-06
-1.18161e-05
-1.26298e-06
2.15112e-06
5.3303e-07
-2.6341e-07
-3.2527e-08
)
;
    }
    frontAndBack
    {
        type            empty;
    }
}


// ************************************************************************* //
