/*--------------------------------*- C++ -*----------------------------------*\
| =========                 |                                                 |
| \\      /  F ield         | OpenFOAM: The Open Source CFD Toolbox           |
|  \\    /   O peration     | Version:  2312                                  |
|   \\  /    A nd           | Website:  www.openfoam.com                      |
|    \\/     M anipulation  |                                                 |
\*---------------------------------------------------------------------------*/
FoamFile
{
    version     2.0;
    format      ascii;
    arch        "LSB;label=32;scalar=64";
    class       volScalarField;
    location    "0.045";
    object      ILambda_10_0;
}
// * * * * * * * * * * * * * * * * * * * * * * * * * * * * * * * * * * * * * //

dimensions      [1 0 -3 0 0 0 0];

internalField   nonuniform List<scalar> 
900
(
6394.16
13952.6
17379.3
18492.8
18591.8
18385.7
18179.3
18058
18013.4
18012.4
18027
18041.3
18049.9
18053
18052.8
18051.5
18050.1
18049.4
18049.1
18049.1
18049.3
18049.4
18049.5
18049.6
18049.5
18049.5
18049.5
18049.5
18049.4
18049.4
-292.595
3710.76
9284.64
13953.8
16878.2
18253.6
18636
18546.4
18326.8
18142.5
18039.5
18004.8
18008.6
18025.6
18041.3
18050.6
18053.9
18053.5
18051.9
18050.3
18049.3
18049
18049.1
18049.3
18049.5
18049.7
18049.8
18049.8
18049.8
18049.7
-606.375
-508.152
2014.34
6256.86
10796.4
14516.9
16960.8
18212.5
18624.4
18583.3
18382.2
18187.6
18062.8
18009.1
18002.4
18016.8
18034.5
18047.2
18053.2
18054.3
18052.8
18050.9
18049.4
18048.6
18048.5
18048.7
18049
18049.3
18049.5
18049.6
-131.833
-761.728
-747.526
827.358
3985.99
7998.99
11927.4
15073.6
17155
18247.4
18622.6
18591.2
18402.7
18209.5
18077.3
18013.9
18000.2
18011.7
18029.8
18044.3
18052.3
18054.6
18053.6
18051.4
18049.3
18048
18047.4
18047.4
18047.6
18048.1
26.8312
-226.258
-743.61
-907.834
-1.35917
2268.18
5615.1
9380.6
12866.2
15589
17374.4
18309.2
18625.7
18586.1
18404.6
18216.9
18084.4
18017.3
17999.7
18009.2
18027.2
18043
18052.7
18056.3
18055.8
18053.6
18051.1
18049.1
18047.9
18047.3
20.3802
19.9816
-216.794
-676.129
-972.338
-544.046
999.204
3652.97
7030.58
10552.2
13674.9
16053.2
17586.9
18375.8
18628.7
18573.5
18396.1
18215.2
18086.1
18018.8
17999.6
18007.9
18026.1
18043.3
18054.7
18060
18060.8
18059
18056.6
18053.3
1.49868
36.1983
25.6872
-173.577
-579.913
-953.125
-861.498
99.8778
2095.27
4964.31
8292.47
11574.5
14381.4
16465.3
17780.4
18437.5
18629
18556.2
18381.1
18207.1
18082.6
18016.3
17996.3
18003.6
18022
18040.6
18054.2
18061.8
18064.6
18063.3
-2.32132
8.53999
43.0697
38.1109
-118.659
-469.126
-872.643
-1007.51
-498.418
908.407
3223.22
6200.98
9431.64
12478.4
15001.5
16827.1
17950.1
18490
18625.4
18535.5
18361.9
18193.8
18073
18007.1
17985.2
17990.7
18008.2
18027.6
18042.5
18055.4
-0.805937
-2.44812
11.972
46.1629
51.4216
-63.6386
-355.55
-753.627
-1028.68
-857.302
48.6575
1816.29
4351.13
7364.17
10465.8
13281.8
15545.4
17141.2
18095.6
18533.3
18620.3
18516.1
18343.8
18180.4
18061.5
17993.9
17968.2
17969.9
17983.2
18009.3
0.121541
-1.94058
-2.2881
12.7497
46.3202
62.0894
-14.8903
-248.107
-615.592
-964.337
-1031.95
-533.067
729.7
2782.55
5460.53
8455.27
11406
13995.9
16020.7
17412.2
18221.1
18573.6
18622.7
18509.4
18340.3
18181.4
18063.5
17992.7
17960.4
17958.7
0.152572
-0.203657
-2.58624
-2.51865
11.6524
43.9913
68.4891
24.3477
-152.829
-473.793
-846.614
-1070.85
-887.338
-65.6999
1507.91
3780.65
6540.41
9475.13
12258.2
14627.5
16433.2
17646.1
18333.9
18620.5
18645
18530.7
18369.4
18216.7
18104.2
18008.3
0.0229323
0.23708
-0.491473
-3.0138
-3.09505
9.38963
39.6665
70.2043
52.9018
-73.1048
-339.186
-700.896
-1015.62
-1063.24
-608.252
519.447
2358.68
4793.64
7581.83
10420
13021.2
15176.2
16783
17843.2
18434.9
18676
18690.8
18583.7
18446.5
18249.1
-0.0181957
0.102192
0.253595
-0.687845
-3.28993
-3.80934
6.5436
33.8706
67.553
71.0321
-10.1036
-218.89
-546.488
-900.93
-1106.17
-940.664
-205.148
1206.81
3265.25
5804.96
8568.9
11275
13681.1
15628.5
17056.1
17988.1
18507.1
18719.2
18748.8
18602.4
-0.00953438
-0.00839754
0.166783
0.254144
-0.798446
-3.4058
-4.4426
3.53586
27.1038
61.3042
79.9788
36.6926
-116.892
-397.391
-754.724
-1056.36
-1106.24
-697.574
319.721
1984.76
4206.73
6786.99
9471.07
12009.5
14208.1
15954.2
17219.7
18043.7
18505.8
18731.7
-7.96425e-05
-0.0215999
0.0167875
0.215827
0.239799
-0.825393
-3.31441
-4.84741
0.613171
19.8266
52.4992
81.5674
68.9145
-34.7799
-263.083
-598.534
-947.882
-1146.13
-994.709
-321.303
962.871
2831.2
5146.05
7694.83
10242
12579.2
14558.1
16113.7
17194.1
18148
0.0017809
-0.00806732
-0.0219866
0.0480572
0.234649
0.208562
-0.745757
-2.98065
-4.9907
-2.11677
12.4817
42.3021
77.847
88.786
27.6079
-149.245
-447.991
-808.386
-1097.54
-1135.42
-744.871
193.514
1703.05
3702.39
6026.81
8469.82
10824.2
12945.8
14610.8
16474.1
0.00107277
-0.000875468
-0.0136188
-0.00945773
0.0693999
0.208862
0.179533
-0.527343
-2.42503
-4.9434
-4.61339
5.50805
31.8473
70.7834
98.7192
71.6544
-58.4486
-313.47
-659.13
-992.633
-1158.08
-986.273
-343.817
827.158
2491.98
4534.18
6777.44
9070.27
11050.1
13692
0.000537477
0.000505923
-0.00560342
-0.00965992
0.00914342
0.0605395
0.142121
0.192134
-0.161218
-1.73557
-4.82686
-6.83634
-0.681551
22.0963
62.0451
101.045
99.5521
9.20449
-200.831
-515.369
-857.886
-1098.47
-1084.2
-680.745
189.722
1529.31
3254.56
5279.14
7186.95
10195.7
0.000286132
0.000800096
-0.00310395
-0.00609726
0.00521475
0.0179023
0.0106605
0.0623262
0.284139
0.316203
-1.04206
-4.74902
-8.71494
-5.75034
13.7356
52.8971
97.8678
113.978
55.466
-112.227
-386.917
-713.732
-987.955
-1077.26
-855.914
-236.1
797.661
2255.95
3760.31
6619.59
7.38107e-05
0.00103089
-0.00148443
-0.00639847
0.00255499
0.0232323
0.0010102
-0.0713006
0.00985701
0.467295
0.827307
-0.470526
-4.76193
-10.1575
-9.48898
7.13723
44.1885
90.9945
117.815
83.3351
-46.9684
-278.928
-574.641
-852.058
-1001.11
-908.123
-496.867
322.812
1267.59
3562.74
-8.56399e-05
0.000890754
0.000250994
-0.00544538
-0.00455183
0.0192201
0.0313251
-0.046413
-0.159005
0.017138
0.717807
1.27922
-0.103681
-4.85376
-11.0832
-11.8432
2.37956
36.4021
81.9142
113.908
96.4711
-2.4318
-192.872
-449.59
-710.228
-884.07
-884.108
-586.183
-166.724
1376.15
-0.000135127
0.000458625
0.00119066
-0.00256199
-0.00792074
0.00476641
0.0364968
0.0193199
-0.11439
-0.221483
0.0935512
0.985615
1.59491
0.0363396
-4.96823
-11.4533
-12.9076
-0.688338
29.7362
71.7966
104.851
98.6696
25.0652
-127.558
-343.292
-574.096
-756.743
-777.649
-727.57
103.855
-0.00010056
6.42382e-05
0.00112817
3.99448e-05
-0.0060473
-0.00581745
0.0192144
0.0451281
-0.0139206
-0.183102
-0.237195
0.223297
1.21433
1.73413
-0.0184294
-5.03501
-11.2878
-12.891
-2.36159
24.1944
61.5106
92.8461
93.4469
39.5658
-80.4582
-255.737
-457.156
-606.751
-742.254
-437.568
-4.4207e-05
-0.000122044
0.000605832
0.00113599
-0.00242957
-0.0078506
0.00151826
0.0330645
0.0393659
-0.0601772
-0.232417
-0.20153
0.374479
1.36031
1.69816
-0.202828
-4.99624
-10.6617
-12.0657
-2.99581
19.6667
51.6587
79.6233
83.8112
44.7091
-47.3384
-189.926
-343.926
-521.746
-521.931
-5.34864e-06
-0.000136282
0.000145859
0.00104343
7.9948e-05
-0.00499489
-0.00631343
0.0118159
0.0405539
0.0196579
-0.106443
-0.249899
-0.125703
0.51245
1.40322
1.52094
-0.442787
-4.82152
-9.68834
-10.717
-2.93982
15.9946
42.6169
66.4601
71.9822
44.2889
-27.3876
-132.43
-274.485
-397.605
9.60086e-06
-8.18936e-05
-7.35068e-05
0.000548285
0.000924975
-0.00169167
-0.00620253
-0.00153066
0.0213119
0.0387605
-0.00831133
-0.140802
-0.233854
-0.0299231
0.610786
1.34664
1.25363
-0.674345
-4.51054
-8.49701
-9.10383
-2.49137
13.0121
34.6021
54.1168
59.9763
39.3352
-11.9832
-95.7847
-230.113
1.00458e-05
-2.97541e-05
-0.000110153
0.000148755
0.000786751
0.00015656
-0.00333495
-0.00529785
0.00484358
0.0267809
0.0284732
-0.036776
-0.156463
-0.191567
0.0646423
0.65656
1.21172
0.94949
-0.853839
-4.08706
-7.21218
-7.43446
-1.87963
10.5821
27.6465
43.2683
48.133
33.8567
-1.08109
-98.7378
5.89496e-06
-1.85305e-06
-7.30295e-05
-3.56686e-05
0.00039712
0.000654028
-0.000943942
-0.00407087
-0.0025641
0.010617
0.0268317
0.0131383
-0.0590627
-0.152624
-0.13477
0.141834
0.649626
1.027
0.651705
-0.960424
-3.58681
-5.93287
-5.85012
-1.24623
8.56484
21.822
33.7912
37.446
31.7867
-22.2893
2.30288e-06
6.53219e-06
-3.15756e-05
-7.21572e-05
0.000114347
0.000513443
0.000169036
-0.00191551
-0.0036377
0.00104042
0.0143434
0.0223116
-0.00320754
-0.0726959
-0.135061
-0.0759702
0.196744
0.608909
0.833379
0.39388
-1.0099
-3.09941
-4.80781
-4.50201
-0.696621
7.02899
17.2538
25.8237
32.4816
10.2972
6.08996e-08
5.93589e-06
-2.64701e-06
-4.71669e-05
-3.52659e-05
0.000201005
0.000442092
-0.000193918
-0.00203658
-0.00265582
0.00244463
0.0130767
0.0166957
-0.00685822
-0.0610175
-0.104488
-0.0555553
0.146659
0.447359
0.622769
0.34916
-0.589257
-2.04204
-3.34602
-3.44608
-1.31028
3.55631
9.94184
18.3187
17.0785
)
;

boundaryField
{
    fixedWall_Bottom
    {
        type            greyDiffusiveRadiation;
        refValue        uniform 18049.5;
        refGradient     uniform 0;
        valueFraction   uniform 1;
        source          uniform 0;
        value           uniform 18049.5;
    }
    fixedWall_Right
    {
        type            greyDiffusiveRadiation;
        refValue        uniform 0;
        refGradient     uniform 0;
        valueFraction   uniform 0;
        source          uniform 0;
        value           nonuniform List<scalar> 
30
(
18049.4
18049.7
18049.6
18048.1
18047.3
18053.3
18063.3
18055.4
18009.3
17958.7
18008.3
18249.1
18602.4
18731.7
18148
16474.1
13692
10195.7
6619.59
3562.74
1376.15
103.855
-437.568
-521.931
-397.605
-230.113
-98.7378
-22.2893
10.2972
17.0785
)
;
    }
    fixedWall_Left
    {
        type            greyDiffusiveRadiation;
        refValue        uniform 0;
        refGradient     uniform 0;
        valueFraction   uniform 1;
        source          uniform 0;
        value           uniform 0;
    }
    fixedWall_Top
    {
        type            greyDiffusiveRadiation;
        refValue        uniform 0;
        refGradient     uniform 0;
        valueFraction   uniform 0;
        source          uniform 0;
        value           nonuniform List<scalar> 
30
(
6.08996e-08
5.93589e-06
-2.64701e-06
-4.71669e-05
-3.52659e-05
0.000201005
0.000442092
-0.000193918
-0.00203658
-0.00265582
0.00244463
0.0130767
0.0166957
-0.00685822
-0.0610175
-0.104488
-0.0555553
0.146659
0.447359
0.622769
0.34916
-0.589257
-2.04204
-3.34602
-3.44608
-1.31028
3.55631
9.94184
18.3187
17.0785
)
;
    }
    frontAndBack
    {
        type            empty;
    }
}


// ************************************************************************* //
