/*--------------------------------*- C++ -*----------------------------------*\
| =========                 |                                                 |
| \\      /  F ield         | OpenFOAM: The Open Source CFD Toolbox           |
|  \\    /   O peration     | Version:  2312                                  |
|   \\  /    A nd           | Website:  www.openfoam.com                      |
|    \\/     M anipulation  |                                                 |
\*---------------------------------------------------------------------------*/
FoamFile
{
    version     2.0;
    format      ascii;
    arch        "LSB;label=32;scalar=64";
    class       volScalarField;
    location    "0.045";
    object      ILambda_50_0;
}
// * * * * * * * * * * * * * * * * * * * * * * * * * * * * * * * * * * * * * //

dimensions      [1 0 -3 0 0 0 0];

internalField   nonuniform List<scalar> 
900
(
18051.8
18050.1
18048
18045
18041.1
18036.4
18031.1
18026
18021.7
18019.7
18021.6
18029.5
18045.8
18072.8
18112.8
18167
18234.7
18312.2
18391.3
18456.5
18482.9
18432.6
18250.9
17861.5
17161.6
16016.6
14255.4
11668
8015.32
3083.65
18028.1
18019.7
18017.1
18016.9
18021.7
18033.6
18054.6
18086.8
18131.4
18188.8
18257.2
18332.2
18405.4
18463.4
18487
18449.5
18316.9
18047.1
17591.5
16897.2
15910.9
14586
12892.2
10828.7
8441.92
5846.89
3252.72
987.277
-494.037
-673.378
18032.1
18066.4
18100.8
18148.3
18206.4
18273.2
18343.7
18409.8
18459.5
18476
18437.6
18317.5
18084.8
17704.9
17142.3
16363.2
15339.4
14053.8
12505.4
10715.5
8733.29
6639.05
4545.14
2591.35
932.906
-281.531
-944.337
-1036.19
-679.098
-163.248
18236.8
18339.1
18393.6
18443.7
18464.4
18440.6
18350.6
18169.9
17871.3
17427.1
16810.8
15999.6
14977.8
13740
12294.2
10665.1
8895.72
7047.85
5200.25
3444.03
1874.89
582.328
-363.698
-927.148
-1118.76
-1003.49
-697.209
-346.694
-88.5064
8.94023
18452.9
18388.7
18253
18026.4
17681.9
17197.9
16553.3
15732
14724.7
13531.3
12163
10644
9011.6
7316.29
5619.31
3989.27
2496.92
1208.44
177.943
-560.177
-997.538
-1155.5
-1084.8
-859.987
-568.076
-292.258
-93.4314
5.12479
22.3029
5.19548
17693.5
16971.1
16350
15521.3
14534.6
13381.5
12075.8
10639.5
9105.8
7517.59
5925.64
4385.68
2954.48
1685.37
623.286
-200.037
-770.138
-1092.49
-1192.97
-1115.56
-917.171
-659.959
-402.202
-189.227
-46.4262
23.5266
37.6153
23.4292
6.52882
-0.383238
14825.2
13165.2
12029.9
10641
9190.86
7683.99
6170.83
4698.16
3314.94
2066.96
993.348
123.141
-527.47
-956.912
-1178.73
-1220.59
-1121.68
-928.501
-689.39
-448.576
-240.69
-86.9159
6.38703
46.1661
48.4768
32.5047
14.4206
3.11439
-0.481768
-0.22683
9905.34
7675.06
6410.11
4958.82
3623.53
2391.91
1311.98
410.102
-295.569
-799.659
-1109.33
-1243.53
-1231
-1107.43
-912.013
-683.556
-456.674
-258.391
-105.767
-5.0638
47.2704
61.9453
53.132
34.6269
16.7974
5.01564
-0.102521
-0.912652
-0.318881
0.0223054
4525.23
2539.16
1643.52
676.902
-65.5548
-633.665
-1015.33
-1225.34
-1285.17
-1224.27
-1076.18
-875.35
-654.044
-439.709
-253.104
-107.204
-7.00296
49.7566
70.9212
67.5328
51.1505
31.4988
14.9954
4.41144
-0.456718
-1.50359
-0.931547
-0.253832
0.0127034
0.0126385
589.605
-538.725
-858.123
-1173.83
-1298.64
-1302.48
-1203.01
-1034.15
-826.921
-609.78
-405.697
-230.981
-94.9414
-0.398176
55.2262
78.4589
78.1484
63.7857
43.9409
25.0475
10.7905
2.22193
-1.51029
-2.1552
-1.4569
-0.608099
-0.114197
0.027838
0.0167801
-0.00111132
-1111.71
-1363.69
-1272.7
-1166.88
-982.763
-774.25
-560.763
-364.494
-199.311
-72.6563
14.265
65.019
86.2698
86.12
72.7363
53.3469
33.5903
17.1716
5.8162
-0.458759
-2.78871
-2.76266
-1.80708
-0.84
-0.23569
0.00624518
0.0410047
0.0154787
-0.000268352
-0.000792856
-1135.52
-917.001
-714.368
-513.38
-324.75
-167.963
-48.0814
32.9679
78.9266
96.5486
94.043
79.4504
59.5648
39.4007
22.1304
9.30875
1.21686
-2.76766
-3.79397
-3.15779
-1.96304
-0.909399
-0.264302
0.00780914
0.0620644
0.0381517
0.010724
-0.000360013
-0.0010145
1.01845e-05
-546.912
-273.125
-146.115
-29.5081
47.7793
91.6691
107.633
103.277
86.6915
64.9345
43.2786
24.9365
11.2918
2.4016
-2.44882
-4.29833
-4.22357
-3.17869
-1.90089
-0.852651
-0.214197
0.0544893
0.0995826
0.062592
0.0235137
0.00422131
-0.000868801
-0.00077371
-0.000114671
4.07508e-05
-76.3246
66.1326
93.0434
114.137
110.349
94.0508
71.2405
47.7558
27.4467
12.2219
2.3526
-2.96597
-5.00788
-5.04296
-4.07758
-2.792
-1.59147
-0.682727
-0.129251
0.111683
0.147189
0.0951981
0.0382052
0.00745398
-0.00120564
-0.00123143
-0.000367701
-8.89968e-05
-1.01291e-05
1.23308e-05
93.5182
115.778
95.6436
76.8687
53.0096
31.484
14.27
2.55375
-3.9904
-6.51168
-6.46539
-5.16867
-3.55518
-2.13274
-1.08127
-0.397963
-0.0133685
0.151551
0.172565
0.121331
0.0569609
0.0134755
-0.00318333
-0.00400189
-0.00118296
6.86097e-05
4.02949e-05
-5.87438e-05
-8.21602e-06
9.36692e-06
81.093
56.8104
35.6037
18.2658
4.67676
-3.68503
-7.63347
-8.25157
-6.92256
-4.85411
-2.87995
-1.40694
-0.501818
-0.042072
0.142764
0.186657
0.166198
0.118549
0.0652258
0.0224232
-0.00112551
-0.00717078
-0.00437865
-0.00083761
0.000402681
0.000194381
-6.53213e-05
-4.56929e-05
1.05328e-05
4.25096e-06
29.2129
7.19623
-1.05112
-6.84149
-8.94995
-8.46557
-6.56915
-4.24623
-2.20371
-0.777146
0.00429214
0.298242
0.317581
0.23592
0.149787
0.0890891
0.0497545
0.0223182
0.00358593
-0.00571719
-0.00665622
-0.00344088
-0.000454242
0.00055617
0.000302142
-3.60642e-05
-7.24736e-05
-3.58118e-06
1.21327e-05
-3.03633e-07
-0.416788
-8.61352
-8.36661
-7.65344
-5.66401
-3.47662
-1.60293
-0.318362
0.350271
0.54351
0.464519
0.294185
0.144651
0.0553521
0.0175105
0.00604922
0.00180064
-0.00203709
-0.0046154
-0.00439847
-0.00223798
-0.000211532
0.000536134
0.000335039
5.62201e-06
-7.76625e-05
-2.13008e-05
1.17416e-05
4.76963e-06
-1.37038e-06
-6.53831
-6.55127
-4.40518
-2.69353
-1.10407
-0.0350982
0.520193
0.658488
0.544659
0.338747
0.152415
0.0352874
-0.0132247
-0.0191098
-0.0101606
-0.00283653
-0.00102677
-0.00189804
-0.00224941
-0.00133246
-0.000139971
0.000409569
0.000305846
4.05051e-05
-6.49659e-05
-3.32331e-05
5.54432e-06
7.89834e-06
1.55527e-08
-7.76071e-07
-3.71752
-1.93428
-0.704207
0.0993429
0.549721
0.65412
0.547365
0.350656
0.161315
0.0312963
-0.0298907
-0.0402385
-0.026533
-0.0100402
-0.000632305
0.00145302
0.00020612
-0.00091355
-0.000834638
-0.000173701
0.000254835
0.000245561
6.08241e-05
-4.39814e-05
-3.63252e-05
-1.97706e-06
7.84493e-06
2.11603e-06
-1.00968e-06
-1.77704e-07
-0.834063
0.222112
0.479615
0.569303
0.488842
0.326331
0.160264
0.0357661
-0.0313787
-0.0496042
-0.0389914
-0.0196454
-0.0044607
0.00243397
0.00299084
0.00112358
-0.000346306
-0.000622898
-0.000229678
0.000126314
0.000181733
6.74159e-05
-2.32254e-05
-3.24459e-05
-7.53245e-06
5.58536e-06
3.41366e-06
-3.50606e-07
-5.93809e-07
4.74539e-08
0.231994
0.491899
0.387158
0.277298
0.145862
0.0403238
-0.0235721
-0.0473166
-0.0431506
-0.0265644
-0.00990881
0.000503227
0.00401314
0.00319652
0.00114716
-0.000230357
-0.000537213
-0.000255822
4.48263e-05
0.000129201
6.44763e-05
-7.42404e-06
-2.52091e-05
-1.00636e-05
2.72147e-06
3.56401e-06
4.55008e-07
-5.98401e-07
-1.52804e-07
5.98886e-08
0.278216
0.227864
0.117717
0.0415837
-0.013346
-0.0379698
-0.0396242
-0.0283732
-0.0139218
-0.0026873
0.00300959
0.00400665
0.00256272
0.000770172
-0.000274623
-0.000472733
-0.000239514
6.26702e-06
9.13658e-05
5.62134e-05
2.2115e-06
-1.76612e-05
-1.00912e-05
3.78646e-07
2.92611e-06
9.79031e-07
-3.5908e-07
-2.7237e-07
1.79887e-08
2.5418e-08
0.111286
0.0367465
-0.00556391
-0.0262945
-0.0317519
-0.0256287
-0.0150984
-0.00528545
0.0010259
0.0034456
0.00312597
0.00168072
0.000354479
-0.000316286
-0.000391391
-0.000193356
-4.3301e-06
6.55371e-05
4.57266e-05
6.59823e-06
-1.14621e-05
-8.68143e-06
-1.03877e-06
2.01219e-06
1.1322e-06
-7.81977e-08
-2.73032e-07
-4.89269e-08
3.47478e-08
4.23391e-09
0.0136651
-0.0187193
-0.0225786
-0.020332
-0.0137786
-0.00640491
-0.000795619
0.00217368
0.00280516
0.00205363
0.000920168
6.30824e-05
-0.00030525
-0.000296496
-0.000137138
-1.94748e-06
4.76185e-05
3.50343e-05
7.45135e-06
-7.06925e-06
-6.76884e-06
-1.62008e-06
1.18197e-06
1.0203e-06
1.2253e-07
-2.00525e-07
-8.81709e-08
1.65219e-08
1.56858e-08
-1.58556e-09
-0.0104815
-0.0158687
-0.0108016
-0.00616965
-0.00187387
0.000900195
0.00200873
0.0018863
0.00116817
0.00040898
-8.25166e-05
-0.000251799
-0.000204618
-8.62449e-05
3.40622e-06
3.4475e-05
2.53636e-05
6.42942e-06
-4.25781e-06
-4.92798e-06
-1.64629e-06
5.85039e-07
7.90912e-07
2.15294e-07
-1.12098e-07
-9.24601e-08
-4.97409e-09
1.57427e-08
3.12797e-09
-1.42602e-09
-0.00761856
-0.00543433
-0.00206932
-1.3197e-05
0.00116807
0.00142226
0.00110127
0.000577558
0.000127305
-0.00012372
-0.000182826
-0.000128962
-4.80482e-05
7.1048e-06
2.43857e-05
1.73641e-05
4.74909e-06
-2.57361e-06
-3.41116e-06
-1.39331e-06
2.2537e-07
5.52145e-07
2.2559e-07
-4.20802e-08
-7.5075e-08
-1.82848e-08
9.87989e-09
5.70727e-09
-5.39724e-10
-5.14589e-10
-0.00242822
-0.00046252
0.000549389
0.000903075
0.000858461
0.00056912
0.000242476
2.09734e-06
-0.000110925
-0.000119368
-7.4439e-05
-2.33328e-05
8.17682e-06
1.65984e-05
1.1241e-05
3.12096e-06
-1.59266e-06
-2.26943e-06
-1.05446e-06
4.3257e-08
3.56827e-07
1.91794e-07
-2.0356e-11
-5.12576e-08
-2.20462e-08
3.3881e-09
5.58158e-09
7.8878e-10
-6.69524e-10
-7.71705e-11
-0.000172834
0.000544729
0.000579299
0.000457438
0.000262674
7.95223e-05
-3.72385e-05
-8.0689e-05
-7.14353e-05
-3.95885e-05
-9.46048e-06
7.34931e-06
1.08176e-05
6.91677e-06
1.86744e-06
-1.01338e-06
-1.46481e-06
-7.4038e-07
-3.11081e-08
2.17988e-07
1.44672e-07
1.89684e-08
-3.04058e-08
-1.96615e-08
-1.06936e-09
4.00153e-09
1.49804e-09
-3.16966e-10
-2.63141e-10
2.35363e-11
0.000264534
0.000310928
0.000177635
7.15551e-05
-7.77564e-06
-4.62311e-05
-4.98983e-05
-3.41636e-05
-1.41254e-05
4.87331e-07
6.69173e-06
6.39677e-06
3.32123e-06
4.81276e-07
-8.56875e-07
-8.90259e-07
-3.95592e-07
1.23416e-08
1.41036e-07
9.00546e-08
1.27748e-08
-1.89995e-08
-1.36991e-08
-1.71727e-09
2.5687e-09
1.36799e-09
-6.48011e-11
-2.51972e-10
-3.44343e-11
2.12164e-11
)
;

boundaryField
{
    fixedWall_Bottom
    {
        type            greyDiffusiveRadiation;
        refValue        uniform 18049.5;
        refGradient     uniform 0;
        valueFraction   uniform 1;
        source          uniform 0;
        value           uniform 18049.5;
    }
    fixedWall_Right
    {
        type            greyDiffusiveRadiation;
        refValue        uniform 0;
        refGradient     uniform 0;
        valueFraction   uniform 1;
        source          uniform 0;
        value           uniform 0;
    }
    fixedWall_Left
    {
        type            greyDiffusiveRadiation;
        refValue        uniform 0;
        refGradient     uniform 0;
        valueFraction   uniform 0;
        source          uniform 0;
        value           nonuniform List<scalar> 
30
(
18051.8
18028.1
18032.1
18236.8
18452.9
17693.5
14825.2
9905.34
4525.23
589.605
-1111.71
-1135.52
-546.912
-76.3246
93.5182
81.093
29.2129
-0.416788
-6.53831
-3.71752
-0.834063
0.231994
0.278216
0.111286
0.0136651
-0.0104815
-0.00761856
-0.00242822
-0.000172834
0.000264534
)
;
    }
    fixedWall_Top
    {
        type            greyDiffusiveRadiation;
        refValue        uniform 0;
        refGradient     uniform 0;
        valueFraction   uniform 0;
        source          uniform 0;
        value           nonuniform List<scalar> 
30
(
0.000264534
0.000310928
0.000177635
7.15551e-05
-7.77564e-06
-4.62311e-05
-4.98983e-05
-3.41636e-05
-1.41254e-05
4.87331e-07
6.69173e-06
6.39677e-06
3.32123e-06
4.81276e-07
-8.56875e-07
-8.90259e-07
-3.95592e-07
1.23416e-08
1.41036e-07
9.00546e-08
1.27748e-08
-1.89995e-08
-1.36991e-08
-1.71727e-09
2.5687e-09
1.36799e-09
-6.48011e-11
-2.51972e-10
-3.44343e-11
2.12164e-11
)
;
    }
    frontAndBack
    {
        type            empty;
    }
}


// ************************************************************************* //
