/*--------------------------------*- C++ -*----------------------------------*\
| =========                 |                                                 |
| \\      /  F ield         | OpenFOAM: The Open Source CFD Toolbox           |
|  \\    /   O peration     | Version:  2312                                  |
|   \\  /    A nd           | Website:  www.openfoam.com                      |
|    \\/     M anipulation  |                                                 |
\*---------------------------------------------------------------------------*/
FoamFile
{
    version     2.0;
    format      ascii;
    arch        "LSB;label=32;scalar=64";
    class       volScalarField;
    location    "0.045";
    object      ILambda_53_0;
}
// * * * * * * * * * * * * * * * * * * * * * * * * * * * * * * * * * * * * * //

dimensions      [1 0 -3 0 0 0 0];

internalField   nonuniform List<scalar> 
900
(
18049.4
18049.4
18049.5
18049.5
18049.5
18049.5
18049.6
18049.5
18049.4
18049.3
18049.1
18049.1
18049.4
18050.1
18051.5
18052.8
18053
18049.9
18041.3
18027
18012.4
18013.4
18058
18179.3
18385.7
18591.8
18492.8
17379.3
13952.6
6394.16
18049.7
18049.8
18049.8
18049.8
18049.7
18049.5
18049.3
18049.1
18049
18049.3
18050.3
18051.9
18053.5
18053.9
18050.6
18041.3
18025.6
18008.6
18004.8
18039.5
18142.5
18326.8
18546.4
18636
18253.6
16878.2
13953.8
9284.64
3710.76
-292.595
18049.6
18049.5
18049.3
18049
18048.7
18048.5
18048.6
18049.4
18050.9
18052.8
18054.3
18053.2
18047.2
18034.5
18016.8
18002.4
18009.1
18062.8
18187.6
18382.2
18583.3
18624.4
18212.5
16960.8
14516.9
10796.4
6256.86
2014.34
-508.152
-606.375
18048.1
18047.6
18047.4
18047.4
18048
18049.3
18051.4
18053.6
18054.6
18052.3
18044.3
18029.8
18011.7
18000.2
18013.9
18077.3
18209.5
18402.7
18591.2
18622.6
18247.4
17155
15073.6
11927.4
7998.99
3985.99
827.358
-747.526
-761.728
-131.833
18047.3
18047.9
18049.1
18051.1
18053.6
18055.8
18056.3
18052.7
18043
18027.2
18009.2
17999.7
18017.3
18084.4
18216.9
18404.6
18586.1
18625.7
18309.2
17374.4
15589
12866.2
9380.6
5615.1
2268.18
-1.35917
-907.834
-743.61
-226.258
26.8312
18053.3
18056.6
18059
18060.8
18060
18054.7
18043.3
18026.1
18007.9
17999.6
18018.8
18086.1
18215.2
18396.1
18573.5
18628.7
18375.8
17586.9
16053.2
13674.9
10552.2
7030.58
3652.97
999.204
-544.046
-972.338
-676.129
-216.794
19.9816
20.3802
18063.3
18064.6
18061.8
18054.2
18040.6
18022
18003.6
17996.3
18016.3
18082.6
18207.1
18381.1
18556.2
18629
18437.5
17780.4
16465.3
14381.4
11574.5
8292.47
4964.31
2095.27
99.8779
-861.498
-953.125
-579.913
-173.577
25.6872
36.1983
1.49868
18055.4
18042.5
18027.6
18008.2
17990.7
17985.2
18007.1
18073
18193.8
18361.9
18535.5
18625.4
18490
17950.1
16827.1
15001.5
12478.4
9431.64
6200.98
3223.22
908.407
-498.418
-1007.51
-872.643
-469.126
-118.659
38.1109
43.0697
8.53999
-2.32132
18009.3
17983.2
17969.9
17968.2
17993.9
18061.5
18180.3
18343.8
18516.1
18620.3
18533.3
18095.6
17141.2
15545.4
13281.8
10465.8
7364.17
4351.13
1816.29
48.6576
-857.302
-1028.68
-753.627
-355.55
-63.6385
51.4216
46.1629
11.972
-2.44812
-0.805938
17958.7
17960.4
17992.7
18063.5
18181.4
18340.3
18509.4
18622.7
18573.6
18221.1
17412.2
16020.7
13995.9
11406
8455.27
5460.52
2782.54
729.701
-533.067
-1031.95
-964.338
-615.592
-248.107
-14.8903
62.0894
46.3202
12.7497
-2.2881
-1.94058
0.121541
18008.3
18104.2
18216.7
18369.4
18530.7
18645
18620.5
18333.9
17646.1
16433.2
14627.6
12258.2
9475.13
6540.41
3780.65
1507.91
-65.6999
-887.337
-1070.85
-846.614
-473.794
-152.829
24.3478
68.4892
43.9913
11.6524
-2.51866
-2.58623
-0.203655
0.152572
18249.2
18446.5
18583.7
18690.8
18676
18435
17843.2
16783
15176.2
13021.2
10420
7581.83
4793.63
2358.67
519.446
-608.252
-1063.24
-1015.62
-700.896
-339.186
-73.105
52.9018
70.2044
39.6666
9.38962
-3.09508
-3.0138
-0.491467
0.23708
0.0229316
18602.4
18748.8
18719.2
18507.2
17988.1
17056.1
15628.5
13681.1
11275
8568.9
5804.96
3265.25
1206.8
-205.149
-940.665
-1106.17
-900.929
-546.487
-218.89
-10.1039
71.032
67.553
33.8707
6.54363
-3.80937
-3.28995
-0.687839
0.2536
0.102191
-0.018196
18731.7
18505.8
18043.7
17219.7
15954.2
14208.1
12009.5
9471.06
6786.99
4206.72
1984.76
319.719
-697.576
-1106.24
-1056.36
-754.723
-397.391
-116.892
36.6924
79.9785
61.3042
27.104
3.53595
-4.44261
-3.40584
-0.798454
0.254155
0.166785
-0.00839965
-0.00953429
18148
17194.1
16113.7
14558.1
12579.2
10242
7694.82
5146.04
2831.19
962.87
-321.305
-994.71
-1146.13
-947.882
-598.533
-263.082
-34.7795
68.9144
81.5671
52.499
19.8267
0.6133
-4.84736
-3.31445
-0.825425
0.239804
0.215838
0.0167867
-0.0216019
-7.92402e-05
16474.1
14610.8
12945.8
10824.2
8469.8
6026.79
3702.39
1703.05
193.515
-744.87
-1135.42
-1097.54
-808.386
-447.99
-149.244
27.6084
88.7861
77.8467
42.3018
12.4817
-2.11666
-4.9906
-2.98065
-0.745802
0.208546
0.234662
0.0480642
-0.0219897
-0.00806833
0.00178137
13692
11050.1
9070.24
6777.41
4534.17
2491.98
827.162
-343.813
-986.27
-1158.08
-992.634
-659.131
-313.469
-58.4481
71.6549
98.7193
70.7832
31.8471
5.50792
-4.61334
-4.94328
-2.42498
-0.527375
0.179497
0.208862
0.0694134
-0.00945561
-0.0136223
-0.00087546
0.0010731
10195.7
7186.89
5279.12
3254.55
1529.31
189.735
-680.734
-1084.19
-1098.47
-857.888
-515.37
-200.831
9.20505
99.5526
101.046
62.045
22.0961
-0.681707
-6.83635
-4.82678
-1.7355
-0.161216
0.192095
0.142102
0.0605489
0.00915332
-0.00966146
-0.00560615
0.000506593
0.000537591
6619.49
3760.25
2255.95
797.686
-236.066
-855.89
-1077.25
-987.956
-713.737
-386.921
-112.228
55.4669
113.979
97.8682
52.897
13.7353
-5.7505
-8.71497
-4.74897
-1.04199
0.316233
0.284119
0.0622967
0.0106561
0.0179139
0.00521964
-0.00610041
-0.0031053
0.000800941
0.000286076
3562.6
1267.58
322.871
-496.802
-908.075
-1001.09
-852.06
-574.652
-278.938
-46.9719
83.3362
117.817
90.9957
44.1884
7.13676
-9.48925
-10.1575
-4.76186
-0.470465
0.827339
0.467293
0.00983352
-0.0713163
0.00101444
0.0232415
0.00255583
-0.00640154
-0.00148462
0.00103156
7.368e-05
1376.08
-166.616
-586.062
-884.02
-884.031
-710.228
-449.609
-192.89
-2.44051
96.4714
113.911
81.917
36.4026
2.37886
-11.8438
-11.0833
-4.85364
-0.103581
1.27925
0.717804
0.0171241
-0.15902
-0.0464176
0.0313319
0.0192255
-0.00455318
-0.00544751
0.000251448
0.000891127
-8.57658e-05
103.94
-727.353
-777.5
-756.668
-574.089
-343.319
-127.589
25.0476
98.667
104.856
71.8019
29.7382
-0.688937
-12.9087
-11.4538
-4.96814
0.0365373
1.59499
0.985603
0.0935314
-0.221494
-0.114397
0.0193211
0.0365025
0.00476857
-0.00792269
-0.00256308
0.00119128
0.000458745
-0.000135211
-437.314
-741.996
-606.632
-457.131
-255.771
-80.5039
39.535
93.4381
92.8513
61.5188
24.1989
-2.36137
-12.8926
-11.2889
-5.03515
-0.018147
1.73432
1.21434
0.223257
-0.237214
-0.183105
-0.0139207
0.0451309
0.0192179
-0.00581723
-0.00604894
3.96183e-05
0.00112868
6.42121e-05
-0.0001006
-521.589
-521.545
-343.883
-189.96
-47.401
44.6623
83.7924
79.6264
51.6695
19.6746
-2.99377
-12.0672
-10.6635
-4.99691
-0.202602
1.6985
1.36042
0.374432
-0.201575
-0.232425
-0.0601733
0.0393678
0.0330666
0.00151988
-0.00785119
-0.00243062
0.00113607
0.000606145
-0.00012212
-4.42168e-05
-397.295
-274.402
-132.469
-27.4632
44.2227
71.9507
66.4582
42.629
16.0062
-2.93498
-10.7177
-9.69074
-4.82295
-0.442867
1.52138
1.40348
0.512455
-0.125775
-0.24993
-0.106438
0.0196642
0.0405552
0.0118168
-0.00631294
-0.00499559
7.94269e-05
0.00104365
0.000146001
-0.000136354
-5.34461e-06
-229.922
-95.8239
-12.0743
39.2518
59.9288
54.1075
34.6135
13.0269
-2.48309
-9.10287
-8.49951
-4.51278
-0.675
1.25399
1.34707
0.610914
-0.0299896
-0.23392
-0.140812
-0.00830049
0.0387654
0.021312
-0.00153051
-0.00620252
-0.0016922
0.000924798
0.000548487
-7.34719e-05
-8.19405e-05
9.60823e-06
-98.6867
-1.19527
33.7567
48.0703
43.2488
27.6554
10.599
-1.86776
-7.43105
-7.2141
-4.08992
-0.855242
0.949547
1.21225
0.656858
0.0646412
-0.191656
-0.156503
-0.0367698
0.0284842
0.026783
0.00484269
-0.00529796
-0.00333505
0.000156246
0.000786746
0.000148892
-0.000110166
-2.97776e-05
1.00518e-05
-22.3418
31.6583
37.371
33.7611
21.8263
8.58249
-1.23131
-5.84384
-5.93353
-3.58986
-0.96257
0.651252
1.02746
0.650078
0.141956
-0.134844
-0.152698
-0.0590756
0.0131516
0.0268393
0.0106167
-0.00256517
-0.00407093
-0.000944026
0.000653875
0.000397173
-3.55943e-05
-7.30543e-05
-1.86149e-06
5.8985e-06
10.1993
32.3808
25.7854
17.2516
7.04574
-0.679296
-4.49277
-4.80663
-3.10215
-1.01263
0.392794
0.833587
0.609439
0.197016
-0.0759804
-0.135151
-0.0727383
-0.00320216
0.0223244
0.0143466
0.00103893
-0.00363849
-0.00191546
0.000168995
0.000513382
0.000114402
-7.21259e-05
-3.15961e-05
6.53107e-06
2.30453e-06
16.9901
18.276
9.94239
3.5726
-1.29254
-3.43602
-3.34403
-2.04442
-0.592122
0.347733
0.622739
0.447859
0.147016
-0.0554937
-0.104565
-0.0610794
-0.00686704
0.0167084
0.013084
0.00244441
-0.00265728
-0.00203687
-0.000193819
0.000442069
0.000200998
-3.52276e-05
-4.71624e-05
-2.6587e-06
5.93774e-06
6.13064e-08
)
;

boundaryField
{
    fixedWall_Bottom
    {
        type            greyDiffusiveRadiation;
        refValue        uniform 18049.5;
        refGradient     uniform 0;
        valueFraction   uniform 1;
        source          uniform 0;
        value           uniform 18049.5;
    }
    fixedWall_Right
    {
        type            greyDiffusiveRadiation;
        refValue        uniform 0;
        refGradient     uniform 0;
        valueFraction   uniform 1;
        source          uniform 0;
        value           uniform 0;
    }
    fixedWall_Left
    {
        type            greyDiffusiveRadiation;
        refValue        uniform 0;
        refGradient     uniform 0;
        valueFraction   uniform 0;
        source          uniform 0;
        value           nonuniform List<scalar> 
30
(
18049.4
18049.7
18049.6
18048.1
18047.3
18053.3
18063.3
18055.4
18009.3
17958.7
18008.3
18249.2
18602.4
18731.7
18148
16474.1
13692
10195.7
6619.49
3562.6
1376.08
103.94
-437.314
-521.589
-397.295
-229.922
-98.6867
-22.3418
10.1993
16.9901
)
;
    }
    fixedWall_Top
    {
        type            greyDiffusiveRadiation;
        refValue        uniform 0;
        refGradient     uniform 0;
        valueFraction   uniform 0;
        source          uniform 0;
        value           nonuniform List<scalar> 
30
(
16.9901
18.276
9.94239
3.5726
-1.29254
-3.43602
-3.34403
-2.04442
-0.592122
0.347733
0.622739
0.447859
0.147016
-0.0554937
-0.104565
-0.0610794
-0.00686704
0.0167084
0.013084
0.00244441
-0.00265728
-0.00203687
-0.000193819
0.000442069
0.000200998
-3.52276e-05
-4.71624e-05
-2.6587e-06
5.93774e-06
6.13064e-08
)
;
    }
    frontAndBack
    {
        type            empty;
    }
}


// ************************************************************************* //
