/*--------------------------------*- C++ -*----------------------------------*\
| =========                 |                                                 |
| \\      /  F ield         | OpenFOAM: The Open Source CFD Toolbox           |
|  \\    /   O peration     | Version:  2312                                  |
|   \\  /    A nd           | Website:  www.openfoam.com                      |
|    \\/     M anipulation  |                                                 |
\*---------------------------------------------------------------------------*/
FoamFile
{
    version     2.0;
    format      ascii;
    arch        "LSB;label=32;scalar=64";
    class       volScalarField;
    location    "0.045";
    object      ILambda_1_0;
}
// * * * * * * * * * * * * * * * * * * * * * * * * * * * * * * * * * * * * * //

dimensions      [1 0 -3 0 0 0 0];

internalField   nonuniform List<scalar> 
900
(
16149.2
18557.2
18110.1
18043.3
18048.6
18049.6
18049.5
18049.5
18049.5
18049.5
18049.5
18049.5
18049.5
18049.5
18049.5
18049.5
18049.5
18049.5
18049.5
18049.5
18049.5
18049.5
18049.5
18049.5
18049.5
18049.5
18049.5
18049.5
18049.5
18049.5
12820.3
18939.2
18379
18052.6
18040.4
18048.9
18049.7
18049.5
18049.5
18049.5
18049.5
18049.5
18049.5
18049.5
18049.5
18049.5
18049.5
18049.5
18049.5
18049.5
18049.5
18049.5
18049.5
18049.5
18049.5
18049.5
18049.5
18049.5
18049.5
18049.5
10017.5
18682.7
18712.9
18115.5
18029.2
18045.1
18049.8
18049.6
18049.5
18049.5
18049.5
18049.5
18049.5
18049.5
18049.5
18049.5
18049.5
18049.5
18049.5
18049.5
18049.5
18049.5
18049.5
18049.5
18049.5
18049.5
18049.5
18049.5
18049.5
18049.5
7698.72
17917
19002.4
18245
18026
18036.8
18049.1
18049.9
18049.5
18049.5
18049.5
18049.5
18049.5
18049.5
18049.5
18049.5
18049.5
18049.5
18049.5
18049.5
18049.5
18049.5
18049.5
18049.5
18049.5
18049.5
18049.5
18049.5
18049.5
18049.5
5803.45
16783.3
19162.2
18432.8
18043.9
18025.2
18046.4
18050.2
18049.7
18049.5
18049.5
18049.5
18049.5
18049.5
18049.5
18049.5
18049.5
18049.5
18049.5
18049.5
18049.5
18049.5
18049.5
18049.5
18049.5
18049.5
18049.5
18049.5
18049.5
18049.5
4271.88
15406.2
19138
18654.7
18094.2
18013.8
18040.6
18050.2
18050
18049.5
18049.5
18049.5
18049.5
18049.5
18049.5
18049.5
18049.5
18049.5
18049.5
18049.5
18049.5
18049.5
18049.5
18049.5
18049.5
18049.5
18049.5
18049.5
18049.5
18049.5
3049.23
13888.4
18903.4
18878.2
18183.4
18008.4
18031.5
18049
18050.4
18049.6
18049.4
18049.4
18049.4
18049.4
18049.4
18049.4
18049.4
18049.4
18049.4
18049.4
18049.4
18049.4
18049.4
18049.4
18049.4
18049.4
18049.4
18049.4
18049.4
18049.4
2086.56
12311.9
18453.6
19068
18311.5
18015.9
18019.8
18046.2
18050.8
18049.9
18049.4
18049.4
18049.4
18049.4
18049.4
18049.4
18049.4
18049.4
18049.4
18049.4
18049.4
18049.4
18049.4
18049.4
18049.4
18049.4
18049.4
18049.4
18049.4
18049.4
1340.7
10740.7
17799.8
19190.9
18472.3
18043.1
18007.5
18040.9
18050.9
18050.3
18049.5
18049.4
18049.5
18049.5
18049.5
18049.5
18049.5
18049.5
18049.5
18049.5
18049.5
18049.5
18049.5
18049.5
18049.5
18049.5
18049.5
18049.5
18049.5
18049.5
773.876
9222.51
16964.6
19218
18653.9
18095.4
17997.8
18032.8
18050.2
18050.9
18049.7
18049.5
18049.5
18049.5
18049.5
18049.5
18049.5
18049.5
18049.5
18049.5
18049.5
18049.5
18049.5
18049.5
18049.5
18049.5
18049.5
18049.5
18049.5
18049.5
353.319
7792.06
15977.2
19127.3
18840.1
18175.8
17994.6
18022.2
18048.1
18051.5
18050
18049.5
18049.5
18049.5
18049.6
18049.6
18049.5
18049.5
18049.5
18049.5
18049.5
18049.5
18049.5
18049.5
18049.5
18049.5
18049.5
18049.5
18049.5
18049.5
50.8362
6472.7
14870.9
18904.4
19012.4
18284.6
18002.4
18009.7
18044
18051.8
18050.4
18049.5
18049.4
18049.5
18049.5
18049.5
18049.5
18049.5
18049.5
18049.5
18049.5
18049.5
18049.5
18049.5
18049.5
18049.5
18049.5
18049.5
18049.5
18049.5
-157.621
5278.66
13680
18541.9
19151.1
18418.9
18025.6
17997
18037.5
18051.5
18050.9
18049.5
18049.2
18049.3
18049.3
18049.3
18049.3
18049.3
18049.3
18049.3
18049.3
18049.3
18049.3
18049.3
18049.3
18049.3
18049.3
18049.3
18049.3
18049.3
-292.38
4216.83
12437.8
18039.8
19237
18573
18068.4
17986.8
18028.5
18050.3
18051.5
18049.7
18049.1
18049.2
18049.2
18049.2
18049.2
18049.2
18049.2
18049.2
18049.2
18049.2
18049.2
18049.2
18049.2
18049.2
18049.2
18049.2
18049.2
18049.2
-370.454
3288.31
11175.5
17404
19252.2
18738
18133.5
17982.1
18017.4
18047.7
18052.2
18050.2
18049.2
18049.2
18049.3
18049.3
18049.3
18049.3
18049.3
18049.3
18049.3
18049.3
18049.3
18049.3
18049.3
18049.3
18049.3
18049.3
18049.3
18049.3
-405.933
2489.75
9921.22
16645.6
19181.7
18902.6
18222
17986.3
18005.1
18043.5
18052.7
18051
18049.6
18049.4
18049.5
18049.5
18049.5
18049.5
18049.5
18049.5
18049.5
18049.5
18049.5
18049.5
18049.5
18049.5
18049.5
18049.5
18049.5
18049.5
-410.348
1814.55
8698.94
15779.8
19013.8
19053.7
18332.8
18002.7
17992.8
18037.4
18052.8
18052
18050.2
18049.8
18049.8
18049.9
18049.9
18049.9
18049.9
18049.9
18049.9
18049.9
18049.9
18049.9
18049.9
18049.9
18049.9
18049.9
18049.9
18049.9
-393.008
1253.81
7528.72
14824.6
18740.5
19177.4
18462.7
18034.1
17982.1
18029.1
18051.9
18053
18050.7
18050.1
18050.1
18050.2
18050.2
18050.2
18050.2
18050.2
18050.2
18050.2
18050.2
18050.2
18050.2
18050.2
18050.2
18050.2
18050.2
18050.2
-361.316
797.178
6426.41
13800
18358.2
19259.9
18606.5
18082.5
17974.8
18018.5
18049.5
18053.7
18051.2
18050.1
18050.1
18050.1
18050.2
18050.2
18050.2
18050.2
18050.2
18050.2
18050.2
18050.2
18050.2
18050.2
18050.2
18050.2
18050.2
18050.2
-321.048
433.508
5403.78
12726.6
17867.2
19288.1
18757.4
18149.1
17973
18006
18045.1
18053.6
18051.3
18049.7
18049.5
18049.7
18049.7
18049.7
18049.7
18049.7
18049.7
18049.7
18049.7
18049.7
18049.7
18049.7
18049.7
18049.7
18049.7
18049.7
-276.622
151.409
4468.84
11625.1
17271.8
19250.8
18907.4
18234.4
17979.3
17992.2
18038.5
18052.7
18051.1
18048.9
18048.5
18048.7
18048.7
18048.7
18048.7
18048.7
18048.7
18048.7
18048.7
18048.7
18048.7
18048.7
18048.7
18048.7
18048.7
18048.7
-231.32
-60.3387
3626.18
10514.9
16579.2
19138.5
19047.8
18338
17996.1
17978.3
18029.4
18050.9
18050.8
18048
18047.3
18047.4
18047.5
18047.5
18047.5
18047.5
18047.5
18047.5
18047.5
18047.5
18047.5
18047.5
18047.5
18047.5
18047.5
18047.5
-187.499
-212.468
2877.45
9414.22
15799.4
18944.2
19169.5
18458.7
18026.7
17966.2
18018.3
18048
18050.7
18047.5
18046.2
18046.2
18046.4
18046.4
18046.4
18046.4
18046.4
18046.4
18046.4
18046.4
18046.4
18046.4
18046.4
18046.4
18046.4
18046.4
-146.768
-315.005
2221.83
8339.34
14944.3
18662.5
19262.5
18593.8
18073.6
17958.4
18005.7
18044.3
18051.1
18047.8
18045.9
18045.7
18045.9
18046
18046
18046
18046
18046
18046
18046
18046
18046
18046
18046
18046
18046
-110.138
-377.158
1656.43
7304.58
14027.8
18291.3
19317.5
18740.2
18140.1
17958.4
17993.2
18040.4
18052.9
18050.2
18047.5
18047
18047.2
18047.3
18047.3
18047.3
18047.3
18047.3
18047.3
18047.3
18047.3
18047.3
18047.3
18047.3
18047.3
18047.3
-78.1515
-407.094
1176.69
6320.84
13061.7
17826.8
19321.4
18890
18226.2
17968.1
17980.8
18035
18054.7
18053.5
18050.1
18049.1
18049.3
18049.4
18049.5
18049.5
18049.5
18049.5
18049.5
18049.5
18049.5
18049.5
18049.5
18049.5
18049.5
18049.5
-51.0322
-412.562
777.425
5402.56
12071.3
17283.4
19275
19042.7
18336.5
17994.2
17974.2
18032.4
18060.8
18062.3
18058.4
18056.8
18056.8
18057
18057.1
18057.1
18057
18057
18057
18057
18057
18057
18057
18057
18057
18057
-28.4862
-397.908
448.644
4533.66
11024.8
16610.9
19128.2
19168
18460.1
18032.4
17966.1
18021.6
18058.7
18064.5
18060.7
18058.4
18058.1
18058.3
18058.5
18058.5
18058.5
18058.5
18058.5
18058.5
18058.5
18058.5
18058.5
18058.5
18058.5
18058.5
-11.5671
-377.307
203.264
3831.62
10143.2
16030.8
19011.1
19303.8
18597.4
18087.3
17974.2
18026.8
18073.4
18084.1
18080.5
18077.4
18076.8
18077
18077.2
18077.2
18077.2
18077.2
18077.2
18077.2
18077.2
18077.2
18077.2
18077.2
18077.2
18077.2
7.64972
-317.971
-79.0131
2767.68
8537.66
14687.8
18442.9
19347.5
18808.9
18203.8
17982
17998.2
18051.3
18072.9
18073.1
18069.7
18068.3
18068.3
18068.4
18068.5
18068.5
18068.5
18068.5
18068.5
18068.5
18068.5
18068.5
18068.5
18068.5
18068.5
)
;

boundaryField
{
    fixedWall_Bottom
    {
        type            greyDiffusiveRadiation;
        refValue        uniform 18049.5;
        refGradient     uniform 0;
        valueFraction   uniform 1;
        source          uniform 0;
        value           uniform 18049.5;
    }
    fixedWall_Right
    {
        type            greyDiffusiveRadiation;
        refValue        uniform 0;
        refGradient     uniform 0;
        valueFraction   uniform 0;
        source          uniform 0;
        value           nonuniform List<scalar> 
30
(
18049.5
18049.5
18049.5
18049.5
18049.5
18049.5
18049.4
18049.4
18049.5
18049.5
18049.5
18049.5
18049.3
18049.2
18049.3
18049.5
18049.9
18050.2
18050.2
18049.7
18048.7
18047.5
18046.4
18046
18047.3
18049.5
18057
18058.5
18077.2
18068.5
)
;
    }
    fixedWall_Left
    {
        type            greyDiffusiveRadiation;
        refValue        uniform 0;
        refGradient     uniform 0;
        valueFraction   uniform 1;
        source          uniform 0;
        value           uniform 0;
    }
    fixedWall_Top
    {
        type            greyDiffusiveRadiation;
        refValue        uniform 0;
        refGradient     uniform 0;
        valueFraction   uniform 0;
        source          uniform 0;
        value           nonuniform List<scalar> 
30
(
7.64972
-317.971
-79.0131
2767.68
8537.66
14687.8
18442.9
19347.5
18808.9
18203.8
17982
17998.2
18051.3
18072.9
18073.1
18069.7
18068.3
18068.3
18068.4
18068.5
18068.5
18068.5
18068.5
18068.5
18068.5
18068.5
18068.5
18068.5
18068.5
18068.5
)
;
    }
    frontAndBack
    {
        type            empty;
    }
}


// ************************************************************************* //
