/*--------------------------------*- C++ -*----------------------------------*\
| =========                 |                                                 |
| \\      /  F ield         | OpenFOAM: The Open Source CFD Toolbox           |
|  \\    /   O peration     | Version:  2312                                  |
|   \\  /    A nd           | Website:  www.openfoam.com                      |
|    \\/     M anipulation  |                                                 |
\*---------------------------------------------------------------------------*/
FoamFile
{
    version     2.0;
    format      ascii;
    arch        "LSB;label=32;scalar=64";
    class       volScalarField;
    location    "0.045";
    object      ILambda_55_0;
}
// * * * * * * * * * * * * * * * * * * * * * * * * * * * * * * * * * * * * * //

dimensions      [1 0 -3 0 0 0 0];

internalField   nonuniform List<scalar> 
900
(
18049.5
18049.5
18049.5
18049.5
18049.5
18049.5
18049.5
18049.5
18049.5
18049.5
18049.5
18049.5
18049.5
18049.5
18049.4
18049.2
18049.1
18049.6
18051.2
18053.1
18051.9
18041.8
18020.7
18007
18060.7
18270.4
18617.3
18574.6
16386.4
8501.71
18049.4
18049.4
18049.4
18049.4
18049.4
18049.4
18049.4
18049.4
18049.4
18049.5
18049.5
18049.5
18049.3
18049.1
18049
18049.9
18052
18054.1
18052
18039.2
18014.4
17998.5
18050.8
18251.9
18595.7
18754.3
17818.6
14419.1
7913.06
807.692
18049.5
18049.5
18049.5
18049.5
18049.4
18049.5
18049.5
18049.6
18049.6
18049.6
18049.5
18049.2
18049
18049.7
18051.6
18054.2
18053.7
18043.9
18020.8
17996.3
18014.3
18147.7
18438.6
18751.8
18589.3
17057.3
13291.9
7466.81
1726.12
-698.233
18049.7
18049.6
18049.6
18049.7
18049.7
18049.8
18049.9
18050
18049.8
18049.4
18049.1
18049.3
18050.8
18053.5
18054.9
18049.4
18031.2
18003.4
17993.2
18059.2
18265.2
18592.9
18799.7
18316.1
16364
12447.3
7071.64
2032.9
-573.538
-421.123
18049.5
18049.6
18049.7
18049.8
18049.9
18049.9
18049.7
18049.2
18048.7
18048.5
18049.4
18051.9
18054.6
18053.3
18041.6
18016.8
17991.7
18006.6
18124.6
18385.4
18706.7
18769.2
17991.1
15730.9
11750.7
6704.26
2132.91
-414.334
-694.234
-79.5007
18048.9
18049.1
18049.1
18049.1
18048.9
18048.4
18047.6
18047.1
18047.6
18049.6
18053
18054.8
18049.5
18031.5
18003.3
17988
18035.1
18202.8
18498.1
18780.2
18680.4
17638.4
15144.3
11144.6
6358.74
2133.9
-309.098
-783.318
-282.337
35.667
18048.7
18048.6
18048.3
18047.8
18047
18046.4
18046.5
18048.2
18051.8
18055.6
18055.3
18044.8
18021
17993.2
17993.7
18076.6
18287.6
18597.7
18816.4
18547.2
17270
14594
10599.7
6031.54
2083.1
-247.601
-820.883
-417.713
-15.7114
31.3676
18049.7
18049.1
18048.4
18047.8
18047.8
18049.3
18052.7
18057.4
18060.4
18056.3
18039.5
18010.7
17987.1
18008.4
18128
18374.1
18681.2
18818.8
18379.6
16892.9
14073.1
10099.5
5720.14
2003.1
-216.359
-838.355
-512.5
-82.0753
50.2142
8.02514
18051.6
18051
18051.1
18052.3
18055.4
18060.2
18064.8
18065
18054.8
18030.8
17998.9
17983.7
18029.9
18185.8
18458.3
18746.9
18790.8
18184.5
16511.1
13576.5
9634.05
5422.73
1905.93
-206.23
-847.55
-579.887
-144.636
46.2554
30.6085
-2.57811
18052.4
18053.7
18056.3
18060.6
18065.5
18067.9
18062.7
18044.7
18013.8
17982.1
17980.7
18056.3
18247.5
18537.6
18794.4
18735.5
17966.9
16126.8
13100.6
9196.68
5138
1798.67
-211.03
-853.582
-628.813
-198.867
32.265
46.7402
5.53641
-3.05491
18050.4
18055
18059.1
18062.2
18059.9
18047.4
18021.5
17986.4
17960.5
17979.7
18089
18313.7
18612.3
18825
18656.2
17730.8
15741.5
12642.2
8782.67
4864.9
1685.71
-226.445
-858.677
-665.019
-244.496
14.0313
56.9013
16.7271
-3.90322
-1.00525
18045.6
18049.6
18048.6
18040.2
18020.2
17988.5
17954.5
17941.9
17989.1
18135.1
18389.4
18685.8
18841.8
18556.2
17479
15355.7
12199.2
8388.68
4602.64
1569.87
-249.459
-863.775
-692.167
-282.358
-5.36064
62.2416
28.0251
-1.30718
-3.41119
0.172026
18038.4
18031.8
18017.3
17991.7
17959
17933.3
17942.2
18022.9
18205.8
18482
18762.3
18847.2
18437.7
17213.1
14969.5
11769.6
8012.55
4350.88
1453.16
-278.026
-869.36
-712.66
-313.434
-24.2424
64.0795
38.1822
3.31025
-4.76757
-0.956511
0.327139
18029.9
18005.4
17979.1
17951.5
17941.5
17978.3
18094.8
18309.6
18594.9
18841.7
18839.6
18298.9
16931.6
14581.3
11351.5
7653.04
4110.1
1337.48
-310.653
-875.941
-728.343
-338.611
-41.613
63.5495
46.7506
8.97005
-4.93573
-2.44193
0.284696
0.136113
18027.3
17995
17980.2
17991.6
18058.9
18208.2
18444.2
18721.2
18914.5
18809.6
18132
16628.6
14186.8
10942.5
7309.5
3881.72
1225.29
-345.781
-884.092
-741.047
-358.884
-56.7831
61.7102
53.6687
14.9122
-4.03133
-3.81225
-0.252338
0.38746
-0.00333609
18048.9
18044.3
18080.7
18176.5
18349.9
18591.7
18840.2
18960
18738.8
17922.6
16294.2
13779.7
10539.1
6981.51
3667.98
1120.05
-381.076
-894.046
-752.751
-375.724
-69.467
59.6516
59.2474
20.5713
-2.39714
-4.80197
-1.05996
0.439217
0.147095
-0.0331979
18117.3
18187.5
18303.7
18488.8
18718.1
18917.9
18947.1
18601.7
17651.6
15914.9
13351.5
10137
6668.5
3471.56
1026.13
-412.978
-905.039
-765.24
-391.23
-80.1406
58.3068
64.2275
25.7268
-0.503724
-5.40233
-1.90854
0.296941
0.297314
-0.00811862
-0.0162609
18235.9
18402.9
18578.8
18778.6
18912.4
18839.9
18369.6
17298.2
15477
12893.5
9731.32
6369.33
3294.83
948.269
-436.792
-914.831
-779.416
-407.792
-90.2789
57.9874
69.5927
30.695
1.28384
-5.86635
-2.68541
0.0696186
0.39483
0.052003
-0.0326923
-0.0007764
18358
18579.1
18723.7
18781.4
18603.5
18016.6
16844.2
14968.1
12397.5
9317.17
6082.01
3139.03
890.535
-447.359
-919.725
-794.68
-427.358
-102.143
57.9629
76.0708
36.2911
3.01802
-6.54156
-3.51702
-0.137391
0.489345
0.108123
-0.0408664
-0.00788419
0.00245173
18371.7
18522.1
18487.7
18210.8
17523.3
16276.8
14380
11857.8
8889.98
5803.53
3003.64
855.4
-440.071
-915.138
-808.728
-450.635
-118.097
56.4406
83.5684
43.4328
5.31259
-7.54546
-4.72352
-0.385843
0.680273
0.194562
-0.068552
-0.0225375
0.00938315
-0.00019916
18115.9
18013.9
17645.3
16880.5
15591.2
13709.7
11271.2
8445.98
5529.99
2886.11
843.02
-411.889
-896.547
-817.902
-476.619
-139.727
51.0606
90.9022
52.5504
9.13191
-8.50022
-6.56607
-0.958948
0.971301
0.41648
-0.0967801
-0.0742092
0.0145105
0.0089465
-0.00237399
17429.8
16895.1
16091.5
14790.8
12960
10638.3
7982.69
5257.02
2782.08
851.024
-362.051
-860.497
-817.979
-502.665
-167.164
39.7097
96.0243
63.1432
15.2926
-8.55326
-8.94413
-2.2129
1.16062
0.8469
-0.02973
-0.169064
-0.0123675
0.0277687
0.00118527
-0.00235418
16213.2
15133.7
13892.4
12138.7
9962.82
7499.27
4980.34
2685.9
874.802
-292.308
-805.371
-805.133
-525.043
-198.864
21.2986
96.6535
73.7397
23.9534
-6.71669
-11.2712
-4.30411
0.889562
1.4009
0.248843
-0.244114
-0.099335
0.0336897
0.0196014
-0.00455582
-0.00113562
14470
12846.4
11268.9
9250.39
6996.99
4696.34
2591.47
908.185
-206.671
-731.752
-776.775
-539.794
-231.909
-3.80018
91.0253
82.2844
34.3752
-2.34104
-12.6389
-6.98486
-0.155759
1.80784
0.762944
-0.182758
-0.225231
-0.00918834
0.0427777
0.00567407
-0.00576262
2.69025e-05
12315.7
10265.8
8526.1
6476.62
4403.04
2493.04
944.339
-110.796
-642.335
-732.073
-543.578
-262.659
-33.7769
78.4575
86.7596
45.0608
4.53491
-12.1827
-9.61504
-2.0236
1.72682
1.37211
0.103636
-0.306067
-0.112257
0.0406874
0.0290724
-0.00376622
-0.0040893
0.000597527
9947.26
7670.67
5963.31
4096.73
2386.43
976.622
-11.1211
-541.465
-672.069
-534.312
-287.535
-65.8041
59.5517
85.7726
54.1864
13.1226
-9.44883
-11.3881
-4.40482
0.934694
1.80865
0.591091
-0.239963
-0.234324
-0.0130463
0.0478575
0.0112828
-0.00674566
-0.00181188
0.000644995
7591.64
5313.8
3802.81
2265.03
999.808
85.6444
-434.666
-599.58
-511.538
-303.698
-96.6365
36.051
78.9242
60.1226
22.106
-4.58839
-11.6439
-6.72475
-0.534853
1.80651
1.12545
0.0198868
-0.295234
-0.111606
0.0357387
0.0330851
-0.000652137
-0.00561649
-0.000198934
0.000444094
5435.13
3359.73
2150.47
1005.2
175.235
-326.215
-517.102
-475.349
-309.04
-123.239
10.2198
66.6488
61.7263
29.9992
1.71091
-10.0804
-8.34406
-2.3813
1.234
1.48525
0.420349
-0.224559
-0.208107
-0.0191207
0.0430786
0.0150777
-0.00533944
-0.00320441
0.00051894
0.000215197
3706.04
1933.48
1039.15
254.923
-225.603
-438.693
-437.524
-309.943
-146.563
-15.7622
51.4114
60.0208
36.383
8.63838
-7.00286
-8.99386
-4.25233
0.159132
1.51998
0.84492
-0.00798261
-0.245361
-0.101758
0.0243546
0.0314587
0.00295302
-0.00540001
-0.00122963
0.000623591
6.08382e-05
1856.83
650.082
173.439
-196.887
-346.844
-342.181
-243.461
-117.664
-15.3388
39.4307
48.9018
31.7614
9.39436
-4.64358
-7.71104
-4.4048
-0.469047
1.21828
0.936217
0.159678
-0.198813
-0.140868
-0.00615045
0.0332761
0.0120192
-0.00391902
-0.00308945
0.000193282
0.00041153
-3.39342e-05
)
;

boundaryField
{
    fixedWall_Bottom
    {
        type            greyDiffusiveRadiation;
        refValue        uniform 18049.5;
        refGradient     uniform 0;
        valueFraction   uniform 1;
        source          uniform 0;
        value           uniform 18049.5;
    }
    fixedWall_Right
    {
        type            greyDiffusiveRadiation;
        refValue        uniform 0;
        refGradient     uniform 0;
        valueFraction   uniform 1;
        source          uniform 0;
        value           uniform 0;
    }
    fixedWall_Left
    {
        type            greyDiffusiveRadiation;
        refValue        uniform 0;
        refGradient     uniform 0;
        valueFraction   uniform 0;
        source          uniform 0;
        value           nonuniform List<scalar> 
30
(
18049.5
18049.4
18049.5
18049.7
18049.5
18048.9
18048.7
18049.7
18051.6
18052.4
18050.4
18045.6
18038.4
18029.9
18027.3
18048.9
18117.3
18235.9
18358
18371.7
18115.9
17429.8
16213.2
14470
12315.7
9947.26
7591.64
5435.13
3706.04
1856.83
)
;
    }
    fixedWall_Top
    {
        type            greyDiffusiveRadiation;
        refValue        uniform 0;
        refGradient     uniform 0;
        valueFraction   uniform 0;
        source          uniform 0;
        value           nonuniform List<scalar> 
30
(
1856.83
650.082
173.439
-196.887
-346.844
-342.181
-243.461
-117.664
-15.3388
39.4307
48.9018
31.7614
9.39436
-4.64358
-7.71104
-4.4048
-0.469047
1.21828
0.936217
0.159678
-0.198813
-0.140868
-0.00615045
0.0332761
0.0120192
-0.00391902
-0.00308945
0.000193282
0.00041153
-3.39342e-05
)
;
    }
    frontAndBack
    {
        type            empty;
    }
}


// ************************************************************************* //
