/*--------------------------------*- C++ -*----------------------------------*\
| =========                 |                                                 |
| \\      /  F ield         | OpenFOAM: The Open Source CFD Toolbox           |
|  \\    /   O peration     | Version:  2312                                  |
|   \\  /    A nd           | Website:  www.openfoam.com                      |
|    \\/     M anipulation  |                                                 |
\*---------------------------------------------------------------------------*/
FoamFile
{
    version     2.0;
    format      ascii;
    arch        "LSB;label=32;scalar=64";
    class       volScalarField;
    location    "0.045";
    object      ILambda_7_0;
}
// * * * * * * * * * * * * * * * * * * * * * * * * * * * * * * * * * * * * * //

dimensions      [1 0 -3 0 0 0 0];

internalField   nonuniform List<scalar> 
900
(
9547.76
17241.8
18747.7
18470.6
18129
18013.8
18018.1
18041.4
18052
18052.5
18050.5
18049.3
18049.1
18049.3
18049.5
18049.5
18049.5
18049.5
18049.5
18049.5
18049.5
18049.5
18049.5
18049.5
18049.5
18049.5
18049.5
18049.5
18049.5
18049.5
1663.05
10136.4
16323.4
18623
18743.7
18331.8
18065.2
17999.3
18018.9
18043.9
18053.4
18052.9
18050.4
18049.2
18049.1
18049.3
18049.5
18049.5
18049.4
18049.4
18049.4
18049.5
18049.5
18049.5
18049.5
18049.5
18049.5
18049.5
18049.5
18049.5
-525.117
3630.37
10582.7
16016.6
18463.8
18832.8
18467.2
18131.5
18003.2
18002.7
18032.7
18050.8
18054.2
18051.9
18049.7
18049
18049.2
18049.4
18049.5
18049.4
18049.4
18049.4
18049.4
18049.4
18049.4
18049.4
18049.4
18049.4
18049.4
18049.4
-567.851
230.837
4757.59
10977.8
15916.6
18358.6
18870.3
18562
18194.1
18017.2
17992.6
18021.5
18046.2
18054.4
18053.4
18050.6
18049.3
18049.2
18049.5
18049.6
18049.6
18049.5
18049.5
18049.5
18049.5
18049.5
18049.5
18049.5
18049.5
18049.5
-220.953
-704.789
992.123
5602.2
11345.2
15915.6
18297.1
18887.8
18629.4
18248.4
18035.5
17987.2
18011.3
18040.5
18053.5
18054.3
18051.5
18049.6
18049.3
18049.6
18049.9
18050
18049.8
18049.7
18049.6
18049.6
18049.6
18049.7
18049.7
18049.7
-11.1908
-546.228
-539.873
1685.51
6298.72
11690.7
15966.4
18265.8
18897
18678.3
18294
18054.8
17985.4
18002.6
18034.3
18051.5
18054.5
18051.8
18049.4
18048.7
18049.1
18049.7
18049.9
18049.9
18049.7
18049.6
18049.5
18049.5
18049.5
18049.5
42.4429
-202.427
-702.301
-266.66
2318.56
6904.89
12017.9
16046.4
18255.7
18903
18714.4
18331.8
18073.7
17985.9
17995.7
18028.6
18049.3
18054.3
18051.8
18048.7
18047.4
18047.8
18048.6
18049.1
18049.3
18049.2
18049.1
18049
18048.9
18048.9
28.8018
-1.32324
-389.141
-750.217
58.3366
2905.17
7449.82
12329.3
16143.5
18260.5
18908.1
18741.6
18362.9
18091.3
17988.2
17990.8
18024.2
18048.2
18055.4
18053
18048.9
18046.7
18046.6
18047.4
18048.3
18048.8
18048.9
18048.8
18048.7
18048.6
7.6776
50.978
-98.2692
-543.433
-719.683
411.116
3455.4
7949.93
12626.7
16250.8
18276
18913.3
18762.1
18388.2
18106.9
17991.2
17987.4
18021.4
18048.9
18058.8
18057
18051.8
18048.2
18047.2
18047.7
18048.6
18049.4
18049.8
18049.9
18049.8
-2.46286
35.0787
35.2043
-215.743
-657.218
-630.899
779.444
3976.31
8415.38
12911.5
16364
18299.2
18919
18777.6
18408
18119.1
17992.6
17983.1
18018
18049.7
18063.4
18063
18057.3
18052.3
18049.9
18049.6
18050.3
18051.2
18051.7
18052.1
-3.65769
10.2903
53.2068
-9.66791
-335.899
-730.783
-497.781
1156.58
4472.94
8852.82
13184.7
16480
18327.9
18925.2
18789.1
18422.5
18126.7
17989.8
17974.3
18009.8
18046.4
18065
18067.6
18062.4
18056.4
18052.6
18051.2
18051.3
18052
18052.8
-1.7695
-2.55835
28.7179
56.2845
-75.0945
-448.668
-766.968
-330.045
1538.55
4948.93
9266.64
13446.8
16596.7
18360.7
18933
18798.8
18433.8
18130.4
17982
17958.8
17993.7
18034.7
18059.3
18066.2
18063
18057
18052.1
18049.6
18048.9
18049.3
-0.179426
-4.65273
5.59021
46.0679
42.901
-153.381
-548.314
-769.213
-134.707
1922.86
5406.9
9659.89
13698
16712.8
18397.2
18944.2
18810.9
18446.7
18134.8
17973
17939.2
17970.7
18014.6
18044.9
18057.2
18057.3
18052.4
18047.3
18044.1
18042.3
0.376423
-2.51351
-4.25404
18.2843
57.8004
14.2984
-238.194
-631.688
-741
82.9769
2307.94
5848.98
10034.7
13938.5
16827.1
18437.4
18961.8
18830.8
18468.6
18148.4
17971.3
17923.5
17947.7
17991.6
18026.3
18044
18048.3
18045.6
18041.3
18036.8
0.309271
-0.421353
-4.69651
0.0453212
32.6513
61.4053
-27.0394
-324.599
-697.422
-685.707
319.204
2693.27
6277.11
10392.5
14167.2
16937.4
18480.4
18987.3
18863.2
18506.9
18180.3
17987.4
17922.8
17935.8
17975.9
18012.5
18034.6
18043.2
18043.6
18039.5
0.104733
0.429593
-2.12901
-5.42262
7.77725
46.0959
56.0116
-78.2307
-409.193
-745.511
-606.189
571.907
3079.44
6692.93
10733
14381.1
17039.4
18522.2
19018.8
18908.7
18564.8
18236.4
18029.4
17946.6
17945.1
17977.8
18013.3
18037.9
18050
18053.5
-0.0165514
0.416567
-0.14077
-4.00657
-4.02317
17.8272
56.8283
41.9048
-136.84
-490.228
-776.577
-503.891
841.121
3467.94
7097.01
11053.6
14574.4
17124.8
18554.2
19048.7
18961.3
18638.1
18314.9
18097.7
17997.7
17980
18002.2
18033.5
18057.9
18075.6
-0.0398802
0.156121
0.521549
-1.2735
-5.42509
-0.466964
29.1342
64.0187
19.6609
-201.645
-567.17
-790.565
-377.942
1128.76
3860.04
7487.73
11348.8
14737.6
17181.7
18563
19062.7
19006.7
18713.4
18403.6
18182.4
18068.1
18034.4
18044.6
18068.4
18097.7
-0.0194905
-0.0212081
0.389529
0.317961
-2.75781
-6.08256
5.10304
41.1929
67.2826
-10.9202
-272.728
-639.383
-785.311
-225.002
1437.43
4255.31
7860.25
11609.3
14857.7
17194.2
18530.4
19040.6
19023.2
18768.4
18480.6
18262.6
18138.8
18091.3
18088.1
18111.3
0.00166748
-0.062783
0.0864206
0.625563
-0.242227
-4.5302
-5.78374
12.9253
53.8889
65.6319
-51.363
-350.464
-704.4
-755.852
-40.3017
1768.51
4650.02
8205.93
11822.5
14919.3
17144.1
18435.1
18958.3
18984.2
18774.4
18516.3
18308.9
18181.4
18123.1
18110
0.00937736
-0.0324481
-0.0885803
0.323089
0.809703
-1.3502
-6.58529
-3.93364
23.6896
66.5984
56.6292
-103.912
-433.723
-756.722
-695.082
180.322
2120.19
5036.29
8512.59
11973.8
14905.7
17012.4
18255.5
18790.8
18861
18700
18477.6
18287.2
18163.5
18085.7
0.0069193
0.00563123
-0.109434
-0.0200037
0.743826
0.703957
-3.32772
-8.51933
0.703322
37.8253
77.164
36.5583
-169.872
-518.271
-787.938
-595.657
438.117
2486.1
5402.09
8765.56
12047.7
14800.9
16781.9
17971.7
18515
18627.5
18516
18332.1
18168.3
18019.5
0.00151286
0.0238844
-0.0553637
-0.180282
0.284164
1.23494
-0.180557
-6.23307
-9.14024
9.52488
54.3971
81.6264
1.7905
-247.737
-596.298
-788.291
-452.459
729.66
2855.1
5732.32
8949.34
12029.8
14591.6
16438.8
17568.4
18113.1
18262.9
18197.7
18060.4
17873.7
-0.00232714
0.022908
0.00190128
-0.174409
-0.0933172
0.87381
1.36539
-2.2973
-9.36651
-6.66248
23.0356
70.4371
75.1488
-49.2761
-332.152
-657.452
-749.107
-264.74
1046.21
3212.15
6010.53
9049.59
11909.1
14268.7
15974.8
17036.6
17574.7
17753.4
17737.9
17589.2
-0.00354624
0.0131986
0.0319763
-0.0961182
-0.246641
0.306645
1.50843
0.526511
-5.55224
-11.1767
0.434968
39.8975
81.3263
53.7895
-114.704
-414.273
-691.005
-665.213
-37.2472
1374.3
3540.08
6221.02
9054.92
11678.6
13828.8
15388.2
16375.3
16897.2
17101.6
17096.1
-0.00296652
0.0035319
0.0356997
-0.0197059
-0.22825
-0.0951603
0.979082
1.65202
-1.63559
-8.98838
-9.80972
12.3662
56.7752
82.1708
16.2608
-188.689
-483.432
-688.337
-536.511
219.972
1697.39
3821.75
6350.72
8958.22
11336.7
13274
14683.4
15589.8
16084.7
16329.8
-0.00175206
-0.00231297
0.0255649
0.0244229
-0.139006
-0.255097
0.372364
1.58062
0.762638
-4.79886
-11.003
-4.05267
27.4716
69.1845
69.5679
-35.0988
-262.532
-529.539
-645.147
-368.745
492.466
1997.87
4042.6
6392.21
8760.27
10891.4
12617.7
13879.8
14687.5
15263
-0.00066909
-0.0042919
0.0127917
0.0371204
-0.0516524
-0.244399
-0.0343488
1.01092
1.59372
-1.29929
-7.88734
-10.0014
5.91525
42.429
72.7205
42.6137
-94.6734
-325.976
-543.721
-560.018
-170.28
764.126
2255.98
4182.5
6325.88
8441.12
10320.3
11839.5
12920.9
13852.3
-1.69556e-05
-0.00395058
0.00351343
0.0320227
0.00266019
-0.166953
-0.207418
0.449341
1.486
0.657155
-4.15545
-9.72489
-5.33092
18.8277
54.7245
66.405
3.78057
-158.658
-379.581
-535.485
-449.311
46.648
1043.95
2519.32
4339.64
6304.43
8202.82
9873.94
11164.4
12428.6
0.000337426
-0.00223965
-0.00282619
0.0163019
0.0305066
-0.0553632
-0.210094
-0.0399043
0.782381
1.37905
-0.439555
-5.38589
-8.72588
-0.900796
23.2973
51.8698
51.9324
-14.5598
-159.353
-338.919
-448.841
-350.141
82.6019
913.82
2121.52
3603.28
5205.71
6780.24
8119.8
9654.05
)
;

boundaryField
{
    fixedWall_Bottom
    {
        type            greyDiffusiveRadiation;
        refValue        uniform 18049.5;
        refGradient     uniform 0;
        valueFraction   uniform 1;
        source          uniform 0;
        value           uniform 18049.5;
    }
    fixedWall_Right
    {
        type            greyDiffusiveRadiation;
        refValue        uniform 0;
        refGradient     uniform 0;
        valueFraction   uniform 0;
        source          uniform 0;
        value           nonuniform List<scalar> 
30
(
18049.5
18049.5
18049.4
18049.5
18049.7
18049.5
18048.9
18048.6
18049.8
18052.1
18052.8
18049.3
18042.3
18036.8
18039.5
18053.5
18075.6
18097.7
18111.3
18110
18085.7
18019.5
17873.7
17589.2
17096.1
16329.8
15263
13852.3
12428.6
9654.05
)
;
    }
    fixedWall_Left
    {
        type            greyDiffusiveRadiation;
        refValue        uniform 0;
        refGradient     uniform 0;
        valueFraction   uniform 1;
        source          uniform 0;
        value           uniform 0;
    }
    fixedWall_Top
    {
        type            greyDiffusiveRadiation;
        refValue        uniform 0;
        refGradient     uniform 0;
        valueFraction   uniform 0;
        source          uniform 0;
        value           nonuniform List<scalar> 
30
(
0.000337426
-0.00223965
-0.00282619
0.0163019
0.0305066
-0.0553632
-0.210094
-0.0399043
0.782381
1.37905
-0.439555
-5.38589
-8.72588
-0.900796
23.2973
51.8698
51.9324
-14.5598
-159.353
-338.919
-448.841
-350.141
82.6019
913.82
2121.52
3603.28
5205.71
6780.24
8119.8
9654.05
)
;
    }
    frontAndBack
    {
        type            empty;
    }
}


// ************************************************************************* //
