/*--------------------------------*- C++ -*----------------------------------*\
| =========                 |                                                 |
| \\      /  F ield         | OpenFOAM: The Open Source CFD Toolbox           |
|  \\    /   O peration     | Version:  2312                                  |
|   \\  /    A nd           | Website:  www.openfoam.com                      |
|    \\/     M anipulation  |                                                 |
\*---------------------------------------------------------------------------*/
FoamFile
{
    version     2.0;
    format      ascii;
    arch        "LSB;label=32;scalar=64";
    class       volScalarField;
    location    "0.045";
    object      ILambda_12_0;
}
// * * * * * * * * * * * * * * * * * * * * * * * * * * * * * * * * * * * * * //

dimensions      [1 0 -3 0 0 0 0];

internalField   nonuniform List<scalar> 
900
(
4219.08
10355.5
14296
16604
17819.4
18358.8
18514.9
18479.7
18370
18250.3
18150.8
18081.1
18039.9
18020.9
18016.7
18020.9
18028.6
18036.7
18043.4
18048.2
18051
18052.2
18052.4
18051.9
18051.2
18050.5
18049.9
18049.4
18049.1
18048.9
-697.968
488.649
3465.31
7090.44
10555.5
13433.9
15582.9
17034.5
17909
18355.2
18515.4
18506.9
18416.5
18301.3
18194.7
18112
18056.7
18026
18013.8
18013.8
18020.2
18029.1
18037.6
18044.5
18049.3
18052
18053.2
18053.2
18052.7
18051.3
-302.806
-917.852
-811.114
362.706
2501.15
5252.24
8205.06
11009.5
13428.6
15344.9
16739.6
17662.3
18200.7
18454.6
18518.7
18472.3
18374.8
18266.4
18170.3
18097.2
18048.9
18022.5
18012.6
18013.5
18020.3
18029.4
18038.2
18045.5
18050.6
18054.9
-3.84976
-273.85
-728.852
-1040.63
-859.705
22.8049
1625.01
3804.73
6326.58
8931.95
11392.9
13543.8
15291.4
16609.2
17523.1
18092.6
18393.3
18502.8
18490.9
18413.9
18312.7
18214
18132.1
18072.7
18035.3
18016.2
18010.6
18013.8
18020.4
18034.4
14.6433
12.1623
-130.991
-446.905
-831.011
-1079.16
-969.561
-339.186
872.557
2617.6
4761.66
7121.61
9504.77
11741.2
13704.3
15319.3
16561.2
17446.3
18019.6
18342.1
18479.3
18492.5
18433.6
18342
18245.1
18159.2
18092.1
18045.5
18017.5
18002.6
1.00764
21.7932
36.1734
-20.0315
-202.044
-506.446
-851.804
-1095.65
-1075.05
-651.883
252.466
1641.1
3444.89
5540.39
7775.39
9995.24
12064.6
13882.2
15386.9
16557.4
17406.1
17970.2
18301
18455.4
18487.6
18444.5
18363.6
18269.8
18188.2
18085
-0.946668
2.35999
19.7959
43.3899
39.1855
-39.7334
-225.703
-510.411
-833.316
-1089.05
-1150.13
-896.514
-242.791
843.992
2338.9
4165.4
6210.22
8342.3
10432
12367.3
14064.5
15473.7
16578
17389
17939.2
18273.5
18442.2
18490.4
18475.1
18360.6
-0.134395
-1.26244
0.869886
13.2859
36.6715
56.3775
41.9647
-42.1771
-219.261
-483.228
-789.721
-1058.62
-1187.51
-1071.69
-625.187
202.6
1417.57
2980.04
4811.52
6807.07
8850.6
10830.2
12650.9
14243.5
15567.8
16612.2
17388.8
17927.5
18263.6
18487.2
0.0663714
-0.310853
-1.4672
-1.05759
6.05986
23.875
48.9189
65.8203
48.5007
-31.9198
-194.762
-437.504
-728.269
-1005.91
-1187.77
-1183.06
-908.508
-303.157
660.559
1971.38
3580.23
5407.34
7353.65
9314.42
11192
12906.9
14400.4
15655.2
16591.6
17626.8
0.0166885
0.0677252
-0.296828
-1.43326
-2.27125
0.521067
11.3283
32.0486
57.7103
73.8639
58.0476
-14.1283
-159.908
-380.279
-653.684
-934.374
-1155.98
-1239.85
-1106.8
-690.238
51.9832
1129.4
2516.29
4155.01
5963.99
7850.79
9715.22
11508.2
12984.3
15021.9
-0.0039182
0.0317752
0.0769213
-0.176299
-1.13201
-2.53223
-2.55672
2.26236
15.5043
37.8398
63.8515
80.5402
68.7682
7.66743
-118.999
-315.971
-570.651
-849.76
-1099.82
-1252.2
-1232.37
-971.816
-419.98
446.453
1618.47
3058.33
4690.62
6489.85
8092.87
10767.4
-0.0016158
-0.00223095
0.0327493
0.0921552
-0.0217168
-0.692877
-2.10263
-3.50049
-2.66707
3.7006
18.3775
41.2601
67.2778
85.4848
79.8424
31.8679
-74.8973
-249.036
-485.13
-759.121
-1027.06
-1228.43
-1294.04
-1156.79
-763.628
-81.4654
879.156
2157.45
3389.26
5951.41
0.000183433
-0.00229334
-0.00293634
0.0261588
0.099855
0.106082
-0.271787
-1.37958
-3.0931
-4.27205
-2.64425
4.59003
19.5301
42.0441
68.2529
89.3767
91.5163
57.1426
-31.1579
-184.937
-403.451
-668.589
-943.168
-1173.58
-1297.42
-1249.74
-991.274
-429.248
172.717
1965.93
5.2171e-05
0.000414417
-0.00243841
-0.00623172
0.0155526
0.0944934
0.17591
0.029338
-0.682343
-2.11128
-3.85163
-4.714
-2.77095
4.31459
18.6123
40.7382
68.1545
93.4359
103.504
80.9065
7.63959
-129.053
-330.481
-581.787
-851.16
-1089.64
-1251.5
-1238.07
-1182.17
-363.86
-0.000110661
0.000338209
0.000884298
-0.00318602
-0.0102732
0.00523361
0.07843
0.186033
0.180924
-0.18061
-1.10273
-2.57905
-4.23856
-5.16977
-3.71435
2.5612
16.3056
38.9383
68.5359
97.8988
113.973
99.5293
37.1775
-85.0622
-268.76
-499.511
-755.148
-972.057
-1185.02
-1106.75
-6.14746e-05
-0.00011639
0.000829817
0.00105369
-0.00445916
-0.0128659
-0.00144249
0.057562
0.153433
0.207182
0.08886
-0.346123
-1.24461
-2.71996
-4.65321
-6.26803
-5.68701
0.0636034
14.1587
38.1525
69.7892
101.443
120.153
109.81
54.8612
-53.89
-219.173
-421.377
-649.565
-904.535
1.78209e-06
-0.000182686
0.000105958
0.00127321
0.000623101
-0.00562422
-0.0127226
-0.00328033
0.0375959
0.101066
0.156374
0.170238
0.0897503
-0.24037
-1.14035
-2.95961
-5.63792
-8.10999
-7.9628
-1.80485
13.4596
38.7333
70.9077
102.013
119.783
110.385
60.8748
-36.8615
-163.64
-434.45
2.06625e-05
-8.82208e-05
-0.00017579
0.000459104
0.00137892
-0.000297223
-0.00607625
-0.00991081
-0.0010904
0.0221321
0.0484714
0.0763159
0.137108
0.257455
0.336821
0.0283313
-1.2048
-3.73591
-7.20261
-10.0224
-9.39315
-2.03038
14.4356
39.855
70.3268
98.0405
112.73
99.3699
70.6735
-84.0461
1.5122e-05
-1.17051e-05
-0.00015572
-2.72399e-05
0.000756285
0.00105737
-0.00135237
-0.00560707
-0.00549056
0.00327662
0.0123387
0.00748802
0.0011098
0.0576009
0.253949
0.555497
0.678865
0.0861841
-1.77319
-4.99877
-8.75728
-11.0864
-9.22887
-0.526312
16.3517
40.185
67.31
87.5851
106.613
61.9451
5.68406e-06
1.64407e-05
-6.75982e-05
-0.000148109
0.000190002
0.000858404
0.000434506
-0.00219725
-0.00442065
-0.000812883
0.00792612
0.00755102
-0.0178168
-0.0519332
-0.0216307
0.171167
0.543201
0.90133
0.800689
-0.312127
-2.76462
-6.25496
-9.59123
-10.7734
-7.48748
1.97137
18.3185
38.0942
63.1176
73.913
1.17575e-07
1.5819e-05
-7.60949e-06
-0.000105609
-6.70421e-05
0.000376908
0.000743127
-0.000265258
-0.00265047
-0.00292738
0.0030528
0.0115217
0.00618198
-0.0288782
-0.0791135
-0.0773826
0.0737692
0.420702
0.852111
1.0437
0.530019
-1.07595
-3.7813
-6.9669
-9.3313
-9.1916
-4.7225
4.4288
18.7296
40.6504
-1.41729e-06
7.36286e-06
1.27061e-05
-3.86263e-05
-0.000104626
4.63149e-05
0.000470226
0.00048316
-0.00084624
-0.00270807
-0.00151771
0.00556688
0.0134541
0.00652872
-0.0298064
-0.0848765
-0.104357
-0.00391088
0.273323
0.675828
0.989703
0.86616
-0.0458526
-1.89399
-4.41728
-6.88083
-8.07395
-6.73268
-2.78695
11.5004
-1.04796e-06
1.31546e-06
1.11439e-05
-4.66102e-07
-5.90626e-05
-6.9545e-05
0.00014592
0.000461685
0.000183081
-0.00120632
-0.00247499
-0.000432784
0.00668563
0.0137221
0.00727385
-0.0251173
-0.0767722
-0.107519
-0.0509925
0.147377
0.473029
0.797013
0.87987
0.444769
-0.688156
-2.46547
-4.49954
-5.94528
-6.88086
-1.71143
-4.01379e-07
-8.1421e-07
4.73806e-06
9.13359e-06
-1.55472e-05
-6.163e-05
-1.9711e-05
0.000204612
0.000381551
-7.3281e-05
-0.00133639
-0.00208569
0.000254181
0.00668373
0.0126952
0.00766038
-0.0184263
-0.0620574
-0.0955731
-0.0704167
0.0591518
0.297667
0.574169
0.735486
0.584388
-0.0417358
-1.19056
-2.57472
-4.33015
-4.06833
-4.51019e-08
-8.37121e-07
7.15698e-07
6.30781e-06
3.16591e-06
-2.56828e-05
-4.93927e-05
2.56693e-05
0.000218462
0.00027159
-0.000244253
-0.00128569
-0.00165276
0.000589691
0.00595884
0.0108804
0.00743141
-0.0120125
-0.0460632
-0.0767902
-0.070712
0.00713446
0.16874
0.378852
0.545697
0.539619
0.222915
-0.408223
-1.47738
-2.54512
5.12796e-08
-3.829e-07
-5.17645e-07
2.21624e-06
5.47096e-06
-3.38066e-06
-2.84348e-05
-3.02754e-05
5.56592e-05
0.000198726
0.000165548
-0.000326075
-0.00112366
-0.00124841
0.000675085
0.00488834
0.00875419
0.00665832
-0.00694612
-0.0318796
-0.0571207
-0.0607153
-0.0177263
0.0848102
0.231642
0.372083
0.418571
0.300877
-0.0562281
-0.895632
4.15293e-08
-8.47709e-08
-4.7247e-07
1.68574e-07
2.88465e-06
3.13215e-06
-7.99287e-06
-2.51446e-05
-1.16728e-05
6.82828e-05
0.000161361
8.1966e-05
-0.000337474
-0.00091375
-0.000907574
0.00061587
0.00375569
0.00667381
0.00555939
-0.00345989
-0.0207684
-0.0399138
-0.0471131
-0.0255413
0.0357591
0.132389
0.235021
0.296469
0.287543
-0.0744872
1.70245e-08
1.60892e-08
-2.01898e-07
-3.09623e-07
7.75713e-07
2.63673e-06
5.60614e-07
-9.84635e-06
-1.8737e-05
2.1526e-06
6.72099e-05
0.000119877
2.58471e-05
-0.000304425
-0.00070143
-0.000639088
0.000494737
0.00273291
0.00485315
0.00436384
-0.00133903
-0.0128138
-0.0264529
-0.0339247
-0.024454
0.01045
0.0702268
0.138339
0.2118
0.137532
3.56049e-09
2.45017e-08
-4.29622e-08
-2.22202e-07
-3.72551e-08
1.06922e-06
1.83844e-06
-1.39715e-06
-9.47343e-06
-1.19098e-05
1.03007e-05
5.84552e-05
8.30492e-05
-6.72786e-06
-0.000252816
-0.000516782
-0.000439336
0.000369896
0.0019156
0.00340984
0.00326498
-0.000222603
-0.0075876
-0.0168798
-0.0232213
-0.019849
-0.000721674
0.0330496
0.0870096
0.110901
-1.09335e-09
1.14391e-08
1.35321e-08
-6.98156e-08
-1.74054e-07
9.59249e-08
9.47245e-07
1.19017e-06
-1.58298e-06
-7.18874e-06
-8.03439e-06
7.94588e-06
4.07538e-05
5.89529e-05
5.3249e-06
-0.000151543
-0.000339974
-0.000352316
6.52481e-05
0.000989136
0.0020696
0.00245763
0.00108476
-0.00269248
-0.00832925
-0.0136407
-0.0148404
-0.00909329
0.00849528
0.0387845
)
;

boundaryField
{
    fixedWall_Bottom
    {
        type            greyDiffusiveRadiation;
        refValue        uniform 18049.5;
        refGradient     uniform 0;
        valueFraction   uniform 1;
        source          uniform 0;
        value           uniform 18049.5;
    }
    fixedWall_Right
    {
        type            greyDiffusiveRadiation;
        refValue        uniform 0;
        refGradient     uniform 0;
        valueFraction   uniform 0;
        source          uniform 0;
        value           nonuniform List<scalar> 
30
(
18048.9
18051.3
18054.9
18034.4
18002.6
18085
18360.6
18487.2
17626.8
15021.9
10767.4
5951.41
1965.93
-363.86
-1106.75
-904.535
-434.45
-84.0461
61.9451
73.913
40.6504
11.5004
-1.71143
-4.06833
-2.54512
-0.895632
-0.0744872
0.137532
0.110901
0.0387845
)
;
    }
    fixedWall_Left
    {
        type            greyDiffusiveRadiation;
        refValue        uniform 0;
        refGradient     uniform 0;
        valueFraction   uniform 1;
        source          uniform 0;
        value           uniform 0;
    }
    fixedWall_Top
    {
        type            greyDiffusiveRadiation;
        refValue        uniform 0;
        refGradient     uniform 0;
        valueFraction   uniform 0;
        source          uniform 0;
        value           nonuniform List<scalar> 
30
(
-1.09335e-09
1.14391e-08
1.35321e-08
-6.98156e-08
-1.74054e-07
9.59249e-08
9.47245e-07
1.19017e-06
-1.58298e-06
-7.18874e-06
-8.03439e-06
7.94588e-06
4.07538e-05
5.89529e-05
5.3249e-06
-0.000151543
-0.000339974
-0.000352316
6.52481e-05
0.000989136
0.0020696
0.00245763
0.00108476
-0.00269248
-0.00832925
-0.0136407
-0.0148404
-0.00909329
0.00849528
0.0387845
)
;
    }
    frontAndBack
    {
        type            empty;
    }
}


// ************************************************************************* //
