/*--------------------------------*- C++ -*----------------------------------*\
| =========                 |                                                 |
| \\      /  F ield         | OpenFOAM: The Open Source CFD Toolbox           |
|  \\    /   O peration     | Version:  2312                                  |
|   \\  /    A nd           | Website:  www.openfoam.com                      |
|    \\/     M anipulation  |                                                 |
\*---------------------------------------------------------------------------*/
FoamFile
{
    version     2.0;
    format      ascii;
    arch        "LSB;label=32;scalar=64";
    class       volScalarField;
    location    "0.045";
    object      ILambda_2_0;
}
// * * * * * * * * * * * * * * * * * * * * * * * * * * * * * * * * * * * * * //

dimensions      [1 0 -3 0 0 0 0];

internalField   nonuniform List<scalar> 
900
(
14965.8
18722.8
18212.7
18040.5
18044.3
18049.9
18049.7
18049.4
18049.5
18049.5
18049.5
18049.5
18049.5
18049.5
18049.5
18049.5
18049.5
18049.5
18049.5
18049.5
18049.5
18049.5
18049.5
18049.5
18049.5
18049.5
18049.5
18049.5
18049.5
18049.5
10034.2
18543.5
18728.6
18138
18027.2
18042.9
18050
18049.8
18049.5
18049.5
18049.5
18049.5
18049.5
18049.5
18049.5
18049.5
18049.5
18049.5
18049.5
18049.5
18049.5
18049.5
18049.5
18049.5
18049.5
18049.5
18049.5
18049.5
18049.5
18049.5
6381.52
17062.2
19085.7
18396.2
18044.3
18026
18046.4
18050.4
18049.7
18049.4
18049.5
18049.5
18049.5
18049.5
18049.5
18049.5
18049.5
18049.5
18049.5
18049.5
18049.5
18049.5
18049.5
18049.5
18049.5
18049.5
18049.5
18049.5
18049.5
18049.5
3794.11
14796.7
18993.8
18746.7
18142.9
18011.9
18035.1
18049.6
18050.4
18049.6
18049.4
18049.5
18049.5
18049.5
18049.5
18049.5
18049.5
18049.5
18049.5
18049.5
18049.5
18049.5
18049.5
18049.5
18049.5
18049.5
18049.5
18049.5
18049.5
18049.5
2032.85
12202.6
18331
19053
18341.7
18025.9
18017
18044.5
18051
18050.1
18049.5
18049.4
18049.5
18049.5
18049.5
18049.5
18049.5
18049.5
18049.5
18049.5
18049.5
18049.5
18049.5
18049.5
18049.5
18049.5
18049.5
18049.5
18049.5
18049.5
887.871
9607.55
17116.6
19168.2
18617.5
18095.9
18001
18032.6
18049.9
18050.9
18049.7
18049.4
18049.4
18049.4
18049.4
18049.4
18049.4
18049.4
18049.4
18049.4
18049.4
18049.4
18049.4
18049.4
18049.4
18049.4
18049.4
18049.4
18049.4
18049.4
187.957
7220.74
15458.1
18976.6
18909.5
18238.7
18003.3
18014.8
18045
18051.6
18050.3
18049.4
18049.4
18049.4
18049.4
18049.4
18049.4
18049.4
18049.4
18049.4
18049.4
18049.4
18049.4
18049.4
18049.4
18049.4
18049.4
18049.4
18049.4
18049.4
-201.47
5157.26
13504.3
18413.2
19134.3
18451.7
18043.1
17996.4
18034.5
18051
18051.3
18049.7
18049.4
18049.4
18049.5
18049.5
18049.5
18049.5
18049.5
18049.5
18049.5
18049.5
18049.5
18049.5
18049.5
18049.5
18049.5
18049.5
18049.5
18049.5
-383.178
3463.44
11410.4
17467.2
19205
18709.5
18136.5
17987.7
18018.1
18047.4
18052.3
18050.5
18049.5
18049.5
18049.5
18049.6
18049.6
18049.6
18049.6
18049.6
18049.6
18049.6
18049.6
18049.6
18049.6
18049.6
18049.6
18049.6
18049.6
18049.6
-433.422
2138.56
9316.19
16174.6
19047
18966.6
18290.1
18002.2
17998.4
18038.9
18052.4
18051.6
18049.8
18049.4
18049.5
18049.6
18049.6
18049.6
18049.6
18049.6
18049.6
18049.6
18049.6
18049.6
18049.6
18049.6
18049.6
18049.6
18049.6
18049.6
-407.002
1152.26
7333.95
14605.5
18609.6
19164.9
18497.9
18054.3
17981.8
18024.4
18050
18052.7
18050.3
18049.3
18049.3
18049.4
18049.5
18049.5
18049.5
18049.5
18049.5
18049.5
18049.5
18049.5
18049.5
18049.5
18049.5
18049.5
18049.5
18049.5
-341.808
457.938
5544.09
12849.2
17871.5
19242.4
18738.7
18154.9
17978.1
18005.1
18043.4
18053.1
18051.2
18049.4
18049.1
18049.2
18049.2
18049.3
18049.3
18049.3
18049.3
18049.3
18049.3
18049.3
18049.3
18049.3
18049.3
18049.3
18049.3
18049.3
-262.774
2.40411
3995.65
11001.6
16841
19142
18978
18307.7
17999.3
17985.1
18031.8
18051.8
18052.4
18049.9
18049
18049
18049.1
18049.1
18049.2
18049.2
18049.2
18049.2
18049.2
18049.2
18049.2
18049.2
18049.2
18049.2
18049.2
18049.2
-185.206
-267.377
2710.02
9153.7
15552.6
18819.8
19171.5
18506.5
18056.6
17971.1
18015.5
18047.9
18053.4
18050.9
18049.4
18049.2
18049.3
18049.3
18049.3
18049.3
18049.3
18049.3
18049.3
18049.3
18049.3
18049.3
18049.3
18049.3
18049.3
18049.3
-117.508
-400.057
1686.28
7384.34
14060.2
18249.7
19270.6
18733.9
18157.7
17971.7
17996.4
18040.2
18053.8
18052.4
18050.1
18049.6
18049.7
18049.7
18049.7
18049.7
18049.7
18049.7
18049.7
18049.7
18049.7
18049.7
18049.7
18049.7
18049.7
18049.7
-63.3494
-437.537
907.14
5755.33
12430.2
17426.2
19228.5
18962.4
18304.1
17995.9
17978
18028.2
18052.5
18054.1
18051.2
18050.1
18050.1
18050.3
18050.3
18050.3
18050.3
18050.3
18050.3
18050.3
18050.3
18050.3
18050.3
18050.3
18050.3
18050.3
-23.3414
-414.003
344.545
4309.63
10733.3
16363.9
19006
19156.9
18490.1
18051.7
17965.4
18011.7
18048.2
18055.4
18052.5
18050.5
18050.3
18050.5
18050.6
18050.5
18050.5
18050.5
18050.5
18050.5
18050.5
18050.5
18050.5
18050.5
18050.5
18050.5
3.72088
-355.935
-35.3244
3071.82
9038.09
15094.8
18575.9
19279.1
18702.7
18144.9
17964.7
17991.6
18039.4
18055.2
18053.5
18050.5
18049.8
18050
18050.2
18050.2
18050.2
18050.2
18050.2
18050.2
18050.2
18050.2
18050.2
18050.2
18050.2
18050.2
19.9657
-282.742
-268.061
2049.99
7405.74
13663.7
17925.1
19290.4
18921.6
18278.2
17983.8
17970.5
18025.1
18052.5
18054.2
18050.3
18048.6
18048.7
18049
18049.1
18049.1
18049.1
18049
18049.1
18049.1
18049.1
18049.1
18049.1
18049.1
18049.1
27.839
-207.743
-388.041
1238.7
5886.52
12123.9
17055.4
19156
19120.7
18449.6
18031
17953.2
18005
18045.9
18054.2
18050.2
18047.2
18046.8
18047.2
18047.4
18047.4
18047.4
18047.3
18047.3
18047.3
18047.3
18047.3
18047.3
18047.3
18047.3
29.719
-139.287
-426.401
622.232
4517.87
10531.9
15982.8
18848
19269.3
18651.9
18114.4
17947
17980.8
18034.4
18053
18050.8
18046.3
18044.9
18045.2
18045.6
18045.7
18045.6
18045.6
18045.6
18045.6
18045.6
18045.6
18045.6
18045.6
18045.6
27.6946
-81.8751
-409.84
177.961
3323.92
8943.43
14736.1
18347.2
19333.8
18870.6
18239.7
17961.7
17956.3
18017.7
18049.8
18052.4
18047.1
18044.3
18044.1
18044.5
18044.8
18044.8
18044.8
18044.8
18044.7
18044.8
18044.8
18044.8
18044.8
18044.8
23.4619
-37.2021
-360.101
-120.65
2316.11
7409.12
13353.8
17645.6
19280.6
19084.1
18408.2
18007.8
17938.6
17996.9
18043.9
18055.1
18050.6
18046.3
18045.1
18045.4
18045.8
18045.9
18045.9
18045.9
18045.9
18045.9
18045.9
18045.9
18045.9
18045.9
18.3
-5.0508
-293.961
-301.421
1494.61
5972.16
11881.2
16747.1
19078.9
19263.9
18613.8
18094.2
17936.5
17975
18034.8
18058.1
18057.1
18051.6
18049.2
18049
18049.4
18049.7
18049.7
18049.7
18049.7
18049.7
18049.7
18049.7
18049.7
18049.7
13.0992
15.9699
-223.585
-391.407
850.292
4666.14
10367
15668.3
18704.5
19377.1
18842.9
18226.6
17960.4
17957.6
18023
18060.8
18066.5
18061.3
18057.4
18056.4
18056.7
18057
18057.1
18057.1
18057.1
18057.1
18057.1
18057.1
18057.1
18057.1
8.41674
27.839
-157.114
-415.252
367.178
3513.79
8858.48
14433.9
18138.2
19383.9
19068.5
18400.2
18016.4
17948.9
18007.6
18059.2
18074.9
18072
18067
18065
18064.9
18065.3
18065.5
18065.5
18065.5
18065.5
18065.5
18065.5
18065.5
18065.5
4.54546
32.7677
-99.4142
-394.793
24.1312
2529.01
7406.52
13092.2
17392
19266.9
19273.4
18615.2
18117.1
17962.5
17997.2
18058.4
18086.6
18088.8
18083.8
18080.6
18079.9
18080.1
18080.3
18080.4
18080.4
18080.4
18080.4
18080.4
18080.4
18080.4
1.57904
32.6043
-52.5194
-345.549
-200.251
1705.58
6017.87
11627.6
16401.2
18929.5
19370.3
18818.8
18239.1
17985.1
17975
18035.4
18075.4
18085
18081.7
18077.7
18076.2
18076.1
18076.4
18076.5
18076.5
18076.5
18076.5
18076.5
18076.5
18076.5
-0.462312
30.1603
-18.4947
-291.622
-334.58
1087.51
4881.76
10354.5
15497.6
18617.2
19491.6
19068.4
18415.8
18054.5
17989.1
18044.4
18097.1
18116.6
18116.2
18111.7
18109.2
18108.6
18108.8
18109
18109.1
18109.1
18109.1
18109.1
18109.1
18109.1
-2.1286
22.2209
14.1722
-192.793
-394.403
384.233
3235.61
8090.64
13407.2
17337.7
19092.1
19177.5
18617.1
18139.5
17950.3
17949.8
17998.8
18030.7
18039.3
18037.5
18034.7
18033.4
18033.2
18033.3
18033.4
18033.5
18033.5
18033.5
18033.5
18033.5
)
;

boundaryField
{
    fixedWall_Bottom
    {
        type            greyDiffusiveRadiation;
        refValue        uniform 18049.5;
        refGradient     uniform 0;
        valueFraction   uniform 1;
        source          uniform 0;
        value           uniform 18049.5;
    }
    fixedWall_Right
    {
        type            greyDiffusiveRadiation;
        refValue        uniform 0;
        refGradient     uniform 0;
        valueFraction   uniform 0;
        source          uniform 0;
        value           nonuniform List<scalar> 
30
(
18049.5
18049.5
18049.5
18049.5
18049.5
18049.4
18049.4
18049.5
18049.6
18049.6
18049.5
18049.3
18049.2
18049.3
18049.7
18050.3
18050.5
18050.2
18049.1
18047.3
18045.6
18044.8
18045.9
18049.7
18057.1
18065.5
18080.4
18076.5
18109.1
18033.5
)
;
    }
    fixedWall_Left
    {
        type            greyDiffusiveRadiation;
        refValue        uniform 0;
        refGradient     uniform 0;
        valueFraction   uniform 1;
        source          uniform 0;
        value           uniform 0;
    }
    fixedWall_Top
    {
        type            greyDiffusiveRadiation;
        refValue        uniform 0;
        refGradient     uniform 0;
        valueFraction   uniform 0;
        source          uniform 0;
        value           nonuniform List<scalar> 
30
(
-2.1286
22.2209
14.1722
-192.793
-394.403
384.233
3235.61
8090.64
13407.2
17337.7
19092.1
19177.5
18617.1
18139.5
17950.3
17949.8
17998.8
18030.7
18039.3
18037.5
18034.7
18033.4
18033.2
18033.3
18033.4
18033.5
18033.5
18033.5
18033.5
18033.5
)
;
    }
    frontAndBack
    {
        type            empty;
    }
}


// ************************************************************************* //
