/*--------------------------------*- C++ -*----------------------------------*\
| =========                 |                                                 |
| \\      /  F ield         | OpenFOAM: The Open Source CFD Toolbox           |
|  \\    /   O peration     | Version:  2312                                  |
|   \\  /    A nd           | Website:  www.openfoam.com                      |
|    \\/     M anipulation  |                                                 |
\*---------------------------------------------------------------------------*/
FoamFile
{
    version     2.0;
    format      ascii;
    arch        "LSB;label=32;scalar=64";
    class       volScalarField;
    location    "0.045";
    object      ILambda_13_0;
}
// * * * * * * * * * * * * * * * * * * * * * * * * * * * * * * * * * * * * * //

dimensions      [1 0 -3 0 0 0 0];

internalField   nonuniform List<scalar> 
900
(
3083.65
8015.32
11668
14255.4
16016.6
17161.6
17861.5
18250.9
18432.6
18482.9
18456.5
18391.3
18312.2
18234.7
18167
18112.8
18072.8
18045.8
18029.5
18021.6
18019.7
18021.7
18026
18031.1
18036.4
18041.1
18045
18048
18050.1
18051.8
-673.378
-494.037
987.277
3252.72
5846.89
8441.92
10828.7
12892.2
14586
15910.9
16897.2
17591.5
18047.1
18316.9
18449.5
18487
18463.4
18405.4
18332.2
18257.2
18188.8
18131.4
18086.8
18054.6
18033.6
18021.7
18016.9
18017.1
18019.7
18028.1
-163.248
-679.098
-1036.19
-944.337
-281.531
932.906
2591.35
4545.14
6639.05
8733.29
10715.5
12505.4
14053.8
15339.4
16363.2
17142.3
17704.9
18084.8
18317.5
18437.6
18476
18459.5
18409.8
18343.7
18273.2
18206.4
18148.3
18100.8
18066.4
18032.1
8.94023
-88.5064
-346.694
-697.209
-1003.49
-1118.76
-927.148
-363.698
582.328
1874.89
3444.03
5200.25
7047.85
8895.72
10665.1
12294.2
13740
14977.8
15999.6
16810.8
17427.1
17871.3
18169.9
18350.6
18440.6
18464.4
18443.7
18393.6
18339.1
18236.8
5.19548
22.3029
5.12479
-93.4314
-292.258
-568.076
-859.987
-1084.8
-1155.5
-997.538
-560.177
177.943
1208.44
2496.92
3989.27
5619.31
7316.29
9011.6
10644
12163
13531.3
14724.7
15732
16553.3
17197.9
17681.9
18026.4
18253
18388.6
18452.9
-0.383239
6.52882
23.4292
37.6153
23.5266
-46.4262
-189.227
-402.202
-659.959
-917.171
-1115.56
-1192.97
-1092.49
-770.138
-200.037
623.286
1685.37
2954.48
4385.68
5925.64
7517.59
9105.8
10639.5
12075.8
13381.5
14534.6
15521.3
16350
16971
17693.5
-0.22683
-0.481768
3.11439
14.4206
32.5047
48.4768
46.1661
6.38704
-86.9159
-240.69
-448.576
-689.39
-928.501
-1121.68
-1220.59
-1178.73
-956.913
-527.47
123.142
993.349
2066.96
3314.94
4698.15
6170.83
7683.98
9190.85
10641
12029.9
13165.2
14825.2
0.0223054
-0.318881
-0.912651
-0.102518
5.01563
16.7974
34.6269
53.132
61.9453
47.2704
-5.06388
-105.767
-258.391
-456.674
-683.556
-912.013
-1107.43
-1231
-1243.53
-1109.33
-799.658
-295.568
410.1
1311.98
2391.91
3623.52
4958.82
6410.11
7675.09
9905.37
0.0126387
0.0127027
-0.253832
-0.931544
-1.5036
-0.456728
4.41144
14.9955
31.4989
51.1505
67.5327
70.9211
49.7567
-7.00265
-107.203
-253.104
-439.71
-654.045
-875.351
-1076.18
-1224.27
-1285.17
-1225.33
-1015.33
-633.671
-65.5679
676.888
1643.5
2539.17
4525.27
-0.00111114
0.0167796
0.0278376
-0.114194
-0.608097
-1.45691
-2.15521
-1.51029
2.22197
10.7906
25.0475
43.9407
63.7856
78.1485
78.4595
55.2268
-0.3982
-94.9427
-230.983
-405.699
-609.78
-826.915
-1034.14
-1203
-1302.48
-1298.65
-1173.86
-858.172
-538.777
589.575
-0.000792741
-0.000268517
0.0154779
0.0410057
0.00624891
-0.235691
-0.840013
-1.80709
-2.76265
-2.78865
-0.458709
5.81611
17.1713
33.5901
53.3471
72.7371
86.1209
86.2698
65.0169
14.261
-72.6599
-199.311
-364.485
-560.746
-774.231
-982.752
-1166.89
-1272.75
-1363.78
-1111.83
1.02169e-05
-0.00101441
-0.000360614
0.0107237
0.0381542
0.0620683
0.00780481
-0.264321
-0.909412
-1.963
-3.1577
-3.79393
-2.76783
1.21648
9.30851
22.1309
39.4021
59.5663
79.4504
94.0398
96.5424
78.9204
32.9672
-48.0707
-167.938
-324.718
-513.353
-714.368
-917.059
-1135.66
4.0734e-05
-0.000114517
-0.000773948
-0.000869569
0.00422184
0.0235177
0.0625953
0.0995726
0.0544636
-0.214204
-0.852586
-1.90077
-3.17867
-4.22384
-4.29883
-2.44907
2.4023
11.2937
24.9385
43.2786
64.9303
86.6829
103.267
107.63
91.6811
47.8123
-29.4578
-146.062
-273.095
-546.999
1.23045e-05
-1.00206e-05
-8.8973e-05
-0.000368253
-0.0012321
-0.00120392
0.00745938
0.0382065
0.0951807
0.147158
0.111689
-0.129155
-0.682588
-1.59149
-2.79238
-4.0782
-5.04321
-5.00694
-2.9636
2.35523
12.2221
27.4417
47.7448
71.2271
94.0436
110.36
114.175
93.1094
66.2253
-76.3079
9.35103e-06
-8.17753e-06
-5.864e-05
4.01285e-05
6.78204e-05
-0.00118327
-0.00399867
-0.00317715
0.0134729
0.0569359
0.1213
0.172589
0.151678
-0.0132215
-0.398029
-1.08175
-2.13346
-3.55543
-5.16753
-6.46257
-6.50842
-3.98965
2.54853
14.2573
31.4667
52.9968
76.8741
95.6792
115.864
93.6057
4.24641e-06
1.05295e-05
-4.56196e-05
-6.5262e-05
0.000194001
0.00040173
-0.000837197
-0.00437384
-0.00716498
-0.00113335
0.0223921
0.0651993
0.118594
0.166347
0.1868
0.142651
-0.0426298
-0.502612
-1.40721
-2.8787
-4.85098
-6.91872
-8.25007
-7.63824
-3.69861
4.6561
18.2466
35.5985
56.842
81.1791
-3.02756e-07
1.21193e-05
-3.55716e-06
-7.23773e-05
-3.60835e-05
0.000301507
0.000555258
-0.000452768
-0.00343492
-0.00665218
-0.00573049
0.00355176
0.0222997
0.0498172
0.0892494
0.149919
0.235771
0.316979
0.297406
0.00398481
-0.775912
-2.20045
-4.24194
-6.56672
-8.46914
-8.96301
-6.86357
-1.0765
7.17893
29.2501
-1.36868e-06
4.76085e-06
1.17391e-05
-2.12497e-05
-7.75565e-05
5.46024e-06
0.000334186
0.000535553
-0.000208923
-0.00223169
-0.00439715
-0.00463306
-0.00207096
0.00179148
0.00612432
0.0176726
0.0554695
0.144484
0.293574
0.46367
0.543137
0.351368
-0.315198
-1.59839
-3.4732
-5.66582
-7.6644
-8.38783
-8.646
-0.425276
-7.75134e-07
1.27379e-08
7.8909e-06
5.55334e-06
-3.31524e-05
-6.48887e-05
4.01601e-05
0.000304919
0.000409555
-0.000136485
-0.00132671
-0.002251
-0.00191818
-0.00105768
-0.00283717
-0.01008
-0.0189546
-0.0131211
0.0351208
0.151832
0.337916
0.544208
0.659349
0.52305
-0.0305724
-1.09988
-2.69333
-4.41257
-6.57252
-6.56279
-1.77456e-07
-1.0096e-06
2.11186e-06
7.83806e-06
-1.95033e-06
-3.62249e-05
-4.39795e-05
6.03227e-05
0.000244746
0.000255447
-0.00016981
-0.000830052
-0.000917571
0.00018553
0.00142655
-0.000626716
-0.00996082
-0.0263906
-0.0401458
-0.0300393
0.0307697
0.160531
0.350131
0.547926
0.656499
0.553917
0.103904
-0.701815
-1.9391
-3.73466
4.74284e-08
-5.93187e-07
-3.51603e-07
3.40716e-06
5.58295e-06
-7.48408e-06
-3.23516e-05
-2.33223e-05
6.68406e-05
0.000181167
0.000127433
-0.000225866
-0.000619699
-0.000351868
0.00110418
0.0029692
0.002443
-0.00438757
-0.0195193
-0.0389069
-0.049723
-0.0318279
0.0350561
0.159689
0.32658
0.490646
0.572856
0.484253
0.226039
-0.838763
5.9829e-08
-1.52442e-07
-5.98171e-07
4.52464e-07
3.55621e-06
2.72924e-06
-1.00007e-05
-2.51474e-05
-7.60712e-06
6.39224e-05
0.000128929
4.6234e-05
-0.000252443
-0.000535294
-0.000236519
0.00113002
0.00317935
0.00402307
0.000566653
-0.00980085
-0.0264866
-0.0432343
-0.0476771
-0.024185
0.0397339
0.145845
0.278487
0.389912
0.496531
0.234131
2.53877e-08
1.80914e-08
-2.72053e-07
-3.59289e-07
9.74636e-07
2.92024e-06
3.98008e-07
-1.00277e-05
-1.76445e-05
1.97964e-06
5.57509e-05
9.13509e-05
7.74033e-06
-0.000236742
-0.000471801
-0.000280617
0.000755765
0.0025493
0.00401564
0.00306169
-0.00259774
-0.0138503
-0.0284221
-0.0398943
-0.0384718
-0.0139038
0.0413697
0.118317
0.230081
0.281211
4.22625e-09
3.47461e-08
-4.87888e-08
-2.72662e-07
-7.93202e-08
1.12688e-06
2.01098e-06
-1.01161e-06
-8.62979e-06
-1.14865e-05
6.35949e-06
4.53853e-05
6.56994e-05
-2.96033e-06
-0.000191214
-0.000391105
-0.000321607
0.000342859
0.00167028
0.00313301
0.0034862
0.00109773
-0.0052211
-0.0151177
-0.0258159
-0.0321385
-0.0267794
-0.00591952
0.0370152
0.112792
-1.58523e-09
1.56687e-08
1.6545e-08
-8.7916e-08
-2.00362e-07
1.20427e-07
1.01567e-06
1.18591e-06
-1.59115e-06
-6.73509e-06
-7.12086e-06
7.23712e-06
3.48097e-05
4.78718e-05
-7.77592e-07
-0.000135555
-0.00029656
-0.000309648
5.40327e-05
0.00091204
0.00205838
0.00283515
0.00222917
-0.00073969
-0.00640237
-0.0138966
-0.0206065
-0.0229803
-0.019114
0.0139106
-1.42474e-09
3.11895e-09
1.5733e-08
-4.89182e-09
-9.21613e-08
-1.12377e-07
2.12724e-07
7.88104e-07
5.92654e-07
-1.62069e-06
-4.91167e-06
-4.32068e-06
6.25568e-06
2.52323e-05
3.47504e-05
4.3431e-06
-8.51118e-05
-0.000204822
-0.000255224
-8.93449e-05
0.000402658
0.00117082
0.00190722
0.00204983
0.000946677
-0.00185838
-0.00623333
-0.0109817
-0.0161969
-0.0106839
-5.13953e-10
-5.42095e-10
5.69853e-09
9.88445e-09
-1.81397e-08
-7.48734e-08
-4.27776e-08
2.23213e-07
5.51392e-07
2.34437e-07
-1.3737e-06
-3.40797e-06
-2.63529e-06
4.6187e-06
1.72973e-05
2.4639e-05
7.81799e-06
-4.72538e-05
-0.000129179
-0.000185355
-0.000128717
0.000122424
0.000578567
0.00111495
0.00145134
0.00120456
8.11102e-06
-0.00209407
-0.00555727
-0.00780396
-7.70046e-11
-6.69539e-10
7.8556e-10
5.57127e-09
3.42259e-09
-2.18848e-08
-5.1232e-08
-9.25539e-10
1.90039e-07
3.57654e-07
5.18998e-08
-1.04118e-06
-2.27409e-06
-1.64587e-06
3.02885e-06
1.12134e-05
1.68083e-05
8.69776e-06
-2.27826e-05
-7.46082e-05
-0.000121144
-0.000114469
-1.60819e-06
0.000242382
0.000577442
0.000877945
0.000929944
0.000572361
-0.000470238
-0.00250135
2.35417e-11
-2.62839e-10
-3.17423e-10
1.49168e-09
3.99873e-09
-1.00953e-09
-1.9537e-08
-3.05409e-08
1.80854e-08
1.43644e-07
2.19679e-07
-2.39468e-08
-7.32381e-07
-1.47295e-06
-1.0555e-06
1.80533e-06
6.91015e-06
1.09795e-05
7.71776e-06
-9.08209e-06
-3.96976e-05
-7.26283e-05
-8.3128e-05
-3.99857e-05
7.88407e-05
0.000267331
0.000469666
0.000598494
0.000564644
-0.000180694
2.12009e-11
-3.42901e-11
-2.51742e-10
-6.65271e-11
1.36099e-09
2.57462e-09
-1.65385e-09
-1.3619e-08
-1.91786e-08
1.20683e-08
8.94432e-08
1.42561e-07
1.75719e-08
-3.90211e-07
-8.96106e-07
-8.85692e-07
4.37534e-07
3.30945e-06
6.49168e-06
6.93251e-06
7.78694e-07
-1.40744e-05
-3.47606e-05
-5.13886e-05
-4.8288e-05
-9.16543e-06
7.28159e-05
0.000183549
0.000323497
0.000274966
)
;

boundaryField
{
    fixedWall_Bottom
    {
        type            greyDiffusiveRadiation;
        refValue        uniform 18049.5;
        refGradient     uniform 0;
        valueFraction   uniform 1;
        source          uniform 0;
        value           uniform 18049.5;
    }
    fixedWall_Right
    {
        type            greyDiffusiveRadiation;
        refValue        uniform 0;
        refGradient     uniform 0;
        valueFraction   uniform 0;
        source          uniform 0;
        value           nonuniform List<scalar> 
30
(
18051.8
18028.1
18032.1
18236.8
18452.9
17693.5
14825.2
9905.37
4525.27
589.575
-1111.83
-1135.66
-546.999
-76.3079
93.6057
81.1791
29.2501
-0.425276
-6.56279
-3.73466
-0.838763
0.234131
0.281211
0.112792
0.0139106
-0.0106839
-0.00780396
-0.00250135
-0.000180694
0.000274966
)
;
    }
    fixedWall_Left
    {
        type            greyDiffusiveRadiation;
        refValue        uniform 0;
        refGradient     uniform 0;
        valueFraction   uniform 1;
        source          uniform 0;
        value           uniform 0;
    }
    fixedWall_Top
    {
        type            greyDiffusiveRadiation;
        refValue        uniform 0;
        refGradient     uniform 0;
        valueFraction   uniform 0;
        source          uniform 0;
        value           nonuniform List<scalar> 
30
(
2.12009e-11
-3.42901e-11
-2.51742e-10
-6.65271e-11
1.36099e-09
2.57462e-09
-1.65385e-09
-1.3619e-08
-1.91786e-08
1.20683e-08
8.94432e-08
1.42561e-07
1.75719e-08
-3.90211e-07
-8.96106e-07
-8.85692e-07
4.37534e-07
3.30945e-06
6.49168e-06
6.93251e-06
7.78694e-07
-1.40744e-05
-3.47606e-05
-5.13886e-05
-4.8288e-05
-9.16543e-06
7.28159e-05
0.000183549
0.000323497
0.000274966
)
;
    }
    frontAndBack
    {
        type            empty;
    }
}


// ************************************************************************* //
