/*--------------------------------*- C++ -*----------------------------------*\
| =========                 |                                                 |
| \\      /  F ield         | OpenFOAM: The Open Source CFD Toolbox           |
|  \\    /   O peration     | Version:  2312                                  |
|   \\  /    A nd           | Website:  www.openfoam.com                      |
|    \\/     M anipulation  |                                                 |
\*---------------------------------------------------------------------------*/
FoamFile
{
    version     2.0;
    format      ascii;
    arch        "LSB;label=32;scalar=64";
    class       volScalarField;
    location    "0.045";
    object      ILambda_4_0;
}
// * * * * * * * * * * * * * * * * * * * * * * * * * * * * * * * * * * * * * //

dimensions      [1 0 -3 0 0 0 0];

internalField   nonuniform List<scalar> 
900
(
12730.3
18624.1
18509.4
18096.3
18023.9
18042.2
18050.9
18050.4
18049.5
18049.4
18049.5
18049.5
18049.5
18049.5
18049.5
18049.5
18049.5
18049.5
18049.5
18049.5
18049.5
18049.5
18049.5
18049.5
18049.5
18049.5
18049.5
18049.5
18049.5
18049.5
5731.7
16122.3
18949.9
18576.6
18110.6
18012.6
18034.9
18050.1
18051.1
18049.7
18049.3
18049.4
18049.5
18049.5
18049.5
18049.5
18049.5
18049.5
18049.5
18049.5
18049.5
18049.5
18049.5
18049.5
18049.5
18049.5
18049.5
18049.5
18049.5
18049.5
1908.14
11705.5
17849.3
19013
18463.7
18070.9
18005.9
18034.4
18050.5
18051.4
18049.8
18049.3
18049.4
18049.5
18049.5
18049.5
18049.5
18049.5
18049.5
18049.5
18049.5
18049.5
18049.5
18049.5
18049.5
18049.5
18049.5
18049.5
18049.5
18049.5
155.064
7235.29
15152.5
18712
18913.6
18322.3
18029.5
18004.7
18037.4
18051.4
18051.5
18049.7
18049.3
18049.4
18049.5
18049.5
18049.5
18049.5
18049.5
18049.5
18049.5
18049.5
18049.5
18049.5
18049.5
18049.5
18049.5
18049.5
18049.5
18049.5
-444.928
3706.37
11525.6
17267.2
19048.7
18727.5
18192.2
18000.9
18009
18041.8
18052.4
18051.4
18049.6
18049.2
18049.3
18049.4
18049.4
18049.4
18049.4
18049.4
18049.4
18049.4
18049.4
18049.4
18049.4
18049.4
18049.4
18049.4
18049.4
18049.4
-498.841
1379.14
7791.41
14739
18455.7
19061.5
18516.5
18091
17988
18017.3
18046.5
18053.2
18051.2
18049.5
18049.2
18049.3
18049.4
18049.5
18049.5
18049.5
18049.5
18049.5
18049.5
18049.5
18049.5
18049.5
18049.5
18049.5
18049.5
18049.5
-355.791
101.616
4572.54
11538.1
16930.7
19000.1
18900.8
18323.1
18023.7
17988.1
18027.2
18050.4
18053.5
18051
18049.5
18049.3
18049.5
18049.5
18049.6
18049.6
18049.6
18049.6
18049.6
18049.6
18049.6
18049.6
18049.6
18049.6
18049.6
18049.6
-188.576
-432.03
2177.31
8199.69
14551.5
18262.3
19127.8
18672.3
18169.5
17987.4
17996.7
18036.5
18053
18053.3
18050.7
18049.6
18049.5
18049.6
18049.6
18049.6
18049.6
18049.6
18049.6
18049.6
18049.6
18049.6
18049.6
18049.6
18049.6
18049.6
-64.1026
-526.9
639.33
5188.94
11619.9
16726.2
18937.2
19016.3
18443.5
18062.7
17975.1
18009.4
18043.9
18053.9
18052.3
18050.1
18049.4
18049.4
18049.4
18049.4
18049.4
18049.4
18049.4
18049.5
18049.5
18049.4
18049.4
18049.4
18049.4
18049.4
6.012
-417.746
-181
2796.29
8537.17
14468.5
18121.3
19156.7
18794.7
18251.4
17999.6
17979.3
18022.7
18049
18053.4
18051
18049.3
18049.1
18049.2
18049.2
18049.1
18049
18049
18049.1
18049.1
18049.1
18049.1
18049.1
18049.1
18049.1
33.3869
-253.822
-494.109
1120.29
5678.45
11729.6
16599.2
18878.6
19095.9
18549.4
18110.9
17971.8
17993
18034.9
18052.1
18052.4
18049.8
18048.8
18048.9
18049.1
18049.1
18049
18048.9
18048.9
18048.9
18048.9
18048.9
18048.9
18048.9
18048.9
35.0943
-111.763
-506.802
107.903
3308.71
8832.32
14442.9
18019.5
19168.1
18891.5
18330.7
18022.3
17969.5
18011
18045.2
18054
18051.7
18049.2
18048.9
18049.4
18049.6
18049.6
18049.4
18049.4
18049.3
18049.4
18049.4
18049.4
18049.4
18049.4
25.5058
-18.1934
-381.96
-382.286
1551.67
6092.87
11852.8
16522.1
18829.2
19152.2
18639.8
18161.9
17977.3
17982.4
18029.1
18053.2
18055.3
18051.4
18049.4
18049.6
18050.3
18050.6
18050.5
18050.4
18050.3
18050.3
18050.3
18050.3
18050.4
18050.4
13.8548
28.4435
-226.334
-520.077
403.206
3752.63
9099.84
14452.7
17947.2
19170.6
18966.7
18400.9
18047.3
17963.8
18001.9
18044.3
18058.3
18055.7
18051.2
18049.8
18050.4
18051.1
18051.5
18051.4
18051.3
18051.2
18051.2
18051.2
18051.2
18051.2
4.65752
41.4717
-96.1855
-460.55
-229.778
1945
6458.06
11983.2
16479.3
18789.9
19192.3
18712.9
18205.6
17980.3
17969.3
18021.3
18054.6
18060.2
18054.8
18050.3
18049.4
18050.2
18051
18051.3
18051.3
18051.2
18051.1
18051.1
18051.1
18051.1
-0.825892
35.8602
-11.0536
-321.35
-483.569
695.51
4148.87
9347.22
14485.5
17898.4
19171.2
19026.2
18458.5
18064.2
17949.5
17983.5
18036.3
18059.4
18058.9
18052.1
18048.1
18047.6
18048.4
18049.2
18049.4
18049.4
18049.4
18049.3
18049.3
18049.3
-3.08866
23.3461
31.3263
-177.099
-498.478
-54.4062
2308.55
6787.73
12116.3
16461.4
18763.5
19227.5
18776.9
18242.4
17974.7
17943.1
17999.5
18045.8
18059.5
18055
18048
18044.7
18044.5
18045.3
18045.9
18046.2
18046.2
18046.1
18046.1
18046.1
-3.2536
11.1016
42.8367
-64.9624
-392.879
-412.982
981.488
4509.47
9578.07
14533.3
17870.1
19179.7
19086.5
18518
18081.8
17928.7
17951.7
18014.2
18050.6
18056.9
18050.4
18044
18041.4
18041.3
18042
18042.6
18042.8
18042.8
18042.8
18042.7
-2.41157
2.32437
36.903
4.6532
-251.3
-504.274
134.224
2648.33
7090.12
12248.8
16461.2
18752.6
19272.9
18853.6
18294.8
17979.3
17916.1
17969
18027.4
18053.6
18054.7
18047.7
18042.2
18040.2
18040.2
18040.8
18041.3
18041.4
18041.4
18041.4
-1.33798
-2.45104
24.2957
36.847
-123.781
-442.214
-318.592
1260.75
4843.4
9794.7
14588.2
17855.9
19201.4
19165.2
18605.3
18129.5
17928.9
17927.6
17991.6
18040.8
18058
18056
18049.3
18044.9
18043.4
18043.5
18044
18044.3
18044.5
18044.5
-0.452601
-4.05378
11.8051
43.0916
-32.2099
-315.523
-485.357
331.544
2971.31
7372.3
12375.9
16466.1
18748.7
19331.7
18959.1
18389.5
18026.5
17919.9
17955.2
18018.1
18056.3
18066.6
18063
18057.2
18053.7
18052.7
18052.8
18053.2
18053.4
18053.5
0.101644
-3.72025
2.61415
35.2306
20.5687
-182.872
-472.978
-206.229
1537.41
5160.36
9997.38
14635.9
17835.4
19220.4
19257.6
18729.6
18228.6
17978.5
17939.9
17991.8
18046.8
18074.7
18080.1
18076
18071.3
18068.7
18068
18068.1
18068.4
18068.6
0.347604
-2.54651
-2.61133
22.4371
41.9372
-75.5438
-370.525
-446.625
539.454
3287.81
7639.4
12485.6
16448.7
18719.3
19375.6
19075.5
18522.4
18125.1
17971.2
17975.6
18030.7
18075.1
18094.4
18096.6
18092.7
18089
18087.2
18086.7
18086.8
18087
0.378505
-1.27311
-4.5665
10.3669
42.741
-4.16986
-241.801
-488.247
-74.8314
1821.26
5468.89
10178.4
14647.7
17765.4
19188.9
19318.8
18854.8
18356.3
18067.6
17986.3
18013.8
18064.2
18097.9
18110.5
18110.9
18107.6
18104.9
18103.5
18103.2
18103.3
0.295409
-0.279707
-4.41509
1.59869
33.0824
33.5075
-125.239
-417.852
-386.639
767.14
3608.1
7887.96
12551.7
16362.2
18604.8
19339.5
19138.6
18636.6
18230.7
18037.5
18005.3
18041.8
18083.8
18108.2
18116
18115.4
18112.8
18110.8
18109.9
18109.7
0.176426
0.322434
-3.24886
-3.40362
20.3802
45.8608
-38.4382
-301.537
-485.609
84.8241
2123.32
5768.36
10314.5
14576.5
17580.8
19028.9
19263
18893.9
18431.8
18126.8
18008.6
18006.1
18042.9
18075.7
18092.7
18097.3
18096.4
18094.4
18093
18092.3
0.0686105
0.578375
-1.85211
-5.31987
9.02022
42.6154
15.4894
-182.745
-454.602
-296.012
1026.01
3934.5
8101.3
12536.5
16152.1
18337
19142.3
19057
18636.8
18251.9
18036.8
17971.2
17983.6
18015.8
18040.1
18051.4
18054.1
18053.1
18051.7
18050.6
-0.00765175
0.591355
-0.663738
-5.17925
0.901638
31.863
41.1763
-84.6485
-357.833
-452.704
285.136
2440.13
6024.99
10337.3
14325.8
17165.6
18611.7
18952.3
18704.3
18314.9
18024.1
17885.5
17856
17874.6
17900.5
17917.5
17924.7
17925.9
17925.1
17923.8
-0.0501831
0.493476
0.130316
-4.16836
-3.80345
20.371
48.535
-17.2973
-252.249
-478.57
-158.412
1357.26
4342.98
8391.46
12574.8
15949.8
18014.8
18831.4
18824.3
18477
18123.8
17902.9
17815.1
17807.2
17828.3
17849.7
17862.4
17867.3
17868
17867
-0.0651421
0.258465
0.649771
-2.04531
-5.74527
5.79558
37.6394
32.7452
-106.937
-360.175
-410.535
305.898
2262.81
5459.91
9326.77
13005.7
15790.2
17410
18026
18021.8
17774.3
17525
17367.8
17301.7
17290.8
17301.2
17313.8
17321.8
17325.3
17326.1
)
;

boundaryField
{
    fixedWall_Bottom
    {
        type            greyDiffusiveRadiation;
        refValue        uniform 18049.5;
        refGradient     uniform 0;
        valueFraction   uniform 1;
        source          uniform 0;
        value           uniform 18049.5;
    }
    fixedWall_Right
    {
        type            greyDiffusiveRadiation;
        refValue        uniform 0;
        refGradient     uniform 0;
        valueFraction   uniform 0;
        source          uniform 0;
        value           nonuniform List<scalar> 
30
(
18049.5
18049.5
18049.5
18049.5
18049.4
18049.5
18049.6
18049.6
18049.4
18049.1
18048.9
18049.4
18050.4
18051.2
18051.1
18049.3
18046.1
18042.7
18041.4
18044.5
18053.5
18068.6
18087
18103.3
18109.7
18092.3
18050.6
17923.8
17867
17326.1
)
;
    }
    fixedWall_Left
    {
        type            greyDiffusiveRadiation;
        refValue        uniform 0;
        refGradient     uniform 0;
        valueFraction   uniform 1;
        source          uniform 0;
        value           uniform 0;
    }
    fixedWall_Top
    {
        type            greyDiffusiveRadiation;
        refValue        uniform 0;
        refGradient     uniform 0;
        valueFraction   uniform 0;
        source          uniform 0;
        value           nonuniform List<scalar> 
30
(
-0.0651421
0.258465
0.649771
-2.04531
-5.74527
5.79558
37.6394
32.7452
-106.937
-360.175
-410.535
305.898
2262.81
5459.91
9326.77
13005.7
15790.2
17410
18026
18021.8
17774.3
17525
17367.8
17301.7
17290.8
17301.2
17313.8
17321.8
17325.3
17326.1
)
;
    }
    frontAndBack
    {
        type            empty;
    }
}


// ************************************************************************* //
