/*--------------------------------*- C++ -*----------------------------------*\
| =========                 |                                                 |
| \\      /  F ield         | OpenFOAM: The Open Source CFD Toolbox           |
|  \\    /   O peration     | Version:  2312                                  |
|   \\  /    A nd           | Website:  www.openfoam.com                      |
|    \\/     M anipulation  |                                                 |
\*---------------------------------------------------------------------------*/
FoamFile
{
    version     2.0;
    format      ascii;
    arch        "LSB;label=32;scalar=64";
    class       volScalarField;
    location    "0.045";
    object      ILambda_52_0;
}
// * * * * * * * * * * * * * * * * * * * * * * * * * * * * * * * * * * * * * //

dimensions      [1 0 -3 0 0 0 0];

internalField   nonuniform List<scalar> 
900
(
18049.6
18049.6
18049.6
18049.5
18049.4
18049.2
18049.1
18049.1
18049.4
18049.9
18050.8
18051.9
18052.7
18052.6
18050.3
18044.8
18035.6
18024
18014.4
18016.1
18043.5
18113.6
18238
18405.3
18548.3
18494.4
17894.4
16141.3
12317.8
5319.15
18049
18048.8
18048.6
18048.7
18048.9
18049.5
18050.6
18051.9
18053.1
18053.5
18051.9
18047.1
18038.4
18026.1
18013.6
18008
18021
18067.7
18161.2
18303.3
18467.2
18576.4
18481.5
17947.9
16670.3
14343.1
10814.2
6344.02
1927.12
-574.634
18047.8
18048.4
18049.4
18050.7
18052.3
18053.6
18053.9
18052
18046.8
18037.6
18025.1
18012.5
18006.6
18018.1
18060.5
18145.7
18275.8
18431.4
18556.3
18543.6
18230.5
17410.1
15872.2
13476.9
10258.1
6523.84
2896.94
200.217
-900.426
-459.906
18052.1
18054.6
18055.8
18056.1
18054.1
18049
18040
18027.7
18014.6
18006.5
18012.6
18044.8
18114.4
18226.5
18370.8
18510
18569.5
18431.7
17941.6
16929.2
15253.2
12860.5
9849.78
6511.37
3310.47
782.259
-662.563
-963.489
-527.173
-46.8555
18060.7
18058.1
18052.8
18043.9
18031.7
18018.1
18007.7
18008
18029
18081.8
18173.4
18301
18442.5
18548.1
18533.1
18279.2
17646.2
16497.8
14740.7
12371
9512.31
6429.58
3498.02
1118.8
-406.208
-999.199
-864.16
-414.208
-61.1683
25.6197
18046.7
18029.8
18017.1
18005.1
18001.1
18013.3
18051.2
18123.3
18231.5
18364.8
18492
18554.2
18462.8
18104
17354
16104.5
14296.9
11956.6
9217.13
6319.87
3580.99
1323.28
-212.856
-950.598
-1012.05
-678.02
-272.83
-21.4267
36.8338
7.25687
17996.3
17985.1
17993.2
18020.7
18077.1
18166.9
18286.5
18417.7
18521.8
18534.9
18368.2
17915.2
17067.8
15740.7
13900.6
11591.6
8949.81
6196.75
3606.56
1450.23
-71.8454
-887.742
-1078.32
-851.296
-467.008
-142.689
19.9512
43.5373
14.5604
-1.41246
17985.3
18043.8
18116.4
18221
18345.5
18466.2
18539.2
18498.3
18257.2
17718.1
16787.7
15399.7
13538.9
11261.3
8702.4
6066.64
3596.98
1527.45
29.9916
-829.173
-1107.29
-966.808
-622.833
-273.576
-41.4954
48.5177
44.7607
15.0332
-0.666376
-0.951585
18154
18313.1
18423.9
18524.6
18555.9
18454.1
18137.1
17516.8
16513.5
15076.3
13203.2
10957.2
8470.57
5933.32
3564.32
1570.35
102.167
-779.774
-1118.51
-1046.32
-745.267
-394.11
-120.115
25.788
61.5059
40.4201
12.1037
-1.01536
-1.65409
0.00306981
18491.4
18606.6
18573.4
18404.1
18007.6
17308.9
16240.3
14763.3
12885.5
10672.8
8252.44
5800.75
3517.45
1589.04
150.917
-741.253
-1121.77
-1102.63
-841.539
-499.65
-201.985
-13.4707
62.0274
61.4366
32.233
7.64036
-1.98981
-1.95849
-0.239545
0.106903
18613.3
18315.9
17845.5
17072.2
15947.7
14442.8
12571.1
10398.4
8044.61
5672.53
3465.23
1593.6
182.715
-713.958
-1123.9
-1144.99
-917.859
-589.632
-280.282
-61.0798
49.6018
73.9992
52.7049
22.4492
3.04526
-2.99132
-2.05694
-0.329343
0.141422
0.0174581
17843.5
16713.6
15600.3
14077.3
12231.5
10113.9
7836.64
5547.95
3414.99
1595.51
207.736
-693.743
-1128.31
-1181.63
-981.748
-666.26
-351.201
-110.635
28.5079
77.6836
69.5821
39.7061
13.0161
-0.763801
-3.64847
-1.95567
-0.291466
0.15771
0.0522109
-0.00950342
15647.7
13520.9
11843.1
9785.11
7609.15
5418.57
3369.17
1605.13
239.51
-669.614
-1130.9
-1216.13
-1041.04
-735.971
-415.699
-157.903
4.12275
74.8136
81.1372
56.0126
25.9269
5.21826
-3.329
-3.81776
-1.68983
-0.173571
0.18728
0.0704786
-0.00893938
-0.00337427
12082.1
9235.04
7363.88
5264.13
3324.17
1627.85
290.903
-626.058
-1118.91
-1242.68
-1097.78
-805.59
-480.088
-204.577
-20.471
69.7658
89.2107
69.7785
39.0039
13.6578
-0.36538
-4.57352
-3.51547
-1.3206
-0.0332104
0.221646
0.0834766
-0.00839624
-0.00878846
0.00103051
7858.87
4902.42
3302.45
1655.7
370.122
-549.362
-1075.5
-1246.63
-1143.82
-875.041
-550.165
-257.513
-48.7219
63.7576
97.2914
83.196
51.605
22.4849
4.07303
-3.72572
-4.68756
-2.85212
-0.910509
0.0822265
0.241311
0.0938407
-0.00697776
-0.0138483
-0.000236171
0.000932557
3965.64
1527.1
507.551
-440.041
-986.411
-1211.38
-1163.32
-934.254
-623.988
-321.688
-88.2401
51.3843
104.606
98.9167
66.5357
32.3241
8.72586
-2.51609
-5.21632
-4.00407
-1.98054
-0.508455
0.148215
0.229384
0.0978295
-0.00148864
-0.0175284
-0.00338148
0.00191032
0.000143766
1150.34
-418.071
-822.325
-1131.79
-1139.39
-967.383
-690.272
-393.823
-143.344
24.4798
104.163
114.441
85.6284
46.4691
15.4224
-1.33548
-6.36446
-5.35343
-2.88841
-1.05638
-0.147395
0.164196
0.180561
0.0889119
0.00810548
-0.0166549
-0.00745296
0.00121743
0.00118113
-0.000157276
-367.579
-1076.26
-1046.23
-964.266
-732.496
-462.366
-209.851
-20.6426
87.6931
121.857
105.141
65.9794
27.6445
2.54792
-7.6968
-8.02606
-4.66363
-1.65896
-0.209638
0.152172
0.145108
0.10297
0.0631287
0.0179746
-0.00952225
-0.0100002
-0.00130868
0.00167442
0.000392505
-0.000168934
-838.832
-946.135
-728.656
-514.921
-275.524
-79.4618
52.2198
113.283
116.955
86.4158
45.7759
12.4885
-5.97973
-10.9116
-8.14856
-3.59077
-0.544435
0.471965
0.379009
0.110221
0.0134036
0.0223586
0.0230191
0.00243037
-0.00869228
-0.0045422
0.000826478
0.00113088
-1.86007e-05
-0.000105344
-718.801
-541.484
-323.519
-141.996
2.87186
86.3307
113.979
100.03
65.1665
28.3291
1.77088
-10.6617
-11.7772
-7.33713
-2.45582
0.325688
0.947503
0.529869
0.0750205
-0.0700768
-0.0261831
0.0200321
0.0153982
-0.00296016
-0.0066422
-0.00131085
0.00132926
0.000517067
-0.000169065
-3.96908e-05
-411.937
-186.145
-50.5114
45.3525
94.6594
100.658
78.844
45.5759
15.0085
-4.80081
-12.3907
-11.111
-6.08027
-1.45483
0.907982
1.21706
0.608948
0.048055
-0.134099
-0.0731003
0.00920545
0.0253538
0.00569549
-0.00626161
-0.00382032
0.000575971
0.00104534
6.25465e-05
-0.000159918
2.52774e-06
-150.958
10.1558
61.6757
87.216
81.7557
58.1988
29.6494
5.88175
-8.06075
-12.1371
-9.61359
-4.7238
-0.679149
1.22044
1.30964
0.6267
0.0315963
-0.172544
-0.110328
-0.00645307
0.0298671
0.0146704
-0.00327964
-0.00555786
-0.000939981
0.00114544
0.000480431
-0.000141257
-8.56608e-05
1.68815e-05
-6.75862
71.015
71.5725
62.3321
40.6893
17.8336
0.316067
-8.99994
-10.7539
-7.8082
-3.47811
-0.144946
1.31595
1.2694
0.59762
0.0240142
-0.185989
-0.133296
-0.0228383
0.0286963
0.0215776
0.00132003
-0.00582165
-0.00260901
0.000663774
0.000831415
5.01354e-05
-0.000147726
-2.03682e-05
1.39033e-05
41.3493
61.2956
43.9371
27.2462
9.75132
-2.60283
-8.51811
-8.889
-6.03475
-2.44455
0.176796
1.25978
1.14352
0.537505
0.0221619
-0.179409
-0.141303
-0.03641
0.023278
0.0251085
0.00610638
-0.0046131
-0.00380442
-0.000225853
0.000906595
0.000321573
-0.000116339
-7.91096e-05
9.79132e-06
6.43124e-06
39.2857
32.9247
16.6431
4.79006
-3.76956
-7.3202
-6.97009
-4.479
-1.64857
0.33533
1.11385
0.973784
0.460973
0.0229828
-0.159595
-0.136599
-0.045114
0.0157517
0.025182
0.00987019
-0.00246863
-0.00418938
-0.00117818
0.000663295
0.000532809
5.65461e-06
-0.00010969
-2.05166e-05
1.37568e-05
1.24962e-06
22.6449
10.7692
1.47297
-3.77776
-5.90389
-5.23828
-3.21352
-1.07117
0.38271
0.928121
0.792288
0.379817
0.0242611
-0.133127
-0.122973
-0.0484941
0.00809853
0.0225869
0.0119819
-0.000101626
-0.00378617
-0.00188295
0.000213274
0.000590935
0.000158365
-8.67738e-05
-5.39022e-05
5.45275e-06
8.14406e-06
-7.11515e-07
8.59393
-0.101704
-3.448
-4.4804
-3.81306
-2.23846
-0.672952
0.363718
0.737729
0.620429
0.302345
0.0247554
-0.105227
-0.104461
-0.0472824
0.00166735
0.0184655
0.0124051
0.00190328
-0.0028603
-0.00218797
-0.000270329
0.000489438
0.000273525
-2.11457e-05
-6.80729e-05
-1.29088e-05
9.37621e-06
2.78376e-06
-8.51233e-07
1.16989
-3.06869
-3.28884
-2.67668
-1.52615
-0.408985
0.31134
0.563539
0.469932
0.233468
0.0240655
-0.0793045
-0.0844475
-0.0428032
-0.00292359
0.0138816
0.0114968
0.00323173
-0.00174664
-0.00210698
-0.000644776
0.000287404
0.000313066
5.54078e-05
-5.56001e-05
-2.96963e-05
3.40594e-06
5.71622e-06
1.69743e-07
-4.7298e-07
-1.30287
-2.5901
-1.83149
-1.02776
-0.247335
0.251016
0.420298
0.349607
0.177685
0.0227729
-0.0577093
-0.066077
-0.03696
-0.00576445
0.00967655
0.00987994
0.00389018
-0.000714373
-0.00177372
-0.000853976
6.17945e-05
0.000280433
0.000114361
-2.43052e-05
-3.63178e-05
-6.19425e-06
5.47462e-06
2.11256e-06
-4.91362e-07
-1.63406e-07
-1.3019
-1.10678
-0.454221
-0.0260987
0.231095
0.287025
0.212354
0.0941122
-0.00120866
-0.0454804
-0.0451423
-0.0235457
-0.00257884
0.00736391
0.00718228
0.00290223
-0.000449032
-0.00133363
-0.000727109
-1.67936e-05
0.00021316
0.000115583
-3.88986e-06
-3.13017e-05
-1.07658e-05
3.33038e-06
2.96664e-06
4.237e-08
-3.90451e-07
1.2002e-09
)
;

boundaryField
{
    fixedWall_Bottom
    {
        type            greyDiffusiveRadiation;
        refValue        uniform 18049.5;
        refGradient     uniform 0;
        valueFraction   uniform 1;
        source          uniform 0;
        value           uniform 18049.5;
    }
    fixedWall_Right
    {
        type            greyDiffusiveRadiation;
        refValue        uniform 0;
        refGradient     uniform 0;
        valueFraction   uniform 1;
        source          uniform 0;
        value           uniform 0;
    }
    fixedWall_Left
    {
        type            greyDiffusiveRadiation;
        refValue        uniform 0;
        refGradient     uniform 0;
        valueFraction   uniform 0;
        source          uniform 0;
        value           nonuniform List<scalar> 
30
(
18049.6
18049
18047.8
18052.1
18060.7
18046.7
17996.3
17985.3
18154
18491.4
18613.3
17843.5
15647.7
12082.1
7858.87
3965.64
1150.34
-367.579
-838.832
-718.801
-411.937
-150.958
-6.75862
41.3493
39.2857
22.6449
8.59393
1.16989
-1.30287
-1.3019
)
;
    }
    fixedWall_Top
    {
        type            greyDiffusiveRadiation;
        refValue        uniform 0;
        refGradient     uniform 0;
        valueFraction   uniform 0;
        source          uniform 0;
        value           nonuniform List<scalar> 
30
(
-1.3019
-1.10678
-0.454221
-0.0260987
0.231095
0.287025
0.212354
0.0941122
-0.00120866
-0.0454804
-0.0451423
-0.0235457
-0.00257884
0.00736391
0.00718228
0.00290223
-0.000449032
-0.00133363
-0.000727109
-1.67936e-05
0.00021316
0.000115583
-3.88986e-06
-3.13017e-05
-1.07658e-05
3.33038e-06
2.96664e-06
4.237e-08
-3.90451e-07
1.2002e-09
)
;
    }
    frontAndBack
    {
        type            empty;
    }
}


// ************************************************************************* //
