/*--------------------------------*- C++ -*----------------------------------*\
| =========                 |                                                 |
| \\      /  F ield         | OpenFOAM: The Open Source CFD Toolbox           |
|  \\    /   O peration     | Version:  2312                                  |
|   \\  /    A nd           | Website:  www.openfoam.com                      |
|    \\/     M anipulation  |                                                 |
\*---------------------------------------------------------------------------*/
FoamFile
{
    version     2.0;
    format      ascii;
    arch        "LSB;label=32;scalar=64";
    class       volScalarField;
    location    "0.045";
    object      ILambda_6_0;
}
// * * * * * * * * * * * * * * * * * * * * * * * * * * * * * * * * * * * * * //

dimensions      [1 0 -3 0 0 0 0];

internalField   nonuniform List<scalar> 
900
(
10596.8
17887
18752.6
18311
18050.3
18013.8
18037.1
18050.9
18052.1
18050.2
18049.3
18049.2
18049.4
18049.5
18049.5
18049.5
18049.5
18049.5
18049.5
18049.5
18049.5
18049.5
18049.5
18049.5
18049.5
18049.5
18049.5
18049.5
18049.5
18049.5
2750.88
12310.8
17700.2
18887.3
18518
18125.8
18005
18017.7
18044.1
18053
18051.9
18049.8
18049.1
18049.3
18049.4
18049.5
18049.5
18049.5
18049.5
18049.5
18049.5
18049.5
18049.5
18049.5
18049.5
18049.5
18049.5
18049.5
18049.5
18049.5
-101.814
6013.68
13537.6
17854.4
18916.2
18585.1
18166.4
18006.4
18006.5
18037.5
18052.2
18053
18050.5
18049.2
18049.1
18049.3
18049.4
18049.4
18049.4
18049.4
18049.4
18049.5
18049.5
18049.4
18049.4
18049.4
18049.4
18049.4
18049.4
18049.4
-619.492
1752.58
8149
14549.2
18087.9
18940.2
18604.1
18182.8
18006.9
17999.2
18032.3
18051.2
18053.8
18051.2
18049.5
18049.1
18049.3
18049.4
18049.4
18049.4
18049.4
18049.4
18049.4
18049.4
18049.4
18049.4
18049.4
18049.4
18049.4
18049.4
-404.049
-199.944
3577.93
9869.46
15415.8
18324.6
18956.5
18596.8
18182.8
18004.9
17994.3
18028.6
18050.2
18054.4
18052
18049.9
18049.3
18049.5
18049.6
18049.6
18049.5
18049.5
18049.5
18049.5
18049.5
18049.6
18049.6
18049.6
18049.5
18049.5
-136.892
-657.625
751.375
5307.2
11331.3
16157.5
18534.2
18960.2
18573
18172.1
18000.8
17990.9
18026.2
18049.4
18054.6
18052.3
18050.1
18049.5
18049.7
18049.9
18049.8
18049.7
18049.6
18049.6
18049.6
18049.7
18049.7
18049.7
18049.7
18049.7
5.28254
-482.658
-458.46
1938.39
6925.25
12598
16788.3
18706.8
18949.7
18538.3
18154.8
17995.3
17988.6
18024.7
18048.6
18054.2
18052
18049.7
18049.1
18049.5
18049.8
18049.8
18049.7
18049.5
18049.4
18049.4
18049.5
18049.5
18049.5
18049.5
42.1162
-202.795
-656.972
60.3177
3241.45
8430.66
13703.1
17319.9
18840.5
18925.4
18496.3
18133.7
17989.3
17987.7
18024.5
18048.3
18053.7
18051.1
18048.6
18048.1
18048.6
18049.2
18049.4
18049.2
18049.1
18048.9
18048.9
18048.9
18048.9
18048.9
31.183
-21.4167
-439.016
-620.237
816.859
4595.39
9823.25
14667.1
17762.3
18936.9
18888.9
18449.8
18110.9
17984
17988.6
18026.3
18049.6
18054.2
18050.9
18047.8
18047.1
18047.8
18048.6
18049
18049
18048.9
18048.7
18048.7
18048.6
18048.6
11.9991
44.9338
-175.105
-613.984
-368.62
1748.17
5958.06
11103.2
15504.9
18125
18999.4
18841.9
18400.5
18087.6
17979.5
17991.4
18030.4
18053.1
18056.8
18052.4
18048.4
18047.3
18048
18049
18049.7
18049.8
18049.8
18049.6
18049.5
18049.5
-0.0202771
44.1939
-10.0981
-362.725
-674.607
81.7698
2803.85
7299.93
12271.4
16228.3
18416.4
19031.7
18786.2
18349.2
18063.6
17974.7
17994.5
18035.5
18058.2
18061.2
18055.8
18050.8
18048.9
18049.2
18050.3
18051.1
18051.5
18051.5
18051.4
18051.3
-3.83016
22.5756
49.1817
-124.368
-533.441
-593.843
706.664
3942.8
8599.45
13329.4
16847.4
18644.6
19037.8
18723.3
18296.2
18037.9
17967.4
17995.2
18038.8
18062.3
18065.3
18059.3
18053.2
18050.4
18050.2
18051.1
18052
18052.5
18052.7
18052.6
-3.15324
4.56107
46.4655
11.4223
-274.562
-646.532
-361.485
1478.87
5130.96
9840.49
14279.4
17371.6
18817.6
19022.6
18655.9
18242.4
18009.8
17956
17990.9
18037.3
18062.4
18066.3
18060.3
18053.6
18049.9
18049
18049.5
18050.3
18050.9
18051.2
-1.3635
-3.64122
24.0414
53.7712
-70.7721
-431.567
-672.103
21.5219
2370.59
6339.82
11011.1
15124.9
17810
18943.8
18992
18587.8
18190.5
17981
17940.8
17981.2
18030
18057.1
18062.7
18057.5
18050.6
18046.3
18044.7
18044.8
18045.4
18046.1
-0.0904388
-4.64286
5.17447
44.896
31.9865
-188.007
-566.218
-590.312
546.761
3354.81
7545.52
12102.5
15870.1
18172.3
19032.5
18953.4
18525.1
18145.5
17955.8
17925.6
17969
18019.2
18048.2
18055.9
18052.1
18045.8
18041.2
18039.1
18038.7
18039.2
0.384248
-2.73398
-3.75913
21.7327
55.7437
-23.737
-324.105
-652.62
-389.986
1201.13
4406.16
8728.18
13108.7
16520
18467.7
19092.9
18914.6
18474.5
18113.9
17940.7
17916.5
17960.1
18010
18040.3
18050.3
18048.4
18043.1
18038.7
18036.3
18035.4
0.355391
-0.748168
-5.09093
3.71663
40.539
47.1125
-111.149
-459.926
-669.667
-66.6445
1969.17
5501.35
9870.8
14024.7
17078.9
18704.3
19132.9
18882.1
18441.9
18101.5
17941.8
17920.1
17961.1
18009
18039.7
18051.5
18051.7
18047.7
18043.8
18040.9
0.167446
0.307319
-3.12868
-4.40469
17.3673
54.3599
13.2448
-222.842
-576.075
-600.851
379.805
2834.42
6618.43
10957.6
14845.3
17549.7
18888
19157.5
18859.2
18429.6
18110.8
17962.4
17940.4
17976.6
18020.8
18050.7
18063.8
18065.8
18063.4
18059.3
0.0161961
0.524816
-0.913361
-5.27943
1.15385
34.3717
56.2074
-47.9305
-348.326
-653.804
-432.827
946.656
3779.2
7735.1
11972.2
15564.2
17933.1
19021.1
19167.3
18844.2
18434.4
18139
18000.5
17976.6
18006.4
18045.4
18073.4
18087.1
18090.7
18088.9
-0.0472778
0.33491
0.349456
-3.09225
-5.43681
12.0792
50.5397
40.0006
-135.679
-474.812
-674.22
-154.213
1628.14
4782.78
8826.86
12896.8
16173.3
18227.1
19101.8
19157.5
18829
18447
18176.5
18047.5
18020.9
18043.5
18076.6
18101.8
18115.1
18120.3
-0.04676
0.0856908
0.660525
-0.752775
-5.49052
-1.89913
27.72
60.6027
0.301248
-246.512
-586.245
-617.33
243.764
2413.25
5819.34
9866.04
13712.1
16663
18426.6
19124.2
19118
18800
18451.6
18207.2
18087.9
18058.8
18074.2
18101.1
18122.6
18137.6
-0.0215058
-0.0662568
0.45734
0.578827
-2.97376
-6.78527
6.94741
45.9379
57.7175
-67.2878
-372.497
-661.92
-462.909
764.343
3282.88
6856.77
10822.3
14398.3
17023
18524.5
19078.2
19034.2
18738.3
18427.4
18209.9
18100.8
18069.8
18078.9
18099
18121.6
0.00187484
-0.106395
0.140627
0.903483
-0.517967
-5.96655
-4.81971
22.0237
61.9626
33.5835
-163.847
-498.834
-676.88
-194.038
1401.23
4208.08
7857.53
11664.5
14936.6
17243.3
18512.2
18951.7
18888.6
18622.8
18351
18160.6
18062.2
18030.6
18033.4
18053.4
0.0136755
-0.0797854
-0.0814691
0.661047
0.862676
-3.1057
-8.21966
3.03547
41.93
67.6591
-19.372
-283.62
-603.001
-605.394
197.698
2135.6
5150.65
8781.42
12363.6
15311.3
17315.5
18381.2
18731.5
18663.1
18431.6
18199
18035
17947.7
17916.1
17917.4
0.0150102
-0.0342217
-0.165764
0.271559
1.20453
-0.509526
-6.71749
-6.89063
18.2619
61.283
52.8706
-103.921
-411.51
-657.222
-426.849
707.577
2935.7
6066.26
9589.4
12895.4
15511.2
17234
18124.6
18406.2
18341.8
18146
17950.8
17812
17736.4
17702.4
0.0107676
0.0021097
-0.152058
-0.0293969
0.94326
0.969066
-3.60963
-9.27715
1.0456
38.9654
70.7974
9.19075
-214.115
-523.783
-634.104
-131.795
1315.8
3759.59
6909.03
10247.3
13241.9
15529.9
16995.7
17736.5
17965.3
17910.1
17749
17588.3
17474.5
17396
0.00531937
0.0206748
-0.0967959
-0.176574
0.499854
1.39664
-0.885682
-7.45326
-7.56408
16.545
58.7709
60.0675
-65.3542
-333.997
-592.68
-513.932
273.624
1988.71
4560.84
7639.1
10733.6
13400.7
15376.7
16613.5
17228.5
17417.3
17374.2
17244.5
17117.7
17000.1
0.00106111
0.0243204
-0.0403186
-0.199018
0.124082
1.1839
0.733076
-4.29845
-9.45806
1.01761
36.5235
67.8971
21.6907
-163.24
-438.926
-590.529
-287.069
768.544
2678.64
5279.27
8197.36
10995.5
13322.4
15000.5
16030.8
16538.3
16696.7
16667.3
16572.3
16443.2
-0.00127861
0.0201749
-0.00228056
-0.159554
-0.0950321
0.769069
1.34173
-1.62161
-7.93368
-6.7833
16.7344
55.474
58.6949
-45.4898
-275.328
-516.867
-514.322
39.1389
1353.74
3426.99
6027.16
8780.08
11305.2
13331.6
14750
15597.5
16002.3
16119.2
16090.6
15973.7
-0.00226865
0.0102422
0.0217843
-0.0738802
-0.189552
0.212592
1.15619
0.599687
-3.82514
-8.47544
-1.05679
26.9228
57.0013
36.52
-87.3964
-301.968
-478.831
-389.56
206.619
1448.88
3300.31
5552.83
7903.07
10055.4
11803.5
13064.1
13863.2
14295
14477.7
14511.1
)
;

boundaryField
{
    fixedWall_Bottom
    {
        type            greyDiffusiveRadiation;
        refValue        uniform 18049.5;
        refGradient     uniform 0;
        valueFraction   uniform 1;
        source          uniform 0;
        value           uniform 18049.5;
    }
    fixedWall_Right
    {
        type            greyDiffusiveRadiation;
        refValue        uniform 0;
        refGradient     uniform 0;
        valueFraction   uniform 0;
        source          uniform 0;
        value           nonuniform List<scalar> 
30
(
18049.5
18049.5
18049.4
18049.4
18049.5
18049.7
18049.5
18048.9
18048.6
18049.5
18051.3
18052.6
18051.2
18046.1
18039.2
18035.4
18040.9
18059.3
18088.9
18120.3
18137.6
18121.6
18053.4
17917.4
17702.4
17396
17000.1
16443.2
15973.7
14511.1
)
;
    }
    fixedWall_Left
    {
        type            greyDiffusiveRadiation;
        refValue        uniform 0;
        refGradient     uniform 0;
        valueFraction   uniform 1;
        source          uniform 0;
        value           uniform 0;
    }
    fixedWall_Top
    {
        type            greyDiffusiveRadiation;
        refValue        uniform 0;
        refGradient     uniform 0;
        valueFraction   uniform 0;
        source          uniform 0;
        value           nonuniform List<scalar> 
30
(
-0.00226865
0.0102422
0.0217843
-0.0738802
-0.189552
0.212592
1.15619
0.599687
-3.82514
-8.47544
-1.05679
26.9228
57.0013
36.52
-87.3964
-301.968
-478.831
-389.56
206.619
1448.88
3300.31
5552.83
7903.07
10055.4
11803.5
13064.1
13863.2
14295
14477.7
14511.1
)
;
    }
    frontAndBack
    {
        type            empty;
    }
}


// ************************************************************************* //
