/*--------------------------------*- C++ -*----------------------------------*\
| =========                 |                                                 |
| \\      /  F ield         | OpenFOAM: The Open Source CFD Toolbox           |
|  \\    /   O peration     | Version:  2312                                  |
|   \\  /    A nd           | Website:  www.openfoam.com                      |
|    \\/     M anipulation  |                                                 |
\*---------------------------------------------------------------------------*/
FoamFile
{
    version     2.0;
    format      ascii;
    arch        "LSB;label=32;scalar=64";
    class       volScalarField;
    location    "0.045";
    object      ILambda_62_0;
}
// * * * * * * * * * * * * * * * * * * * * * * * * * * * * * * * * * * * * * //

dimensions      [1 0 -3 0 0 0 0];

internalField   nonuniform List<scalar> 
900
(
18049.5
18049.5
18049.5
18049.5
18049.5
18049.5
18049.5
18049.5
18049.5
18049.5
18049.5
18049.5
18049.5
18049.5
18049.5
18049.5
18049.5
18049.5
18049.5
18049.5
18049.5
18049.5
18049.5
18049.5
18049.6
18048.6
18043.3
18110.1
18557.2
16149.2
18049.5
18049.5
18049.5
18049.5
18049.5
18049.5
18049.5
18049.5
18049.5
18049.5
18049.5
18049.5
18049.5
18049.5
18049.5
18049.5
18049.5
18049.5
18049.5
18049.5
18049.5
18049.5
18049.5
18049.7
18048.9
18040.4
18052.6
18379
18939.2
12820.3
18049.5
18049.5
18049.5
18049.5
18049.5
18049.5
18049.5
18049.5
18049.5
18049.5
18049.5
18049.5
18049.5
18049.5
18049.5
18049.5
18049.5
18049.5
18049.5
18049.5
18049.5
18049.5
18049.6
18049.8
18045.1
18029.2
18115.5
18712.9
18682.7
10017.5
18049.5
18049.5
18049.5
18049.5
18049.5
18049.5
18049.5
18049.5
18049.5
18049.5
18049.5
18049.5
18049.5
18049.5
18049.5
18049.5
18049.5
18049.5
18049.5
18049.5
18049.5
18049.5
18049.9
18049.1
18036.8
18026
18245
19002.4
17917
7698.72
18049.5
18049.5
18049.5
18049.5
18049.5
18049.5
18049.5
18049.5
18049.5
18049.5
18049.5
18049.5
18049.5
18049.5
18049.5
18049.5
18049.5
18049.5
18049.5
18049.5
18049.5
18049.7
18050.2
18046.4
18025.2
18043.9
18432.8
19162.2
16783.3
5803.45
18049.5
18049.5
18049.5
18049.5
18049.5
18049.5
18049.5
18049.5
18049.5
18049.5
18049.5
18049.5
18049.5
18049.5
18049.5
18049.5
18049.5
18049.5
18049.5
18049.5
18049.5
18050
18050.2
18040.6
18013.8
18094.2
18654.7
19138
15406.2
4271.88
18049.4
18049.4
18049.4
18049.4
18049.4
18049.4
18049.4
18049.4
18049.4
18049.4
18049.4
18049.4
18049.4
18049.4
18049.4
18049.4
18049.4
18049.4
18049.4
18049.4
18049.6
18050.4
18049
18031.5
18008.4
18183.4
18878.2
18903.4
13888.4
3049.23
18049.4
18049.4
18049.4
18049.4
18049.4
18049.4
18049.4
18049.4
18049.4
18049.4
18049.4
18049.4
18049.4
18049.4
18049.4
18049.4
18049.4
18049.4
18049.4
18049.4
18049.9
18050.8
18046.2
18019.8
18015.9
18311.5
19068
18453.6
12311.9
2086.56
18049.5
18049.5
18049.5
18049.5
18049.5
18049.5
18049.5
18049.5
18049.5
18049.5
18049.5
18049.5
18049.5
18049.5
18049.5
18049.5
18049.5
18049.5
18049.4
18049.5
18050.3
18050.9
18040.9
18007.5
18043.1
18472.3
19190.9
17799.8
10740.7
1340.7
18049.5
18049.5
18049.5
18049.5
18049.5
18049.5
18049.5
18049.5
18049.5
18049.5
18049.5
18049.5
18049.5
18049.5
18049.5
18049.5
18049.5
18049.5
18049.5
18049.7
18050.9
18050.2
18032.8
17997.8
18095.4
18653.9
19218
16964.6
9222.51
773.876
18049.5
18049.5
18049.5
18049.5
18049.5
18049.5
18049.5
18049.5
18049.5
18049.5
18049.5
18049.5
18049.5
18049.5
18049.6
18049.6
18049.5
18049.5
18049.5
18050
18051.5
18048.1
18022.2
17994.6
18175.8
18840.1
19127.3
15977.2
7792.06
353.319
18049.5
18049.5
18049.5
18049.5
18049.5
18049.5
18049.5
18049.5
18049.5
18049.5
18049.5
18049.5
18049.5
18049.5
18049.5
18049.5
18049.5
18049.4
18049.5
18050.4
18051.8
18044
18009.7
18002.4
18284.6
19012.4
18904.4
14870.9
6472.7
50.8362
18049.3
18049.3
18049.3
18049.3
18049.3
18049.3
18049.3
18049.3
18049.3
18049.3
18049.3
18049.3
18049.3
18049.3
18049.3
18049.3
18049.3
18049.2
18049.5
18050.9
18051.5
18037.5
17997
18025.6
18418.9
19151.1
18541.9
13680
5278.66
-157.621
18049.2
18049.2
18049.2
18049.2
18049.2
18049.2
18049.2
18049.2
18049.2
18049.2
18049.2
18049.2
18049.2
18049.2
18049.2
18049.2
18049.2
18049.1
18049.7
18051.5
18050.3
18028.5
17986.8
18068.4
18573
19237
18039.8
12437.8
4216.83
-292.38
18049.3
18049.3
18049.3
18049.3
18049.3
18049.3
18049.3
18049.3
18049.3
18049.3
18049.3
18049.3
18049.3
18049.3
18049.3
18049.3
18049.2
18049.3
18050.2
18052.2
18047.7
18017.4
17982.1
18133.5
18738
19252.2
17404
11175.5
3288.31
-370.454
18049.5
18049.5
18049.5
18049.5
18049.5
18049.5
18049.5
18049.5
18049.5
18049.5
18049.5
18049.5
18049.5
18049.5
18049.5
18049.5
18049.4
18049.6
18051
18052.7
18043.6
18005.1
17986.3
18222
18902.6
19181.7
16645.6
9921.22
2489.75
-405.933
18049.9
18049.9
18049.9
18049.9
18049.9
18049.9
18049.9
18049.9
18049.9
18049.9
18049.9
18049.9
18049.9
18049.9
18049.9
18049.8
18049.8
18050.2
18052
18052.8
18037.4
17992.8
18002.8
18332.8
19053.7
19013.8
15779.8
8698.94
1814.55
-410.348
18050.2
18050.2
18050.2
18050.2
18050.2
18050.2
18050.2
18050.2
18050.2
18050.2
18050.2
18050.2
18050.2
18050.2
18050.2
18050.1
18050.1
18050.7
18053
18051.9
18029.1
17982.1
18034.1
18462.7
19177.4
18740.5
14824.6
7528.72
1253.81
-393.008
18050.2
18050.2
18050.2
18050.2
18050.2
18050.2
18050.2
18050.2
18050.2
18050.2
18050.2
18050.2
18050.2
18050.2
18050.1
18050.1
18050.1
18051.2
18053.7
18049.5
18018.5
17974.8
18082.5
18606.5
19259.9
18358.2
13800
6426.41
797.178
-361.316
18049.7
18049.7
18049.7
18049.7
18049.7
18049.7
18049.7
18049.7
18049.7
18049.7
18049.7
18049.7
18049.7
18049.7
18049.7
18049.5
18049.7
18051.3
18053.6
18045.1
18006
17973
18149.1
18757.4
19288.1
17867.2
12726.6
5403.78
433.508
-321.049
18048.7
18048.7
18048.7
18048.7
18048.7
18048.7
18048.7
18048.7
18048.7
18048.7
18048.7
18048.7
18048.7
18048.7
18048.7
18048.5
18048.9
18051.1
18052.7
18038.5
17992.2
17979.3
18234.4
18907.4
19250.8
17271.8
11625.1
4468.84
151.409
-276.622
18047.5
18047.5
18047.5
18047.5
18047.5
18047.5
18047.5
18047.5
18047.5
18047.5
18047.5
18047.5
18047.5
18047.5
18047.4
18047.3
18048
18050.8
18050.9
18029.4
17978.3
17996.1
18338
19047.8
19138.5
16579.2
10514.9
3626.18
-60.3386
-231.32
18046.4
18046.4
18046.4
18046.4
18046.4
18046.4
18046.4
18046.4
18046.4
18046.4
18046.4
18046.4
18046.4
18046.4
18046.2
18046.2
18047.5
18050.7
18048.1
18018.3
17966.2
18026.7
18458.7
19169.5
18944.2
15799.4
9414.22
2877.45
-212.467
-187.5
18046
18046
18046
18046
18046
18046
18046
18046
18046
18046
18046
18046
18046
18045.9
18045.7
18045.9
18047.8
18051.1
18044.3
18005.7
17958.4
18073.6
18593.8
19262.5
18662.5
14944.3
8339.34
2221.82
-315.005
-146.768
18047.3
18047.3
18047.3
18047.3
18047.3
18047.3
18047.3
18047.3
18047.3
18047.3
18047.3
18047.3
18047.3
18047.2
18047
18047.5
18050.2
18052.9
18040.4
17993.2
17958.4
18140.1
18740.2
19317.5
18291.3
14027.8
7304.57
1656.42
-377.158
-110.138
18049.5
18049.5
18049.5
18049.5
18049.5
18049.5
18049.5
18049.5
18049.5
18049.5
18049.5
18049.5
18049.4
18049.3
18049.1
18050.1
18053.5
18054.7
18035
17980.8
17968.1
18226.2
18890
19321.4
17826.8
13061.7
6320.83
1176.68
-407.094
-78.1515
18057
18057
18057
18057
18057
18057
18057
18057
18057
18057
18057.1
18057.1
18057
18056.8
18056.8
18058.4
18062.3
18060.8
18032.4
17974.2
17994.2
18336.5
19042.8
19275
17283.4
12071.3
5402.56
777.424
-412.562
-51.0321
18058.5
18058.5
18058.5
18058.5
18058.5
18058.5
18058.5
18058.5
18058.5
18058.5
18058.5
18058.5
18058.3
18058.1
18058.4
18060.7
18064.5
18058.7
18021.6
17966.1
18032.4
18460.1
19168
19128.2
16610.9
11024.8
4533.66
448.643
-397.908
-28.4861
18077.2
18077.2
18077.2
18077.2
18077.2
18077.2
18077.2
18077.2
18077.2
18077.2
18077.2
18077.2
18077
18076.8
18077.4
18080.5
18084.1
18073.4
18026.8
17974.2
18087.3
18597.4
19303.8
19011.1
16030.8
10143.2
3831.62
203.263
-377.307
-11.567
18068.5
18068.5
18068.5
18068.5
18068.5
18068.5
18068.5
18068.5
18068.5
18068.5
18068.5
18068.4
18068.3
18068.3
18069.7
18073.1
18072.9
18051.3
17998.2
17982
18203.8
18808.9
19347.5
18442.8
14687.7
8537.66
2767.69
-79.0142
-317.972
7.65004
)
;

boundaryField
{
    fixedWall_Bottom
    {
        type            greyDiffusiveRadiation;
        refValue        uniform 18049.5;
        refGradient     uniform 0;
        valueFraction   uniform 1;
        source          uniform 0;
        value           uniform 18049.5;
    }
    fixedWall_Right
    {
        type            greyDiffusiveRadiation;
        refValue        uniform 0;
        refGradient     uniform 0;
        valueFraction   uniform 1;
        source          uniform 0;
        value           uniform 0;
    }
    fixedWall_Left
    {
        type            greyDiffusiveRadiation;
        refValue        uniform 0;
        refGradient     uniform 0;
        valueFraction   uniform 0;
        source          uniform 0;
        value           nonuniform List<scalar> 
30
(
18049.5
18049.5
18049.5
18049.5
18049.5
18049.5
18049.4
18049.4
18049.5
18049.5
18049.5
18049.5
18049.3
18049.2
18049.3
18049.5
18049.9
18050.2
18050.2
18049.7
18048.7
18047.5
18046.4
18046
18047.3
18049.5
18057
18058.5
18077.2
18068.5
)
;
    }
    fixedWall_Top
    {
        type            greyDiffusiveRadiation;
        refValue        uniform 0;
        refGradient     uniform 0;
        valueFraction   uniform 0;
        source          uniform 0;
        value           nonuniform List<scalar> 
30
(
18068.5
18068.5
18068.5
18068.5
18068.5
18068.5
18068.5
18068.5
18068.5
18068.5
18068.5
18068.4
18068.3
18068.3
18069.7
18073.1
18072.9
18051.3
17998.2
17982
18203.8
18808.9
19347.5
18442.8
14687.7
8537.66
2767.69
-79.0142
-317.972
7.65004
)
;
    }
    frontAndBack
    {
        type            empty;
    }
}


// ************************************************************************* //
