/*--------------------------------*- C++ -*----------------------------------*\
| =========                 |                                                 |
| \\      /  F ield         | OpenFOAM: The Open Source CFD Toolbox           |
|  \\    /   O peration     | Version:  2406                                  |
|   \\  /    A nd           | Website:  www.openfoam.com                      |
|    \\/     M anipulation  |                                                 |
\*---------------------------------------------------------------------------*/
FoamFile
{
    version     2.0;
    format      ascii;
    arch        "LSB;label=32;scalar=64";
    class       surfaceScalarField;
    location    "20000";
    object      phi;
}
// * * * * * * * * * * * * * * * * * * * * * * * * * * * * * * * * * * * * * //

dimensions      [0 3 -1 0 0 0 0];

oriented        oriented;

internalField   nonuniform List<scalar> 
7080
(
1.33201e-06
-1.33201e-06
2.9072e-06
-1.57519e-06
4.2833e-06
-1.3761e-06
5.50935e-06
-1.22604e-06
6.68816e-06
-1.17882e-06
7.88396e-06
-1.1958e-06
9.11647e-06
-1.23251e-06
1.0373e-05
-1.25657e-06
1.16221e-05
-1.24904e-06
1.28235e-05
-1.20141e-06
1.3936e-05
-1.11256e-06
1.49224e-05
-9.86313e-07
1.57519e-05
-8.29569e-07
1.64027e-05
-6.50816e-07
1.68617e-05
-4.58973e-07
1.71243e-05
-2.62552e-07
1.71934e-05
-6.9123e-08
1.70785e-05
1.14906e-07
1.6794e-05
2.84531e-07
1.63579e-05
4.36089e-07
1.57908e-05
5.67066e-07
1.51149e-05
6.75894e-07
1.4353e-05
7.6193e-07
1.35274e-05
8.25575e-07
1.26587e-05
8.68652e-07
1.17637e-05
8.95057e-07
1.08522e-05
9.11459e-07
9.92463e-06
9.27603e-07
8.96906e-06
9.55567e-07
7.96161e-06
1.00746e-06
6.86995e-06
1.09166e-06
5.66095e-06
1.20899e-06
4.30992e-06
1.35103e-06
2.80731e-06
1.50261e-06
1.15882e-06
1.64849e-06
-6.21085e-07
1.7799e-06
-2.51659e-06
1.8955e-06
-4.51169e-06
1.9951e-06
-6.58465e-06
2.07296e-06
-8.69889e-06
2.11424e-06
-1.07973e-05
2.09842e-06
-1.28041e-05
2.00679e-06
-1.46336e-05
1.82954e-06
-1.62028e-05
1.56916e-06
-1.74423e-05
1.23948e-06
-1.83041e-05
8.61808e-07
-1.8764e-05
4.59867e-07
-1.88198e-05
5.58793e-08
-1.84883e-05
-3.31503e-07
-1.78004e-05
-6.8796e-07
-1.67964e-05
-1.00399e-06
-1.55223e-05
-1.27413e-06
-1.40253e-05
-1.49692e-06
-1.23491e-05
-1.67625e-06
-1.05253e-05
-1.8238e-06
-8.56406e-06
-1.96124e-06
-6.44809e-06
-2.11597e-06
-4.15203e-06
-2.29606e-06
-1.76615e-06
-2.38588e-06
-1.76615e-06
1.60996e-06
-2.94197e-06
4.39972e-06
-4.36495e-06
7.53302e-06
-4.5094e-06
1.07466e-05
-4.43967e-06
1.39958e-05
-4.42793e-06
1.72859e-05
-4.48596e-06
2.06087e-05
-4.55528e-06
2.39275e-05
-4.57538e-06
2.71821e-05
-4.50359e-06
3.02983e-05
-4.31762e-06
3.31982e-05
-4.01253e-06
3.58084e-05
-3.59646e-06
3.80652e-05
-3.08641e-06
3.9919e-05
-2.50456e-06
4.13353e-05
-1.87526e-06
4.22954e-05
-1.22268e-06
4.27955e-05
-5.69269e-07
4.28452e-05
6.52651e-08
4.24653e-05
6.64371e-07
4.16863e-05
1.21512e-06
4.05452e-05
1.70811e-06
3.90841e-05
2.13699e-06
3.73475e-05
2.49857e-06
3.53798e-05
2.79324e-06
3.32225e-05
3.026e-06
3.09095e-05
3.20809e-06
2.84622e-05
3.35871e-06
2.5884e-05
3.50587e-06
2.31548e-05
3.68469e-06
2.02307e-05
3.93155e-06
1.70483e-05
4.27405e-06
1.3538e-05
4.71931e-06
9.64253e-06
5.24652e-06
5.33552e-06
5.80963e-06
6.32048e-07
6.35196e-06
-4.40966e-06
6.82161e-06
-9.69486e-06
7.1807e-06
-1.50999e-05
7.40019e-06
-2.04752e-05
7.44824e-06
-2.56489e-05
7.28796e-06
-3.04377e-05
6.8872e-06
-3.46633e-05
6.23233e-06
-3.81709e-05
5.33714e-06
-4.08442e-05
4.24249e-06
-4.2613e-05
3.00828e-06
-4.34533e-05
1.7021e-06
-4.33821e-05
3.8869e-07
-4.24506e-05
-8.75657e-07
-4.07358e-05
-2.04625e-06
-3.83321e-05
-3.09172e-06
-3.53432e-05
-3.99283e-06
-3.18764e-05
-4.74097e-06
-2.80348e-05
-5.33851e-06
-2.39109e-05
-5.80012e-06
-1.95811e-05
-6.15361e-06
-1.5108e-05
-6.43437e-06
-1.05645e-05
-6.65947e-06
-6.11548e-06
-6.74506e-06
-2.21322e-06
-6.28814e-06
-3.97937e-06
1.25067e-06
-4.19263e-06
4.17646e-06
-7.29075e-06
8.04905e-06
-8.38199e-06
1.24269e-05
-8.81751e-06
1.70889e-05
-9.08999e-06
2.19166e-05
-9.31359e-06
2.68229e-05
-9.46161e-06
3.17221e-05
-9.4746e-06
3.6521e-05
-9.30245e-06
4.11209e-05
-8.91751e-06
4.54236e-05
-8.31529e-06
4.93377e-05
-7.51047e-06
5.27828e-05
-6.53155e-06
5.56938e-05
-5.41556e-06
5.80221e-05
-4.20353e-06
5.97362e-05
-2.93685e-06
6.08216e-05
-1.65466e-06
6.1279e-05
-3.92112e-07
6.11231e-05
8.20292e-07
6.03805e-05
1.9577e-06
5.90875e-05
3.00111e-06
5.72874e-05
3.93709e-06
5.5028e-05
4.75796e-06
5.23586e-05
5.4627e-06
4.93259e-05
6.05869e-06
4.59695e-05
6.56444e-06
4.23156e-05
7.01266e-06
3.83695e-05
7.45193e-06
3.41097e-05
7.94447e-06
2.94846e-05
8.5567e-06
2.44172e-05
9.34145e-06
1.88213e-05
1.03152e-05
1.26282e-05
1.14397e-05
5.81698e-06
1.26208e-05
-1.56114e-06
1.37301e-05
-9.37214e-06
1.46326e-05
-1.74077e-05
1.52162e-05
-2.54053e-05
1.53978e-05
-3.30724e-05
1.51154e-05
-4.01153e-05
1.43308e-05
-4.62691e-05
1.3041e-05
-5.13238e-05
1.12871e-05
-5.51402e-05
9.1535e-06
-5.76521e-05
6.75434e-06
-5.88587e-05
4.21497e-06
-5.88114e-05
1.65478e-06
-5.75993e-05
-8.23478e-07
-5.53376e-05
-3.13733e-06
-5.21573e-05
-5.22649e-06
-4.81974e-05
-7.05164e-06
-4.36004e-05
-8.58984e-06
-3.85084e-05
-9.833e-06
-3.30592e-05
-1.07877e-05
-2.73845e-05
-1.14749e-05
-2.16123e-05
-1.19258e-05
-1.58829e-05
-1.21638e-05
-1.03874e-05
-1.21549e-05
-5.45147e-06
-1.1681e-05
-1.67159e-06
-1.0068e-05
-5.65096e-06
8.74723e-07
-5.06735e-06
3.51897e-06
-9.93499e-06
7.48525e-06
-1.23483e-05
1.23413e-05
-1.36735e-05
1.77714e-05
-1.45201e-05
2.35507e-05
-1.50929e-05
2.95068e-05
-1.54177e-05
3.54935e-05
-1.54612e-05
4.13776e-05
-1.51865e-05
4.70354e-05
-1.45753e-05
5.23531e-05
-1.3633e-05
5.7229e-05
-1.23864e-05
6.15757e-05
-1.08782e-05
6.53215e-05
-9.16144e-06
6.84115e-05
-7.29346e-06
7.08066e-05
-5.33199e-06
7.24837e-05
-3.3317e-06
7.34336e-05
-1.34205e-06
7.36602e-05
5.93732e-07
7.31785e-05
2.4394e-06
7.20134e-05
4.16617e-06
7.01974e-05
5.75312e-06
6.7768e-05
7.18737e-06
6.47653e-05
8.4654e-06
6.12284e-05
9.59556e-06
5.71908e-05
1.0602e-05
5.26746e-05
1.15289e-05
4.76826e-05
1.24439e-05
4.21921e-05
1.3435e-05
3.61503e-05
1.45985e-05
2.94795e-05
1.60122e-05
2.20957e-05
1.7699e-05
1.39418e-05
1.95936e-05
5.02986e-06
2.15328e-05
-4.52411e-06
2.32841e-05
-1.44821e-05
2.45906e-05
-2.45045e-05
2.52387e-05
-3.41923e-05
2.50856e-05
-4.31382e-05
2.40613e-05
-5.0979e-05
2.21717e-05
-5.74375e-05
1.94995e-05
-6.23441e-05
1.61937e-05
-6.56365e-05
1.24458e-05
-6.73418e-05
8.45972e-06
-6.75514e-05
4.42451e-06
-6.6395e-05
4.98379e-07
-6.40234e-05
-3.19507e-06
-6.05947e-05
-6.56603e-06
-5.62664e-05
-9.55473e-06
-5.11958e-05
-1.21223e-05
-4.55397e-05
-1.42459e-05
-3.94565e-05
-1.59163e-05
-3.31066e-05
-1.71376e-05
-2.66564e-05
-1.7925e-05
-2.02864e-05
-1.82958e-05
-1.42087e-05
-1.82415e-05
-8.69887e-06
-1.76648e-05
-4.13952e-06
-1.62404e-05
-1.05364e-06
-1.31539e-05
-6.7046e-06
6.27265e-07
-5.69462e-06
2.93968e-06
-1.22474e-05
6.73712e-06
-1.61457e-05
1.16745e-05
-1.86109e-05
1.74177e-05
-2.02634e-05
2.36833e-05
-2.13585e-05
3.02355e-05
-2.19699e-05
3.68755e-05
-2.21013e-05
4.34325e-05
-2.17435e-05
4.97583e-05
-2.09011e-05
5.57251e-05
-1.95998e-05
6.12245e-05
-1.78859e-05
6.61672e-05
-1.58208e-05
7.04812e-05
-1.34754e-05
7.41114e-05
-1.09237e-05
7.7018e-05
-8.23854e-06
7.91741e-05
-5.48785e-06
8.05649e-05
-2.73279e-06
8.11848e-05
-2.61816e-08
8.10369e-05
2.58725e-06
8.01317e-05
5.07142e-06
7.8485e-05
7.39977e-06
7.6117e-05
9.5554e-06
7.30497e-05
1.15327e-05
6.93049e-05
1.33404e-05
6.49003e-05
1.50066e-05
5.98448e-05
1.65844e-05
5.41323e-05
1.81564e-05
4.77354e-05
1.98319e-05
4.06023e-05
2.17316e-05
3.2663e-05
2.39516e-05
2.38504e-05
2.65115e-05
1.41407e-05
2.93034e-05
3.60239e-06
3.2071e-05
-7.56106e-06
3.44475e-05
-1.89954e-05
3.60249e-05
-3.02365e-05
3.64798e-05
-4.07784e-05
3.56275e-05
-5.01505e-05
3.34334e-05
-5.7985e-05
3.00062e-05
-6.40558e-05
2.55702e-05
-6.82827e-05
2.04206e-05
-7.07075e-05
1.48707e-05
-7.14554e-05
9.20759e-06
-7.06956e-05
3.66477e-06
-6.86126e-05
-1.58462e-06
-6.5387e-05
-6.42074e-06
-6.11871e-05
-1.07659e-05
-5.6171e-05
-1.45708e-05
-5.04924e-05
-1.7801e-05
-4.43062e-05
-2.0432e-05
-3.7775e-05
-2.24474e-05
-3.10742e-05
-2.38384e-05
-2.43977e-05
-2.46015e-05
-1.79663e-05
-2.47272e-05
-1.20388e-05
-2.4169e-05
-6.92562e-06
-2.27779e-05
-2.99121e-06
-2.01748e-05
-6.11369e-07
-1.55337e-05
-7.31597e-06
5.15721e-07
-6.21034e-06
2.60022e-06
-1.43319e-05
6.20313e-06
-1.97486e-05
1.10676e-05
-2.34753e-05
1.68791e-05
-2.60748e-05
2.33334e-05
-2.78128e-05
3.0159e-05
-2.87956e-05
3.71212e-05
-2.90635e-05
4.40201e-05
-2.86424e-05
5.06879e-05
-2.75689e-05
5.69862e-05
-2.58981e-05
6.28032e-05
-2.37028e-05
6.80507e-05
-2.10683e-05
7.26613e-05
-1.80861e-05
7.65852e-05
-1.48476e-05
7.97868e-05
-1.14401e-05
8.22418e-05
-7.94295e-06
8.39349e-05
-4.42583e-06
8.48566e-05
-9.47877e-07
8.50019e-05
2.44198e-06
8.43684e-05
5.70487e-06
8.29562e-05
8.81201e-06
8.0766e-05
1.17456e-05
7.77985e-05
1.45001e-05
7.40529e-05
1.70859e-05
6.95249e-05
1.95346e-05
6.42033e-05
2.1906e-05
5.80663e-05
2.42933e-05
5.10776e-05
2.68207e-05
4.31855e-05
2.96237e-05
3.43321e-05
3.2805e-05
2.44784e-05
3.63653e-05
1.36482e-05
4.01335e-05
1.98259e-06
4.37366e-05
-1.02181e-05
4.66482e-05
-2.24889e-05
4.82957e-05
-3.42673e-05
4.82582e-05
-4.49858e-05
4.6346e-05
-5.41681e-05
4.26157e-05
-6.14975e-05
3.73356e-05
-6.684e-05
3.09127e-05
-7.02231e-05
2.38037e-05
-7.17885e-05
1.64361e-05
-7.1737e-05
9.15613e-06
-7.02845e-05
2.21224e-06
-6.76341e-05
-4.23505e-06
-6.39634e-05
-1.00914e-05
-5.94258e-05
-1.53035e-05
-5.41606e-05
-1.9836e-05
-4.83041e-05
-2.36576e-05
-4.19999e-05
-2.67362e-05
-3.54083e-05
-2.9039e-05
-2.87129e-05
-3.05338e-05
-2.21261e-05
-3.11884e-05
-1.58933e-05
-3.096e-05
-1.02955e-05
-2.97668e-05
-5.64427e-06
-2.74291e-05
-2.25661e-06
-2.35625e-05
-3.76e-07
-1.74143e-05
-7.69197e-06
5.07144e-07
-6.71748e-06
2.5005e-06
-1.63253e-05
5.98785e-06
-2.3236e-05
1.07696e-05
-2.82571e-05
1.65575e-05
-3.18628e-05
2.30467e-05
-3.4302e-05
2.99499e-05
-3.56988e-05
3.70119e-05
-3.61255e-05
4.40148e-05
-3.56453e-05
5.07784e-05
-3.43325e-05
5.71585e-05
-3.22782e-05
6.30434e-05
-2.95877e-05
6.83495e-05
-2.63745e-05
7.30173e-05
-2.27538e-05
7.70056e-05
-1.88359e-05
8.02877e-05
-1.47222e-05
8.28465e-05
-1.05018e-05
8.46711e-05
-6.25046e-06
8.57535e-05
-2.03028e-06
8.60859e-05
2.10967e-06
8.56585e-05
6.13227e-06
8.44591e-05
1.00114e-05
8.24722e-05
1.37325e-05
7.96782e-05
1.72942e-05
7.60531e-05
2.0711e-05
7.15682e-05
2.40196e-05
6.61886e-05
2.72856e-05
5.98725e-05
3.06094e-05
5.25705e-05
3.41226e-05
4.42293e-05
3.79649e-05
3.48048e-05
4.22295e-05
2.42914e-05
4.68787e-05
1.27689e-05
5.1656e-05
4.55548e-07
5.60499e-05
-1.22548e-05
5.93586e-05
-2.48082e-05
6.0849e-05
-3.65815e-05
6.00316e-05
-4.69952e-05
5.67597e-05
-5.5616e-05
5.12365e-05
-6.22136e-05
4.39332e-05
-6.67599e-05
3.54589e-05
-6.93818e-05
2.64257e-05
-7.02953e-05
1.73495e-05
-6.97427e-05
8.60358e-06
-6.79507e-05
4.2021e-07
-6.51093e-05
-7.07642e-06
-6.13697e-05
-1.3831e-05
-5.68547e-05
-1.98185e-05
-5.16747e-05
-2.50159e-05
-4.59429e-05
-2.93894e-05
-3.97879e-05
-3.28911e-05
-3.33645e-05
-3.54624e-05
-2.68596e-05
-3.70387e-05
-2.0496e-05
-3.7552e-05
-1.45316e-05
-3.69244e-05
-9.25338e-06
-3.50451e-05
-4.9604e-06
-3.17221e-05
-1.92419e-06
-2.65987e-05
-3.03234e-07
-1.90353e-05
-7.99521e-06
5.6273e-07
-7.28021e-06
2.57925e-06
-1.83418e-05
6.05062e-06
-2.67074e-05
1.07994e-05
-3.30058e-05
1.65549e-05
-3.76183e-05
2.30172e-05
-4.07643e-05
2.98938e-05
-4.25754e-05
3.69205e-05
-4.31521e-05
4.38706e-05
-4.25954e-05
5.05589e-05
-4.10208e-05
5.68407e-05
-3.856e-05
6.26083e-05
-3.53553e-05
6.7786e-05
-3.15522e-05
7.23241e-05
-2.72919e-05
7.61927e-05
-2.27046e-05
7.93762e-05
-1.79057e-05
8.18676e-05
-1.29932e-05
8.36641e-05
-8.0469e-06
8.47628e-05
-3.12905e-06
8.51581e-05
1.71445e-06
8.48381e-05
6.45221e-06
8.37842e-05
1.10653e-05
8.19693e-05
1.55474e-05
7.93578e-05
1.99056e-05
7.59059e-05
2.41629e-05
7.15618e-05
2.83637e-05
6.62671e-05
3.25803e-05
5.99583e-05
3.69181e-05
5.25711e-05
4.15099e-05
4.40487e-05
4.64873e-05
3.43606e-05
5.19176e-05
2.3536e-05
5.77033e-05
1.17109e-05
6.34811e-05
-8.23292e-07
6.85842e-05
-1.35953e-05
7.21306e-05
-2.59934e-05
7.32471e-05
-3.73755e-05
7.14136e-05
-4.71923e-05
6.65765e-05
-5.50855e-05
5.91296e-05
-6.09238e-05
4.97716e-05
-6.47764e-05
3.93114e-05
-6.68441e-05
2.84934e-05
-6.73829e-05
1.78884e-05
-6.66423e-05
7.863e-06
-6.48307e-05
-1.39144e-06
-6.21042e-05
-9.80294e-06
-5.85749e-05
-1.73602e-05
-5.43293e-05
-2.40642e-05
-4.94464e-05
-2.98988e-05
-4.40159e-05
-3.48199e-05
-3.81517e-05
-3.87554e-05
-3.20016e-05
-4.16125e-05
-2.57531e-05
-4.32872e-05
-1.96335e-05
-4.36715e-05
-1.39059e-05
-4.2652e-05
-8.85626e-06
-4.00947e-05
-4.77014e-06
-3.58082e-05
-1.88922e-06
-2.94796e-05
-3.34454e-07
-2.05901e-05
-8.32966e-06
6.49792e-07
-7.93001e-06
2.76382e-06
-2.04558e-05
6.29861e-06
-3.02421e-05
1.10709e-05
-3.77781e-05
1.68146e-05
-4.33621e-05
2.32325e-05
-4.71821e-05
3.00311e-05
-4.93741e-05
3.69435e-05
-5.00645e-05
4.37417e-05
-4.93935e-05
5.02416e-05
-4.75208e-05
5.63032e-05
-4.46217e-05
6.18268e-05
-4.08789e-05
6.67469e-05
-3.64723e-05
7.10254e-05
-3.15704e-05
7.46449e-05
-2.63241e-05
7.76016e-05
-2.08624e-05
7.98994e-05
-1.5291e-05
8.15448e-05
-9.69236e-06
8.25427e-05
-4.12689e-06
8.28921e-05
1.36503e-06
8.25836e-05
6.76073e-06
8.15966e-05
1.20522e-05
7.98985e-05
1.72456e-05
7.74432e-05
2.23609e-05
7.41721e-05
2.7434e-05
7.00148e-05
3.25209e-05
6.48924e-05
3.77028e-05
5.87214e-05
4.30892e-05
5.14226e-05
4.88086e-05
4.29355e-05
5.49745e-05
3.3242e-05
6.1611e-05
2.24038e-05
6.85415e-05
1.06079e-05
7.5277e-05
-1.79374e-06
8.09859e-05
-1.42759e-05
8.46128e-05
-2.62034e-05
8.51746e-05
-3.69522e-05
8.21624e-05
-4.6034e-05
7.56583e-05
-5.31792e-05
6.62748e-05
-5.83497e-05
5.4942e-05
-6.16887e-05
4.26504e-05
-6.34391e-05
3.02438e-05
-6.38644e-05
1.83136e-05
-6.31939e-05
7.19253e-06
-6.1599e-05
-2.98638e-06
-5.91925e-05
-1.22095e-05
-5.60451e-05
-2.05076e-05
-5.22073e-05
-2.79021e-05
-4.77295e-05
-3.43765e-05
-4.26806e-05
-3.98688e-05
-3.7161e-05
-4.4275e-05
-3.13118e-05
-4.74617e-05
-2.53186e-05
-4.92804e-05
-1.94104e-05
-4.95797e-05
-1.38515e-05
-4.8211e-05
-8.92571e-06
-4.50205e-05
-4.9105e-06
-3.98234e-05
-2.03537e-06
-3.23547e-05
-4.19627e-07
-2.22058e-05
-8.74929e-06
7.45389e-07
-8.67539e-06
2.99354e-06
-2.2704e-05
6.63901e-06
-3.38876e-05
1.14743e-05
-4.26134e-05
1.72261e-05
-4.91138e-05
2.35946e-05
-5.35507e-05
3.0286e-05
-5.60655e-05
3.70345e-05
-5.6813e-05
4.36157e-05
-5.59747e-05
4.98522e-05
-5.37573e-05
5.56134e-05
-5.03829e-05
6.08108e-05
-4.60763e-05
6.53916e-05
-4.1053e-05
6.93304e-05
-3.55093e-05
7.26222e-05
-2.96158e-05
7.52745e-05
-2.35147e-05
7.73016e-05
-1.73181e-05
7.8719e-05
-1.11098e-05
7.9539e-05
-4.94692e-06
7.97669e-05
1.13716e-06
7.93973e-05
7.13028e-06
7.84117e-05
1.30378e-05
7.67759e-05
1.88814e-05
7.44392e-05
2.46977e-05
7.13338e-05
3.05395e-05
6.73765e-05
3.64781e-05
6.24727e-05
4.26066e-05
5.65232e-05
4.90388e-05
4.94364e-05
5.58953e-05
4.11488e-05
6.32621e-05
3.16536e-05
7.11062e-05
2.10406e-05
7.91545e-05
9.53818e-06
8.67794e-05
-2.45817e-06
9.29822e-05
-1.43962e-05
9.65508e-05
-2.56489e-05
9.64274e-05
-3.56395e-05
9.21529e-05
-4.39571e-05
8.39759e-05
-5.04199e-05
7.27377e-05
-5.5065e-05
5.95871e-05
-5.80815e-05
4.56669e-05
-5.97236e-05
3.1886e-05
-6.02367e-05
1.88268e-05
-5.98133e-05
6.76908e-06
-5.85795e-05
-4.22023e-06
-5.66042e-05
-1.41847e-05
-5.39202e-05
-2.31916e-05
-5.05467e-05
-3.12756e-05
-4.65104e-05
-3.84128e-05
-4.18627e-05
-4.45165e-05
-3.66923e-05
-4.94454e-05
-3.11332e-05
-5.30208e-05
-2.53677e-05
-5.50459e-05
-1.96236e-05
-5.53238e-05
-1.41655e-05
-5.36691e-05
-9.27687e-06
-4.99091e-05
-5.23414e-06
-4.38661e-05
-2.26968e-06
-3.53192e-05
-5.24048e-07
-2.39514e-05
-9.27334e-06
8.36063e-07
-9.51146e-06
3.22716e-06
-2.50951e-05
7.00125e-06
-3.76617e-05
1.19163e-05
-4.75285e-05
1.76824e-05
-5.48798e-05
2.39927e-05
-5.9861e-05
3.05522e-05
-6.2625e-05
3.70986e-05
-6.33594e-05
4.34151e-05
-6.22913e-05
4.93356e-05
-5.96777e-05
5.47427e-05
-5.579e-05
5.95626e-05
-5.08962e-05
6.37567e-05
-4.52471e-05
6.73132e-05
-3.90658e-05
7.02387e-05
-3.25414e-05
7.25511e-05
-2.5827e-05
7.42731e-05
-1.90401e-05
7.54277e-05
-1.22643e-05
7.60333e-05
-5.55251e-06
7.61005e-05
1.0699e-06
7.56288e-05
7.60203e-06
7.46027e-05
1.40639e-05
7.299e-05
2.04941e-05
7.0739e-05
2.69487e-05
6.77783e-05
3.35002e-05
6.40176e-05
4.02388e-05
5.93524e-05
4.72718e-05
5.3673e-05
5.47182e-05
4.68799e-05
6.26884e-05
3.89085e-05
7.12335e-05
2.97625e-05
8.02522e-05
1.95543e-05
8.93627e-05
8.54226e-06
9.77915e-05
-2.85384e-06
0.000104378
-1.40805e-05
0.000107777
-2.45452e-05
0.000106892
-3.37371e-05
0.000101345
-4.13277e-05
9.15665e-05
-4.72117e-05
7.86217e-05
-5.14784e-05
6.38538e-05
-5.43355e-05
4.8524e-05
-5.60244e-05
3.35749e-05
-5.67559e-05
1.95583e-05
-5.66778e-05
6.69102e-06
-5.58715e-05
-5.02653e-06
-5.43668e-05
-1.56894e-05
-5.21648e-05
-2.53937e-05
-4.92601e-05
-3.41803e-05
-4.56607e-05
-4.20122e-05
-4.14036e-05
-4.87735e-05
-3.65666e-05
-5.42824e-05
-3.12754e-05
-5.8312e-05
-2.57069e-05
-6.06145e-05
-2.00861e-05
-6.09445e-05
-1.46774e-05
-5.90778e-05
-9.76645e-06
-5.482e-05
-5.63558e-06
-4.7997e-05
-2.53122e-06
-3.84236e-05
-6.27711e-07
-2.58549e-05
-9.90105e-06
9.15649e-07
-1.04271e-05
3.4414e-06
-2.76208e-05
7.34075e-06
-4.15611e-05
1.23322e-05
-5.25199e-05
1.81035e-05
-6.06512e-05
2.43374e-05
-6.60949e-05
3.07369e-05
-6.90245e-05
3.70454e-05
-6.96678e-05
4.30572e-05
-6.83031e-05
4.86213e-05
-6.52418e-05
5.36373e-05
-6.0806e-05
5.80484e-05
-5.53073e-05
6.18319e-05
-4.90306e-05
6.49895e-05
-4.22233e-05
6.75387e-05
-3.50906e-05
6.95058e-05
-2.77942e-05
7.09202e-05
-2.04545e-05
7.18097e-05
-1.31538e-05
7.2197e-05
-5.93976e-06
7.20962e-05
1.17065e-06
7.15104e-05
8.1879e-06
7.04275e-05
1.51467e-05
6.88182e-05
2.21034e-05
6.66327e-05
2.91342e-05
6.37997e-05
3.63333e-05
6.02267e-05
4.38117e-05
5.58054e-05
5.16931e-05
5.04211e-05
6.01025e-05
4.39713e-05
6.91382e-05
3.63934e-05
7.88114e-05
2.77009e-05
8.89447e-05
1.80234e-05
9.90402e-05
7.637e-06
0.000108178
-3.03237e-06
0.000115048
-1.34522e-05
0.000118197
-2.30834e-05
0.000116523
-3.14907e-05
0.000109752
-3.84238e-05
9.84996e-05
-4.3838e-05
8.40359e-05
-4.78517e-05
6.78675e-05
-5.06688e-05
5.1341e-05
-5.25014e-05
3.54075e-05
-5.35178e-05
2.05747e-05
-5.38209e-05
6.99412e-06
-5.34522e-05
-5.39523e-06
-5.24099e-05
-1.67316e-05
-5.06711e-05
-2.71325e-05
-4.82123e-05
-3.66392e-05
-4.5027e-05
-4.51975e-05
-4.11398e-05
-5.26606e-05
-3.66172e-05
-5.8805e-05
-3.1575e-05
-6.33543e-05
-2.61819e-05
-6.60076e-05
-2.06584e-05
-6.6468e-05
-1.5268e-05
-6.44683e-05
-1.03011e-05
-5.97869e-05
-6.05134e-06
-5.22467e-05
-2.78682e-06
-4.16881e-05
-7.21623e-07
-2.79201e-05
-1.06227e-05
9.82563e-07
-1.14097e-05
3.62589e-06
-3.02641e-05
7.6337e-06
-4.55689e-05
1.26836e-05
-5.75698e-05
1.84382e-05
-6.64057e-05
2.45678e-05
-7.22244e-05
3.07742e-05
-7.5231e-05
3.68086e-05
-7.57022e-05
4.24798e-05
-7.39743e-05
4.76552e-05
-7.04172e-05
5.22543e-05
-6.54052e-05
5.62394e-05
-5.92924e-05
5.96041e-05
-5.23954e-05
6.23635e-05
-4.49827e-05
6.45448e-05
-3.72719e-05
6.61813e-05
-2.94306e-05
6.73063e-05
-2.15796e-05
6.79504e-05
-1.37979e-05
6.81379e-05
-6.12723e-06
6.78845e-05
1.42403e-06
6.71949e-05
8.87746e-06
6.60597e-05
1.62819e-05
6.44523e-05
2.37109e-05
6.23257e-05
3.12607e-05
5.96114e-05
3.90477e-05
5.62186e-05
4.72045e-05
5.20398e-05
5.5872e-05
4.69607e-05
6.51816e-05
4.08808e-05
7.52181e-05
3.37427e-05
8.59495e-05
2.55696e-05
9.71178e-05
1.65029e-05
0.000108107
6.8257e-06
0.000117855
-3.04621e-06
0.00012492
-1.26184e-05
0.000127769
-2.1417e-05
0.000125322
-2.9084e-05
0.000117419
-3.54385e-05
0.000104854
-4.04787e-05
8.90761e-05
-4.43327e-05
7.17214e-05
-4.71843e-05
5.41926e-05
-4.92074e-05
3.74307e-05
-5.05261e-05
2.18933e-05
-5.12024e-05
7.67049e-06
-5.12457e-05
-5.35195e-06
-5.06307e-05
-1.73467e-05
-4.93177e-05
-2.84454e-05
-4.72707e-05
-3.86861e-05
-4.44721e-05
-4.79962e-05
-4.09348e-05
-5.61979e-05
-3.67129e-05
-6.30268e-05
-3.19099e-05
-6.81573e-05
-2.66838e-05
-7.12338e-05
-2.12476e-05
-7.19042e-05
-1.58633e-05
-6.98525e-05
-1.08276e-05
-6.48227e-05
-6.44916e-06
-5.66252e-05
-3.02248e-06
-4.51147e-05
-8.03597e-07
-3.0139e-05
-1.14263e-05
1.0375e-06
-1.24472e-05
3.77773e-06
-3.30044e-05
7.8697e-06
-4.96608e-05
1.29507e-05
-6.26509e-05
1.86575e-05
-7.21124e-05
2.46481e-05
-7.8215e-05
3.06247e-05
-8.12076e-05
3.6349e-05
-8.14264e-05
4.16475e-05
-7.92728e-05
4.64089e-05
-7.51786e-05
5.05748e-05
-6.9571e-05
5.41272e-05
-6.28448e-05
5.70765e-05
-5.53447e-05
5.94502e-05
-4.73563e-05
6.12841e-05
-3.91058e-05
6.2616e-05
-3.07626e-05
6.34819e-05
-2.24455e-05
6.39125e-05
-1.42285e-05
6.39317e-05
-6.14637e-06
6.35545e-05
1.80121e-06
6.27856e-05
9.64636e-06
6.16164e-05
1.74511e-05
6.00222e-05
2.5305e-05
5.79594e-05
3.33235e-05
5.53628e-05
4.16442e-05
5.21462e-05
5.04211e-05
4.82062e-05
5.98119e-05
4.34339e-05
6.99539e-05
3.7735e-05
8.0917e-05
3.10603e-05
9.26242e-05
2.34427e-05
0.000104735
1.50309e-05
0.000116519
6.10523e-06
0.000126781
-2.9411e-06
0.000133966
-1.16635e-05
0.000136492
-1.96589e-05
0.000133317
-2.66434e-05
0.000124404
-3.24934e-05
0.000110704
-3.72345e-05
9.38172e-05
-4.09892e-05
7.54762e-05
-4.39116e-05
5.7115e-05
-4.61339e-05
3.9653e-05
-4.77385e-05
2.34978e-05
-4.87534e-05
8.68545e-06
-4.91637e-05
-4.94171e-06
-4.89282e-05
-1.75821e-05
-4.79971e-05
-2.93765e-05
-4.6326e-05
-4.03573e-05
-4.38882e-05
-5.0434e-05
-4.06855e-05
-5.94006e-05
-3.67584e-05
-6.6954e-05
-3.21951e-05
-7.27205e-05
-2.71397e-05
-7.62891e-05
-2.17953e-05
-7.72486e-05
-1.64208e-05
-7.5227e-05
-1.1319e-05
-6.99245e-05
-6.81583e-06
-6.11283e-05
-3.23498e-06
-4.86956e-05
-8.74807e-07
-3.24992e-05
-1.23011e-05
1.08187e-06
-1.3529e-05
3.89745e-06
-3.58199e-05
8.04554e-06
-5.38089e-05
1.31249e-05
-6.77302e-05
1.87473e-05
-7.77348e-05
2.45605e-05
-8.40283e-05
3.02698e-05
-8.69169e-05
3.56502e-05
-8.68069e-05
4.05491e-05
-8.41717e-05
4.48787e-05
-7.95082e-05
4.86036e-05
-7.32959e-05
5.17261e-05
-6.59674e-05
5.42725e-05
-5.78911e-05
5.62815e-05
-4.93653e-05
5.77955e-05
-4.06198e-05
5.88558e-05
-3.18228e-05
5.94983e-05
-2.3088e-05
5.97526e-05
-1.44828e-05
5.96402e-05
-6.03396e-06
5.91739e-05
2.26752e-06
5.83565e-05
1.04638e-05
5.71787e-05
1.86289e-05
5.56167e-05
2.6867e-05
5.36292e-05
3.5311e-05
5.11553e-05
4.41182e-05
4.81142e-05
5.34622e-05
4.44097e-05
6.35164e-05
3.99412e-05
7.44224e-05
3.46243e-05
8.62339e-05
2.84207e-05
9.88278e-05
2.13727e-05
0.000111783
1.36325e-05
0.000124259
5.47029e-06
0.000134943
-2.75273e-06
0.000142189
-1.06486e-05
0.000144388
-1.78855e-05
0.000140554
-2.42472e-05
0.000130765
-2.96556e-05
0.000116112
-3.41503e-05
9.8312e-05
-3.78383e-05
7.91641e-05
-4.08387e-05
6.01155e-05
-4.3243e-05
4.20573e-05
-4.5097e-05
2.53518e-05
-4.64018e-05
9.99033e-06
-4.71258e-05
-4.21779e-06
-4.72186e-05
-1.74893e-05
-4.6625e-05
-2.99701e-05
-4.52956e-05
-4.16866e-05
-4.31966e-05
-5.25331e-05
-4.03185e-05
-6.22788e-05
-3.66866e-05
-7.05858e-05
-3.23719e-05
-7.70352e-05
-2.75014e-05
-8.11596e-05
-2.22649e-05
-8.24851e-05
-1.69159e-05
-8.05761e-05
-1.17621e-05
-7.50782e-05
-7.14747e-06
-6.5743e-05
-3.42576e-06
-5.24173e-05
-9.37494e-07
-3.49875e-05
-1.32386e-05
1.11702e-06
-1.46461e-05
3.98666e-06
-3.86896e-05
8.16131e-06
-5.79836e-05
1.32036e-05
-7.27725e-05
1.8703e-05
-8.32342e-05
2.42998e-05
-8.96252e-05
2.97057e-05
-9.23228e-05
3.47129e-05
-9.1814e-05
3.91918e-05
-8.86506e-05
4.30798e-05
-8.33962e-05
4.63649e-05
-7.6581e-05
4.90689e-05
-6.86715e-05
5.12326e-05
-6.00548e-05
5.29039e-05
-5.10365e-05
5.41303e-05
-4.18463e-05
5.49543e-05
-3.26469e-05
5.5411e-05
-2.35447e-05
5.55268e-05
-1.45986e-05
5.53199e-05
-5.82701e-06
5.47993e-05
2.78805e-06
5.39649e-05
1.12982e-05
5.28055e-05
1.97883e-05
5.12969e-05
2.83757e-05
4.93994e-05
3.72085e-05
4.70559e-05
4.64616e-05
4.4192e-05
5.63261e-05
4.072e-05
6.69885e-05
3.655e-05
7.85924e-05
3.16102e-05
9.11737e-05
2.58747e-05
0.000104563
1.93952e-05
0.000118263
1.23241e-05
0.00013133
4.91569e-06
0.000142351
-2.50648e-06
0.000149611
-9.61393e-06
0.000151495
-1.61433e-05
0.000147084
-2.19376e-05
0.00013656
-2.69537e-05
0.000121129
-3.12352e-05
0.000102593
-3.48673e-05
8.27962e-05
-3.79332e-05
6.31814e-05
-4.04869e-05
4.4611e-05
-4.25436e-05
2.74085e-05
-4.40846e-05
1.15312e-05
-4.50675e-05
-3.23487e-06
-4.54383e-05
-1.71185e-05
-4.51403e-05
-3.02681e-05
-4.41218e-05
-4.27051e-05
-4.23427e-05
-5.43122e-05
-3.97826e-05
-6.48388e-05
-3.64511e-05
-7.39174e-05
-3.23997e-05
-8.10866e-05
-2.77354e-05
-8.5824e-05
-2.26315e-05
-8.7589e-05
-1.73328e-05
-8.58749e-05
-1.21499e-05
-8.0261e-05
-7.44339e-06
-7.04495e-05
-3.59727e-06
-5.62634e-05
-9.93744e-07
-3.7591e-05
-1.42323e-05
1.14392e-06
-1.579e-05
4.04699e-06
-4.15926e-05
8.2184e-06
-6.2155e-05
1.31877e-05
-7.77418e-05
1.85255e-05
-8.8572e-05
2.38687e-05
-9.49684e-05
2.89393e-05
-9.73933e-05
3.35497e-05
-9.64245e-05
3.75959e-05
-9.26968e-05
4.10411e-05
-8.68413e-05
4.38961e-05
-7.9436e-05
4.62007e-05
-7.09761e-05
4.8008e-05
-6.1862e-05
4.93731e-05
-5.24017e-05
5.03466e-05
-4.28198e-05
5.09707e-05
-3.32709e-05
5.12778e-05
-2.38518e-05
5.12908e-05
-1.46116e-05
5.10234e-05
-5.55959e-06
5.04804e-05
3.33107e-06
4.96576e-05
1.21209e-05
4.85412e-05
2.09047e-05
4.71058e-05
2.98111e-05
4.53125e-05
3.90017e-05
4.31078e-05
4.86663e-05
4.04234e-05
5.90105e-05
3.7181e-05
7.02309e-05
3.33032e-05
8.24702e-05
2.87319e-05
9.57449e-05
2.3455e-05
0.00010984
1.75326e-05
0.000124185
1.11152e-05
0.000137747
4.43728e-06
0.000149029
-2.2186e-06
0.000156267
-8.58304e-06
0.00015786
-1.4456e-05
0.000152957
-1.97314e-05
0.000141835
-2.43915e-05
0.000125789
-2.84771e-05
0.000106679
-3.2049e-05
8.63681e-05
-3.5156e-05
6.62884e-05
-3.78189e-05
4.72739e-05
-4.00285e-05
2.96181e-05
-4.17519e-05
1.32546e-05
-4.29416e-05
-2.04516e-06
-4.35435e-05
-1.65166e-05
-4.35026e-05
-3.03091e-05
-4.27665e-05
-4.34412e-05
-4.12906e-05
-5.57881e-05
-3.9044e-05
-6.70853e-05
-3.60201e-05
-7.69413e-05
-3.22496e-05
-8.4857e-05
-2.78173e-05
-9.02563e-05
-2.28765e-05
-9.25297e-05
-1.76596e-05
-9.10918e-05
-1.24768e-05
-8.54437e-05
-7.70292e-06
-7.52234e-05
-3.75121e-06
-6.02151e-05
-1.04499e-06
-4.02972e-05
-1.52773e-05
1.16322e-06
-1.69532e-05
4.07978e-06
-4.45092e-05
8.21872e-06
-6.62939e-05
1.30801e-05
-8.26031e-05
1.82197e-05
-9.37116e-05
2.32755e-05
-0.000100024
2.79841e-05
-0.000102102
3.21815e-05
-0.000100622
3.57903e-05
-9.63056e-05
3.87996e-05
-8.98507e-05
4.12419e-05
-8.18783e-05
4.31726e-05
-7.29068e-05
4.46547e-05
-6.33441e-05
4.57481e-05
-5.34951e-05
4.65043e-05
-4.3576e-05
4.69637e-05
-3.37303e-05
4.71552e-05
-2.40433e-05
4.70973e-05
-1.45537e-05
4.67989e-05
-5.26117e-06
4.62601e-05
3.86983e-06
4.54727e-05
1.29083e-05
4.44196e-05
2.19579e-05
4.30735e-05
3.11571e-05
4.13962e-05
4.06791e-05
3.93369e-05
5.07256e-05
3.68337e-05
6.15137e-05
3.38179e-05
7.32466e-05
3.02251e-05
8.6063e-05
2.60121e-05
9.99579e-05
2.11803e-05
0.000114672
1.57978e-05
0.000129568
1.00109e-05
0.000143534
4.032e-06
0.000155008
-1.89826e-06
0.000162197
-7.5671e-06
0.000163528
-1.28316e-05
0.000158221
-1.76282e-05
0.000146632
-2.19576e-05
0.000130118
-2.58534e-05
0.000110575
-2.93512e-05
8.98659e-05
-3.24687e-05
6.94059e-05
-3.51986e-05
5.00038e-05
-3.75124e-05
3.19319e-05
-3.9368e-05
1.51102e-05
-4.07167e-05
-6.96503e-07
-4.1507e-05
-1.57262e-05
-4.16877e-05
-3.01284e-05
-4.12077e-05
-4.39212e-05
-4.0019e-05
-5.69768e-05
-3.80813e-05
-6.90229e-05
-3.53722e-05
-7.96504e-05
-3.19012e-05
-8.83281e-05
-2.77285e-05
-9.4429e-05
-2.29848e-05
-9.72735e-05
-1.78856e-05
-9.61909e-05
-1.2737e-05
-9.05924e-05
-7.92426e-06
-8.00361e-05
-3.88804e-06
-6.42513e-05
-1.09195e-06
-4.30933e-05
-1.63693e-05
1.17532e-06
-1.81285e-05
4.0862e-06
-4.74201e-05
8.16458e-06
-7.03723e-05
1.28848e-05
-8.73234e-05
1.77928e-05
-9.86196e-05
2.25324e-05
-0.000104764
2.68586e-05
-0.000106428
3.06336e-05
-0.000104397
3.3808e-05
-9.948e-05
3.63959e-05
-9.24385e-05
3.84492e-05
-8.39316e-05
4.00365e-05
-7.44941e-05
4.12278e-05
-6.45354e-05
4.20854e-05
-5.43527e-05
4.26596e-05
-4.41503e-05
4.29877e-05
-3.40583e-05
4.30943e-05
-2.41499e-05
4.2993e-05
-1.44524e-05
4.26879e-05
-4.95605e-06
4.21745e-05
4.38322e-06
4.14405e-05
1.36423e-05
4.04654e-05
2.29329e-05
3.92204e-05
3.24022e-05
3.7667e-05
4.22325e-05
3.57573e-05
5.26353e-05
3.34355e-05
6.38356e-05
3.06426e-05
7.60394e-05
2.73273e-05
8.93783e-05
2.34613e-05
0.000103824
1.90593e-05
0.000119074
1.41962e-05
0.000134431
9.01253e-06
0.000148718
3.69749e-06
0.000160323
-1.54974e-06
0.000167444
-6.56903e-06
0.000168548
-1.12679e-05
0.00016292
-1.56183e-05
0.000150982
-1.96334e-05
0.000134133
-2.33372e-05
0.000114279
-2.6742e-05
9.32707e-05
-2.98375e-05
7.25014e-05
-3.25933e-05
5.27596e-05
-3.49665e-05
3.43051e-05
-3.69092e-05
1.7053e-05
-3.83742e-05
7.68423e-07
-3.93147e-05
-1.47857e-05
-3.96845e-05
-2.97586e-05
-3.94356e-05
-4.41702e-05
-3.85179e-05
-5.78945e-05
-3.68834e-05
-7.06574e-05
-3.44947e-05
-8.20391e-05
-3.13403e-05
-9.14825e-05
-2.74551e-05
-9.83143e-05
-2.29436e-05
-0.000101785
-1.80011e-05
-0.000101133
-1.29239e-05
-9.56696e-05
-8.1043e-06
-8.48557e-05
-4.00696e-06
-6.83487e-05
-1.13474e-06
-4.59655e-05
-1.7504e-05
1.18052e-06
-1.9309e-05
4.06738e-06
-5.0307e-05
8.0586e-06
-7.43635e-05
1.26072e-05
-9.1872e-05
1.7254e-05
-0.000103266
2.16534e-05
-0.000109163
2.55832e-05
-0.000110358
2.89337e-05
-0.000107747
3.16834e-05
-0.00010223
3.38704e-05
-9.46254e-05
3.55633e-05
-8.56246e-05
3.68411e-05
-7.57718e-05
3.77777e-05
-6.5472e-05
3.84354e-05
-5.50104e-05
3.88616e-05
-4.45765e-05
3.90891e-05
-3.42859e-05
3.91378e-05
-2.41985e-05
3.90161e-05
-1.43308e-05
3.87234e-05
-4.66341e-06
3.82511e-05
4.85559e-06
3.75828e-05
1.43106e-05
3.66954e-05
2.38204e-05
3.55581e-05
3.35395e-05
3.41327e-05
4.36579e-05
3.2374e-05
5.4394e-05
3.02319e-05
6.59776e-05
2.76575e-05
7.86139e-05
2.46118e-05
9.2424e-05
2.10813e-05
0.000107354
1.70931e-05
0.000123062
1.27278e-05
0.000138796
8.11877e-06
0.000153327
3.4315e-06
0.00016501
-1.17438e-06
0.00017205
-5.5868e-06
0.00017296
-9.75733e-06
0.000167091
-1.36869e-05
0.000154912
-1.73973e-05
0.000137843
-2.09023e-05
0.000117784
-2.41927e-05
9.6561e-05
-2.72346e-05
7.55433e-05
-2.99788e-05
5.55039e-05
-3.23715e-05
3.66978e-05
-3.4362e-05
1.90435e-05
-3.59059e-05
2.31226e-06
-3.69625e-05
-1.3729e-05
-3.74918e-05
-2.92293e-05
-3.74498e-05
-4.42122e-05
-3.67863e-05
-5.8558e-05
-3.54471e-05
-7.19966e-05
-3.33819e-05
-8.41043e-05
-3.05589e-05
-9.43055e-05
-2.6987e-05
-0.000101886
-2.27427e-05
-0.000106029
-1.79966e-05
-0.00010588
-1.30308e-05
-0.000100635
-8.23901e-06
-8.96475e-05
-4.10632e-06
-7.24814e-05
-1.17304e-06
-4.88988e-05
-1.8677e-05
1.17907e-06
-2.04881e-05
4.02448e-06
-5.31524e-05
7.90375e-06
-7.82428e-05
1.2253e-05
-9.62213e-05
1.66131e-05
-0.000107626
2.06539e-05
-0.000113204
2.41791e-05
-0.000113883
2.71088e-05
-0.000110677
2.94495e-05
-0.00010457
3.12606e-05
-9.64365e-05
3.26251e-05
-8.69892e-05
3.36288e-05
-7.67754e-05
3.4347e-05
-6.61902e-05
3.48396e-05
-5.5503e-05
3.51495e-05
-4.48864e-05
3.53041e-05
-3.44405e-05
3.53179e-05
-2.42122e-05
3.51945e-05
-1.42074e-05
3.49288e-05
-4.39769e-06
3.45081e-05
5.27623e-06
3.39132e-05
1.49056e-05
3.31181e-05
2.46154e-05
3.2091e-05
3.45666e-05
3.0794e-05
4.49548e-05
2.91848e-05
5.60033e-05
2.72192e-05
6.79431e-05
2.48577e-05
8.09755e-05
2.20738e-05
9.52078e-05
1.88675e-05
0.000110561
1.52774e-05
0.000126652
1.13884e-05
0.000142685
7.32569e-06
0.00015739
3.23131e-06
0.000169105
-7.72218e-07
0.000176054
-4.61602e-06
0.000176804
-8.28965e-06
0.000170764
-1.18179e-05
0.00015844
-1.52282e-05
0.000141254
-1.85247e-05
0.00012108
-2.16792e-05
9.97156e-05
-2.46384e-05
7.85025e-05
-2.73379e-05
5.82033e-05
-2.97158e-05
3.90757e-05
-3.17205e-05
2.10482e-05
-3.33112e-05
3.90296e-06
-3.4454e-05
-1.25862e-05
-3.51156e-05
-2.85676e-05
-3.52572e-05
-4.40707e-05
-3.48301e-05
-5.89851e-05
-3.37762e-05
-7.30504e-05
-3.20342e-05
-8.58462e-05
-2.95538e-05
-9.6786e-05
-2.63181e-05
-0.000105122
-2.23742e-05
-0.000109973
-1.78644e-05
-0.000110389
-1.3051e-05
-0.000105449
-8.32389e-06
-9.43746e-05
-4.1839e-06
-7.66214e-05
-1.20625e-06
-5.18765e-05
-1.98833e-05
1.17125e-06
-2.16594e-05
3.95875e-06
-5.59399e-05
7.70312e-06
-8.19872e-05
1.18283e-05
-0.000100346
1.58802e-05
-0.000111678
1.95487e-05
-0.000116873
2.26665e-05
-0.000117001
2.51844e-05
-0.000113195
2.71357e-05
-0.000106522
2.8599e-05
-9.78999e-05
2.96687e-05
-8.80588e-05
3.0434e-05
-7.75407e-05
3.09691e-05
-6.67253e-05
3.13292e-05
-5.58632e-05
3.15516e-05
-4.51087e-05
3.16574e-05
-3.45464e-05
3.16557e-05
-2.42105e-05
3.15452e-05
-1.40969e-05
3.13168e-05
-4.16924e-06
3.09544e-05
5.63859e-06
3.04361e-05
1.54238e-05
2.97343e-05
2.53172e-05
2.88163e-05
3.54846e-05
2.76452e-05
4.61259e-05
2.61818e-05
5.74667e-05
2.4388e-05
6.97369e-05
2.22333e-05
8.31302e-05
1.97033e-05
9.77378e-05
1.68104e-05
0.000113454
1.36036e-05
0.000129859
1.01704e-05
0.000146118
6.62717e-06
0.000160933
3.09322e-06
0.000172639
-3.43309e-07
0.00017949
-3.65184e-06
0.000180112
-6.85457e-06
0.000173967
-9.9959e-06
0.000161581
-1.31073e-05
0.000144365
-1.6184e-05
0.000124157
-1.91823e-05
0.000102714
-2.20327e-05
8.13529e-05
-2.4659e-05
6.08296e-05
-2.69934e-05
4.14101e-05
-2.89841e-05
2.30389e-05
-3.05946e-05
5.51344e-06
-3.17976e-05
-1.13832e-05
-3.25669e-05
-2.77983e-05
-3.28697e-05
-4.37679e-05
-3.26605e-05
-5.91944e-05
-3.18795e-05
-7.38314e-05
-3.04571e-05
-8.72686e-05
-2.83264e-05
-9.89166e-05
-2.54463e-05
-0.000108002
-2.18331e-05
-0.000113586
-1.75979e-05
-0.000114625
-1.29784e-05
-0.000110068
-8.35437e-06
-9.89986e-05
-4.23722e-06
-8.07385e-05
-1.23364e-06
-5.488e-05
-2.11169e-05
1.15735e-06
-2.28167e-05
3.87144e-06
-5.8654e-05
7.45978e-06
-8.55755e-05
1.13389e-05
-0.000104226
1.50647e-05
-0.000115404
1.83515e-05
-0.000120159
2.10633e-05
-0.000119713
2.31821e-05
-0.000115314
2.47666e-05
-0.000108106
2.5912e-05
-9.90453e-05
2.67203e-05
-8.88671e-05
2.72818e-05
-7.81022e-05
2.76668e-05
-6.71103e-05
2.79243e-05
-5.61208e-05
2.80846e-05
-4.52689e-05
2.81624e-05
-3.46242e-05
2.81609e-05
-2.42091e-05
2.80745e-05
-1.40104e-05
2.78902e-05
-3.98495e-06
2.75893e-05
5.93943e-06
2.7148e-05
1.58652e-05
2.65374e-05
2.59278e-05
2.57249e-05
3.62971e-05
2.4675e-05
4.71758e-05
2.33521e-05
5.87897e-05
2.17243e-05
7.13647e-05
1.97701e-05
8.50844e-05
1.74863e-05
0.000100022
1.4897e-05
0.000116043
1.20596e-05
0.000132697
9.06335e-06
0.000149115
6.01503e-06
0.000163981
3.01214e-06
0.000175642
1.11437e-07
0.000182391
-2.69019e-06
0.000182914
-5.44297e-06
0.00017672
-8.20754e-06
0.000164346
-1.10185e-05
0.000147176
-1.38638e-05
0.000127002
-1.66871e-05
0.000105537
-1.94061e-05
8.40719e-05
-2.19353e-05
6.33588e-05
-2.42025e-05
4.36773e-05
-2.61562e-05
2.49927e-05
-2.7764e-05
7.12122e-06
-2.90049e-05
-1.01424e-05
-2.98598e-05
-2.69433e-05
-3.03026e-05
-4.33251e-05
-3.02924e-05
-5.92046e-05
-2.97699e-05
-7.43539e-05
-2.86601e-05
-8.83785e-05
-2.68822e-05
-0.000100694
-2.43725e-05
-0.000110512
-2.11168e-05
-0.000116842
-1.71924e-05
-0.000118549
-1.28076e-05
-0.000114453
-8.3262e-06
-0.00010348
-4.26377e-06
-8.4801e-05
-1.2544e-06
-5.78894e-05
-2.23713e-05
1.13765e-06
-2.39544e-05
3.7637e-06
-6.128e-05
7.17647e-06
-8.89883e-05
1.07899e-05
-0.000107839
1.41749e-05
-0.000118789
1.70739e-05
-0.000123059
1.93845e-05
-0.000122023
2.11197e-05
-0.000117049
2.23614e-05
-0.000109348
2.32187e-05
-9.99026e-05
2.37982e-05
-8.94466e-05
2.41882e-05
-7.84922e-05
2.44531e-05
-6.73752e-05
2.46343e-05
-5.6302e-05
2.47543e-05
-4.53889e-05
2.48212e-05
-3.46911e-05
2.48325e-05
-2.42204e-05
2.47782e-05
-1.39561e-05
2.46422e-05
-3.84896e-06
2.44037e-05
6.17796e-06
2.40373e-05
1.62316e-05
2.3514e-05
2.64511e-05
2.28016e-05
3.70094e-05
2.1867e-05
4.81105e-05
2.06784e-05
5.99783e-05
1.92105e-05
7.28326e-05
1.74506e-05
8.68443e-05
1.5406e-05
0.000102066
1.31112e-05
0.000118338
1.06309e-05
0.000135177
8.05449e-06
0.000151691
5.4791e-06
0.000166557
2.98142e-06
0.000178139
5.897e-07
0.000184783
-1.72862e-06
0.000185232
-4.04778e-06
0.000179039
-6.44219e-06
0.00016674
-8.9493e-06
0.000149683
-1.15515e-05
0.000129604
-1.41827e-05
0.000108168
-1.67508e-05
8.664e-05
-1.91629e-05
6.57709e-05
-2.13436e-05
4.5858e-05
-2.32419e-05
2.6891e-05
-2.48286e-05
8.70797e-06
-2.60886e-05
-8.88241e-06
-2.70098e-05
-2.60222e-05
-2.75728e-05
-4.2762e-05
-2.77428e-05
-5.90347e-05
-2.74631e-05
-7.46335e-05
-2.66558e-05
-8.91857e-05
-2.52299e-05
-0.00010212
-2.3101e-05
-0.000112641
-2.02255e-05
-0.000119718
-1.66452e-05
-0.000122129
-1.25348e-05
-0.000118564
-8.23557e-06
-0.000107779
-4.26116e-06
-8.87754e-05
-1.26771e-06
-6.08829e-05
-2.3639e-05
1.11236e-06
-2.50667e-05
3.63646e-06
-6.38041e-05
6.85541e-06
-9.22072e-05
1.01854e-05
-0.000111169
1.32172e-05
-0.000121821
1.5725e-05
-0.000125566
1.76413e-05
-0.00012394
1.90096e-05
-0.000118417
1.9933e-05
-0.000110271
2.0531e-05
-0.000100501
2.0912e-05
-8.98275e-05
2.11597e-05
-7.874e-05
2.1331e-05
-6.75465e-05
2.14585e-05
-5.64295e-05
2.15565e-05
-4.5487e-05
2.16263e-05
-3.47608e-05
2.16598e-05
-2.42539e-05
2.16431e-05
-1.39393e-05
2.15574e-05
-3.76328e-06
2.13802e-05
6.35517e-06
2.10855e-05
1.65263e-05
2.06443e-05
2.68922e-05
2.00261e-05
3.76277e-05
1.92002e-05
4.89364e-05
1.81396e-05
6.10389e-05
1.68256e-05
7.41465e-05
1.52542e-05
8.84158e-05
1.34425e-05
0.000103878
1.14343e-05
0.000120346
9.30027e-06
0.000137311
7.12897e-06
0.000153862
5.00733e-06
0.000168678
2.99261e-06
0.000180154
1.08742e-06
0.000186688
-7.66583e-07
0.000187086
-2.66429e-06
0.000180937
-4.69205e-06
0.000168768
-6.89032e-06
0.000151881
-9.23785e-06
0.000131952
-1.16615e-05
0.000110592
-1.40617e-05
8.90403e-05
-1.63403e-05
6.80495e-05
-1.84191e-05
4.79368e-05
-2.02471e-05
2.8719e-05
-2.17981e-05
1.0259e-05
-2.30617e-05
-7.61879e-06
-2.40322e-05
-2.50516e-05
-2.46975e-05
-4.20967e-05
-2.50293e-05
-5.87029e-05
-2.49758e-05
-7.46871e-05
-2.44591e-05
-8.97024e-05
-2.33806e-05
-0.000103199
-2.16387e-05
-0.000114383
-1.91617e-05
-0.000122195
-1.59553e-05
-0.000125336
-1.21568e-05
-0.000122362
-8.0793e-06
-0.000111857
-4.22718e-06
-9.26275e-05
-1.27277e-06
-6.38373e-05
-2.49118e-05
1.08163e-06
-2.61483e-05
3.49029e-06
-6.62128e-05
6.49801e-06
-9.52149e-05
9.52814e-06
-0.000114199
1.21961e-05
-0.000124489
1.4311e-05
-0.000127681
1.58412e-05
-0.00012547
1.68598e-05
-0.000119436
1.74883e-05
-0.0001109
1.78539e-05
-0.000100866
1.80636e-05
-9.00373e-05
1.81947e-05
-7.88711e-05
1.82948e-05
-6.76465e-05
1.83872e-05
-5.65219e-05
1.84778e-05
-4.55776e-05
1.85609e-05
-3.48439e-05
1.86235e-05
-2.43165e-05
1.86479e-05
-1.39637e-05
1.86129e-05
-3.72834e-06
1.84949e-05
6.47313e-06
1.82678e-05
1.67534e-05
1.79034e-05
2.72566e-05
1.73732e-05
3.8158e-05
1.66498e-05
4.96598e-05
1.57113e-05
6.19774e-05
1.45459e-05
7.5312e-05
1.31579e-05
8.98038e-05
1.15739e-05
0.000105462
9.84586e-06
0.000122074
8.04898e-06
0.000139108
6.2701e-06
0.000155641
4.58597e-06
0.000170362
3.03562e-06
0.000181704
1.59865e-06
0.000188125
1.94289e-07
0.000188491
-1.29032e-06
0.000182421
-2.95215e-06
0.00017043
-4.83519e-06
0.000153764
-6.91642e-06
0.000134033
-9.11813e-06
0.000112794
-1.13358e-05
9.12579e-05
-1.3467e-05
7.01807e-05
-1.54312e-05
4.9901e-05
-1.71773e-05
3.04651e-05
-1.86809e-05
1.17626e-05
-1.99357e-05
-6.36409e-06
-2.09414e-05
-2.40459e-05
-2.1693e-05
-4.13451e-05
-2.21695e-05
-5.82264e-05
-2.23254e-05
-7.45312e-05
-2.20854e-05
-8.99424e-05
-2.13469e-05
-0.000103937
-1.99942e-05
-0.000115735
-1.79298e-05
-0.000124259
-1.51234e-05
-0.000128142
-1.16721e-05
-0.000125813
-7.85486e-06
-0.000115674
-4.15992e-06
-9.63224e-05
-1.26884e-06
-6.67283e-05
-2.61806e-05
1.04548e-06
-2.71938e-05
3.32532e-06
-6.84926e-05
6.10477e-06
-9.79944e-05
8.8194e-06
-0.000116914
1.11138e-05
-0.000126783
1.28348e-05
-0.000129402
1.39876e-05
-0.000126623
1.4673e-05
-0.000120121
1.50285e-05
-0.000111255
1.51856e-05
-0.000101023
1.52478e-05
-9.00994e-05
1.52838e-05
-7.8907e-05
1.5331e-05
-6.76937e-05
1.54029e-05
-5.65939e-05
1.54971e-05
-4.56718e-05
1.56012e-05
-3.4948e-05
1.56973e-05
-2.44126e-05
1.57643e-05
-1.40307e-05
1.57794e-05
-3.74345e-06
1.57181e-05
6.53449e-06
1.55544e-05
1.69171e-05
1.52617e-05
2.75493e-05
1.48137e-05
3.86059e-05
1.41873e-05
5.02861e-05
1.3366e-05
6.27987e-05
1.23448e-05
7.63331e-05
1.11365e-05
9.1012e-05
9.77631e-06
0.000106822
8.32337e-06
0.000123527
6.85641e-06
0.000140575
5.45966e-06
0.000157038
4.19972e-06
0.000171622
3.0987e-06
0.000182805
2.11565e-06
0.000189108
1.15017e-06
0.000189456
7.39925e-08
0.000183497
-1.22009e-06
0.000171724
-2.7802e-06
0.000155325
-4.58334e-06
0.000135836
-6.54954e-06
0.00011476
-8.57121e-06
9.32796e-05
-1.05429e-05
7.21524e-05
-1.23822e-05
5.17402e-05
-1.40371e-05
3.212e-05
-1.54844e-05
1.32098e-05
-1.67202e-05
-5.12823e-06
-1.77495e-05
-2.30167e-05
-1.85736e-05
-4.0521e-05
-1.91792e-05
-5.76207e-05
-1.95283e-05
-7.41821e-05
-1.95505e-05
-8.99202e-05
-1.91423e-05
-0.000104346
-1.81775e-05
-0.0001167
-1.65357e-05
-0.000125901
-1.41515e-05
-0.000130526
-1.10798e-05
-0.000128885
-7.56036e-06
-0.000119193
-4.05768e-06
-9.98251e-05
-1.25522e-06
-6.95308e-05
-2.74359e-05
1.00377e-06
-2.81976e-05
3.14114e-06
-7.063e-05
5.67513e-06
-0.000100528
8.05873e-06
-0.000119297
9.97017e-06
-0.000128695
1.12967e-05
-0.000130729
1.20803e-05
-0.000127406
1.24477e-05
-0.000120489
1.25495e-05
-0.000111357
1.25189e-05
-0.000100993
1.24532e-05
-9.00337e-05
1.24111e-05
-7.8865e-05
1.24194e-05
-6.77019e-05
1.24815e-05
-5.6656e-05
1.25869e-05
-4.57771e-05
1.27167e-05
-3.50778e-05
1.28486e-05
-2.45445e-05
1.29588e-05
-1.41409e-05
1.30225e-05
-3.80723e-06
1.3015e-05
6.54203e-06
1.29109e-05
1.70212e-05
1.26854e-05
2.77748e-05
1.23153e-05
3.8976e-05
1.17816e-05
5.08198e-05
1.10737e-05
6.35067e-05
1.01938e-05
7.7213e-05
9.16295e-06
9.20429e-05
8.02413e-06
0.000107961
6.84295e-06
0.000124708
5.70062e-06
0.000141717
4.6781e-06
0.00015806
3.83199e-06
0.000172469
3.16874e-06
0.000183469
2.62905e-06
0.000189648
2.09538e-06
0.00018999
1.42605e-06
0.000184167
5.04168e-07
0.000172646
-7.23746e-07
0.000156552
-2.23664e-06
0.000137349
-3.95404e-06
0.000116477
-5.76706e-06
9.50926e-05
-7.56841e-06
7.39537e-05
-9.27367e-06
5.34455e-05
-1.08298e-05
3.36762e-05
-1.22134e-05
1.45935e-05
-1.34227e-05
-3.91897e-06
-1.44662e-05
-2.19732e-05
-1.53512e-05
-3.9636e-05
-1.60722e-05
-5.68997e-05
-1.65994e-05
-7.3655e-05
-1.68692e-05
-8.96504e-05
-1.67802e-05
-0.000104435
-1.61992e-05
-0.000117281
-1.49864e-05
-0.000127114
-1.3043e-05
-0.00013247
-1.03803e-05
-0.000131548
-7.19448e-06
-0.000122379
-3.91906e-06
-0.000103101
-1.23129e-06
-7.22186e-05
-2.86671e-05
9.56169e-07
-2.91538e-05
2.93677e-06
-7.26106e-05
5.20749e-06
-0.000102799
7.24415e-06
-0.000121334
8.76303e-06
-0.000130214
9.694e-06
-0.00013166
1.01155e-05
-0.000127828
1.01783e-05
-0.000120551
1.00429e-05
-0.000111222
9.84135e-06
-0.000100791
9.66295e-06
-8.98553e-05
9.5555e-06
-7.87575e-05
9.53443e-06
-6.76809e-05
9.59358e-06
-5.67152e-05
9.71432e-06
-4.58979e-05
9.87214e-06
-3.52357e-05
1.00405e-05
-2.47129e-05
1.0193e-05
-1.42933e-05
1.03036e-05
-3.91783e-06
1.03472e-05
6.49838e-06
1.02996e-05
1.70688e-05
1.0138e-05
2.79364e-05
9.84247e-06
3.92716e-05
9.39881e-06
5.12635e-05
8.80233e-06
6.41032e-05
8.06267e-06
7.79526e-05
7.20849e-06
9.28971e-05
6.29041e-06
0.000108879
5.37949e-06
0.000125619
4.55859e-06
0.000142538
3.90485e-06
0.000158714
3.46515e-06
0.000172908
3.23146e-06
0.000183702
3.12814e-06
0.000189751
3.02258e-06
0.000190095
2.76124e-06
0.000184428
2.21825e-06
0.000173189
1.33354e-06
0.000157437
1.24263e-07
0.000138559
-1.33088e-06
0.000117932
-2.92289e-06
9.66846e-05
-4.54333e-06
7.55742e-05
-6.1062e-06
5.50084e-05
-7.55687e-06
3.51268e-05
-8.87113e-06
1.59078e-05
-1.00478e-05
-2.74228e-06
-1.10983e-05
-2.09227e-05
-1.20351e-05
-3.86992e-05
-1.28598e-05
-5.6075e-05
-1.35515e-05
-7.29633e-05
-1.4055e-05
-8.91469e-05
-1.42733e-05
-0.000104216
-1.40701e-05
-0.000117484
-1.32895e-05
-0.000127894
-1.18017e-05
-0.000133957
-9.57457e-06
-0.000133775
-6.75643e-06
-0.000125197
-3.74289e-06
-0.000106114
-1.19646e-06
-7.4765e-05
-2.98636e-05
9.02163e-07
-3.00559e-05
2.71065e-06
-7.44191e-05
4.69924e-06
-0.000104788
6.37223e-06
-0.000123007
7.48834e-06
-0.00013133
8.02185e-06
-0.000132193
8.08698e-06
-0.000127893
7.85596e-06
-0.00012032
7.4963e-06
-0.000110862
7.13647e-06
-0.000100431
6.85608e-06
-8.95749e-05
6.69124e-06
-7.85927e-05
6.64622e-06
-6.76359e-05
6.70539e-06
-5.67743e-05
6.84278e-06
-4.60353e-05
7.02849e-06
-3.54214e-05
7.23232e-06
-2.49167e-05
7.42542e-06
-1.44864e-05
7.58084e-06
-4.07325e-06
7.67345e-06
6.40577e-06
7.68011e-06
1.70621e-05
7.58033e-06
2.80362e-05
7.35781e-06
3.94941e-05
7.00325e-06
5.1618e-05
6.51816e-06
6.45883e-05
5.9194e-06
7.85514e-05
5.24323e-06
9.35732e-05
4.54718e-06
0.000109575
3.90703e-06
0.000126259
3.40655e-06
0.000143039
3.11869e-06
0.000159002
3.08086e-06
0.000172946
3.27173e-06
0.000183511
3.60111e-06
0.000189422
3.92314e-06
0.000189773
4.07357e-06
0.000184278
3.91793e-06
0.000173344
3.38892e-06
0.000157966
2.49794e-06
0.00013945
1.31961e-06
0.000119111
-3.83657e-08
9.80426e-05
-1.46728e-06
7.70031e-05
-2.87949e-06
5.64206e-05
-4.21842e-06
3.64658e-05
-5.45834e-06
1.71477e-05
-6.59782e-06
-1.6028e-06
-7.64995e-06
-1.98705e-05
-8.63142e-06
-3.77177e-05
-9.55066e-06
-5.51557e-05
-1.03954e-05
-7.21186e-05
-1.11197e-05
-8.84226e-05
-1.16336e-05
-0.000103702
-1.18006e-05
-0.000117317
-1.14528e-05
-0.000128242
-1.04325e-05
-0.000134978
-8.66428e-06
-0.000135543
-6.24586e-06
-0.000127616
-3.5282e-06
-0.000108832
-1.15018e-06
-7.7143e-05
-3.10138e-05
8.41042e-07
-3.0897e-05
2.4607e-06
-7.60388e-05
4.14689e-06
-0.000106474
5.43842e-06
-0.000124298
6.14061e-06
-0.000132032
6.2736e-06
-0.000132326
5.9862e-06
-0.000127605
5.46935e-06
-0.000119804
4.89467e-06
-0.000110287
4.38476e-06
-9.99214e-05
4.00835e-06
-8.91985e-05
3.78955e-06
-7.83739e-05
3.72171e-06
-6.7568e-05
3.78032e-06
-5.68329e-05
3.93268e-06
-4.61876e-05
4.14401e-06
-3.56327e-05
4.38082e-06
-2.51535e-05
4.61224e-06
-1.47178e-05
4.81037e-06
-4.27138e-06
4.95026e-06
6.26588e-06
5.00999e-06
1.70024e-05
4.97149e-06
2.80747e-05
4.82219e-06
3.96434e-05
4.55784e-06
5.18824e-05
4.18618e-06
6.49599e-05
3.73119e-06
7.90064e-05
3.23643e-06
9.4068e-05
2.76578e-06
0.000110046
2.39909e-06
0.000126626
2.22037e-06
0.000143217
2.29805e-06
0.000158924
2.66042e-06
0.000172584
3.27391e-06
0.000182898
4.03541e-06
0.00018866
4.78737e-06
0.000189021
5.35583e-06
0.000183709
5.59786e-06
0.000173102
5.43828e-06
0.000158126
4.88122e-06
0.000140007
3.99568e-06
0.000119996
2.88599e-06
9.91523e-05
1.66022e-06
7.82289e-05
4.07481e-07
5.76733e-05
-8.13326e-07
3.76866e-05
-1.97425e-06
1.83086e-05
-3.07279e-06
-5.04265e-07
-4.12271e-06
-1.88206e-05
-5.14389e-06
-3.66966e-05
-6.15066e-06
-5.4149e-05
-7.13916e-06
-7.11301e-05
-8.0733e-06
-8.74885e-05
-8.87167e-06
-0.000102904
-9.40077e-06
-0.000116788
-9.48437e-06
-0.000128158
-8.94033e-06
-0.000135522
-7.65154e-06
-0.000136832
-5.66281e-06
-0.000129604
-3.27421e-06
-0.00011122
-1.09197e-06
-7.93253e-05
-3.21058e-05
7.71916e-07
-3.16689e-05
2.18439e-06
-7.74512e-05
3.54632e-06
-0.000107836
4.43733e-06
-0.000125189
4.71343e-06
-0.000132308
4.4415e-06
-0.000132054
3.80326e-06
-0.000126967
3.00545e-06
-0.000119006
2.22096e-06
-0.000109503
1.56458e-06
-9.9265e-05
1.09337e-06
-8.87273e-05
8.19471e-07
-7.81e-05
7.25873e-07
-6.74744e-05
7.79897e-07
-5.6887e-05
9.42777e-07
-4.63505e-05
1.17545e-06
-3.58654e-05
1.44149e-06
-2.54196e-05
1.70826e-06
-1.49846e-05
1.94707e-06
-4.51019e-06
2.13315e-06
6.0798e-06
2.24587e-06
1.68897e-05
2.26963e-06
2.8051e-05
2.19564e-06
3.97174e-05
2.02468e-06
5.20533e-05
1.77073e-06
6.52139e-05
1.46468e-06
7.93124e-05
1.157e-06
9.43757e-05
9.17407e-07
0.000110285
8.29157e-07
0.000126714
9.75978e-07
0.00014307
1.42152e-06
0.000158479
2.18518e-06
0.00017182
3.22223e-06
0.000181861
4.41806e-06
0.000187464
5.60486e-06
0.000187835
6.59978e-06
0.000182714
7.25157e-06
0.000172451
7.47647e-06
0.000157901
7.27012e-06
0.000140213
6.69429e-06
0.000120572
5.8485e-06
9.99981e-05
4.83903e-06
7.92383e-05
3.7558e-06
5.87565e-05
2.66018e-06
3.87822e-05
1.58294e-06
1.93858e-05
5.28577e-07
5.50102e-07
-5.16415e-07
-1.77756e-05
-1.57406e-06
-3.56389e-05
-2.66364e-06
-5.30594e-05
-3.78906e-06
-7.00047e-05
-4.92405e-06
-8.63535e-05
-5.99697e-06
-0.000101831
-6.87983e-06
-0.000115905
-7.39195e-06
-0.000127646
-7.33053e-06
-0.000135583
-6.53889e-06
-0.000137624
-5.00764e-06
-0.000131136
-2.98031e-06
-0.000113248
-1.02135e-06
-8.12842e-05
-3.31271e-05
6.93751e-07
-3.23626e-05
1.87888e-06
-7.86364e-05
2.893e-06
-0.00010885
3.36324e-06
-0.00012566
3.20003e-06
-0.000132145
2.51737e-06
-0.000131372
1.52774e-06
-0.000125978
4.50523e-07
-0.000117929
-5.42768e-07
-0.00010851
-1.34673e-06
-9.8461e-05
-1.91633e-06
-8.81577e-05
-2.25095e-06
-7.77654e-05
-2.37719e-06
-6.73482e-05
-2.33508e-06
-5.69291e-05
-2.16871e-06
-4.65169e-05
-1.92089e-06
-3.61132e-05
-1.63056e-06
-2.57099e-05
-1.33197e-06
-1.52832e-05
-1.0545e-06
-4.78766e-06
-8.22687e-07
5.84799e-06
-6.55912e-07
1.67229e-05
-5.67337e-07
2.79624e-05
-5.62039e-07
3.97121e-05
-6.34229e-07
5.21255e-05
-7.63873e-07
6.53435e-05
-9.13409e-07
7.9462e-05
-1.02586e-06
9.44881e-05
-1.02628e-06
0.000110286
-8.28667e-07
0.000126516
-3.50107e-07
0.000142592
4.68189e-07
0.00015766
1.63702e-06
0.000170651
3.10121e-06
0.000180397
4.73609e-06
0.000185829
6.36483e-06
0.000186206
7.79649e-06
0.000181283
8.87159e-06
0.000171376
9.49725e-06
0.000157275
9.6595e-06
0.000140051
9.41149e-06
0.00012082
8.8465e-06
0.000100563
8.06792e-06
8.00169e-05
7.16581e-06
5.96586e-05
6.20379e-06
3.97442e-05
5.21568e-06
2.0374e-05
4.20864e-06
1.55714e-06
3.17039e-06
-1.67374e-05
2.07792e-06
-3.45464e-05
9.08153e-07
-5.18896e-05
-3.49637e-07
-6.87469e-05
-1.67868e-06
-8.50245e-05
-3.01777e-06
-0.000100492
-4.2465e-06
-0.000114676
-5.18328e-06
-0.000126709
-5.60865e-06
-0.000135158
-5.32926e-06
-0.000137903
-4.28103e-06
-0.000132184
-2.64607e-06
-0.000114883
-9.37905e-07
-8.29924e-05
-3.4065e-05
6.05408e-07
-3.2968e-05
1.54119e-06
-7.95721e-05
2.18241e-06
-0.000109491
2.21058e-06
-0.000125688
1.59396e-06
-0.000131528
4.93438e-07
-0.000130271
-8.50259e-07
-0.000124634
-2.20885e-06
-0.00011657
-3.41457e-06
-0.000107304
-4.37214e-06
-9.75034e-05
-5.0484e-06
-8.74814e-05
-5.45356e-06
-7.73602e-05
-5.62299e-06
-6.71788e-05
-5.60316e-06
-5.69489e-05
-5.44275e-06
-4.66773e-05
-5.18775e-06
-3.63682e-05
-4.87927e-06
-2.60184e-05
-4.55296e-06
-1.56095e-05
-4.23882e-06
-5.1018e-06
-3.9612e-06
5.57037e-06
-3.73829e-06
1.65e-05
-3.58088e-06
2.7805e-05
-3.49043e-06
3.96216e-05
-3.4563e-06
5.20914e-05
-3.45262e-06
6.53398e-05
-3.43549e-06
7.94448e-05
-3.34194e-06
9.43946e-05
-3.09242e-06
0.000110036
-2.59892e-06
0.000126023
-1.77995e-06
0.000141773
-5.81692e-07
0.000156462
9.98673e-07
0.000169071
2.89605e-06
0.000178499
4.97689e-06
0.000183749
7.0565e-06
0.000184126
8.93662e-06
0.000179402
1.04497e-05
0.000169862
1.14933e-05
0.000156232
1.2043e-05
0.000139501
1.2142e-05
0.000120721
1.18761e-05
0.000100829
1.13444e-05
8.05486e-05
1.06365e-05
6.03665e-05
9.81785e-06
4.05629e-05
8.92535e-06
2.12664e-05
7.96936e-06
2.51314e-06
6.93953e-06
-1.57075e-05
5.81289e-06
-3.34198e-05
4.56372e-06
-5.06405e-05
3.17568e-06
-6.73588e-05
1.65694e-06
-8.35057e-05
5.83765e-08
-9.88934e-05
-1.50908e-06
-0.000113109
-2.86599e-06
-0.000125353
-3.7805e-06
-0.000134243
-4.02593e-06
-0.000137658
-3.48403e-06
-0.000132726
-2.27123e-06
-0.000116095
-8.41249e-07
-8.44224e-05
-3.49063e-05
5.05702e-07
-3.34737e-05
1.16839e-06
-8.02348e-05
1.41034e-06
-0.000109733
9.74522e-07
-0.000125252
-1.09986e-07
-0.000130444
-1.63615e-06
-0.000128745
-3.33945e-06
-0.000122931
-4.98553e-06
-0.000114924
-6.41184e-06
-0.000105878
-7.53356e-06
-9.63817e-05
-8.32904e-06
-8.6686e-05
-8.81858e-06
-7.68707e-05
-9.04525e-06
-6.69521e-05
-9.06101e-06
-5.69331e-05
-8.91833e-06
-4.682e-05
-8.66582e-06
-3.66207e-05
-8.34646e-06
-2.63377e-05
-7.9971e-06
-1.59589e-05
-7.64836e-06
-5.45055e-06
-7.3244e-06
5.24642e-06
-7.04229e-06
1.62179e-05
-6.8106e-06
2.75733e-05
-6.6273e-06
3.94383e-05
-6.47713e-06
5.19412e-05
-6.32867e-06
6.51914e-05
-6.13212e-06
7.92483e-05
-5.81913e-06
9.40816e-05
-5.30628e-06
0.000109523
-4.50428e-06
0.000125221
-3.33366e-06
0.000140602
-1.74589e-06
0.000154874
2.54375e-07
0.000167071
2.59316e-06
0.000176161
5.12864e-06
0.000181213
7.66946e-06
0.000181585
1.00107e-05
0.000177061
1.19772e-05
0.000167896
1.34566e-05
0.000154752
1.44131e-05
0.000138544
1.48791e-05
0.000120255
1.49315e-05
0.000100777
1.46643e-05
8.08158e-05
1.41652e-05
6.08656e-05
1.35011e-05
4.1227e-05
1.27119e-05
2.20557e-05
1.18113e-05
3.41371e-06
1.07917e-05
-1.46879e-05
9.63104e-06
-3.22591e-05
8.30217e-06
-4.93116e-05
6.78423e-06
-6.58409e-05
5.07787e-06
-8.17994e-05
3.2241e-06
-9.70396e-05
1.32396e-06
-0.000111209
-4.47935e-07
-0.000123581
-1.85224e-06
-0.000132839
-2.63266e-06
-0.000136877
-2.61804e-06
-0.00013274
-1.85575e-06
-0.000116858
-7.31049e-07
-8.55471e-05
-3.56373e-05
3.93473e-07
-3.38672e-05
7.57859e-07
-8.05992e-05
5.73428e-07
-0.000109549
-3.47964e-07
-0.000124331
-1.91422e-06
-0.000128877
-3.87561e-06
-0.000126784
-5.94725e-06
-0.000120859
-7.89064e-06
-0.00011298
-9.54962e-06
-0.000104219
-1.08502e-05
-9.50812e-05
-1.17816e-05
-8.57545e-05
-1.23732e-05
-7.62791e-05
-1.26745e-05
-6.66508e-05
-1.27419e-05
-5.68657e-05
-1.26309e-05
-4.6931e-05
-1.23922e-05
-3.68594e-05
-1.20703e-05
-2.66596e-05
-1.17032e-05
-1.6326e-05
-1.1322e-05
-5.83172e-06
-1.09508e-05
4.87521e-06
-1.06056e-05
1.58727e-05
-1.02929e-05
2.72605e-05
-1.00073e-05
3.91528e-05
-9.72926e-06
5.16632e-05
-9.42218e-06
6.48843e-05
-9.03093e-06
7.8857e-05
-8.48246e-06
9.35331e-05
-7.69031e-06
0.000108731
-6.56472e-06
0.000124095
-5.02885e-06
0.000139066
-3.03972e-06
0.000152885
-6.09363e-07
0.00016464
2.18062e-06
0.000173371
5.18078e-06
0.000178213
8.19402e-06
0.000178572
1.10097e-05
0.000174246
1.3445e-05
0.000165461
1.53779e-05
0.000152819
1.67609e-05
0.000137161
1.76144e-05
0.000119402
1.80052e-05
0.000100386
1.8021e-05
8.08e-05
1.77467e-05
6.11399e-05
1.72497e-05
4.17239e-05
1.65727e-05
2.27327e-05
1.57329e-05
4.25353e-06
1.47258e-05
-1.36808e-05
1.35312e-05
-3.10645e-05
1.21216e-05
-4.7902e-05
1.04729e-05
-6.41923e-05
8.57945e-06
-7.99059e-05
6.47278e-06
-9.49329e-05
4.24414e-06
-0.00010898
2.06179e-06
-0.000121398
1.69201e-07
-0.000130946
-1.15376e-06
-0.000135554
-1.68489e-06
-0.000132209
-1.3998e-06
-0.000117143
-6.07035e-07
-8.63398e-05
-3.62443e-05
2.67678e-07
-3.41349e-05
3.07629e-07
-8.06392e-05
-3.29886e-07
-0.000108911
-1.75703e-06
-0.000122904
-3.81919e-06
-0.000126815
-6.22728e-06
-0.000124376
-8.6781e-06
-0.000118408
-1.09316e-05
-0.000110727
-1.28391e-05
-0.000102311
-1.43373e-05
-9.35829e-05
-1.54254e-05
-8.46664e-05
-1.61402e-05
-7.55643e-05
-1.65365e-05
-6.62545e-05
-1.66741e-05
-5.67281e-05
-1.66108e-05
-4.69943e-05
-1.63988e-05
-3.70714e-05
-1.60839e-05
-2.69745e-05
-1.5705e-05
-1.67049e-05
-1.52938e-05
-6.24295e-06
-1.48742e-05
4.45559e-06
-1.44612e-05
1.54598e-05
-1.40595e-05
2.68588e-05
-1.36606e-05
3.87538e-05
-1.32408e-05
5.12435e-05
-1.27591e-05
6.44025e-05
-1.21554e-05
7.82534e-05
-1.13529e-05
9.27307e-05
-1.02631e-05
0.000107641
-8.79651e-06
0.000122629
-6.87971e-06
0.00013715
-4.4755e-06
0.000150481
-1.60315e-06
0.000161768
1.64887e-06
0.000170119
5.12447e-06
0.000174737
8.62161e-06
0.000175075
1.19246e-05
0.000170943
1.48439e-05
0.000162541
1.72476e-05
0.000150416
1.90762e-05
0.000135333
2.03374e-05
0.000118141
2.10871e-05
9.9636e-05
2.14052e-05
8.0482e-05
2.13727e-05
6.11724e-05
2.10568e-05
4.20398e-05
2.05022e-05
2.32873e-05
1.97295e-05
5.0262e-06
1.87378e-05
-1.2689e-05
1.75095e-05
-2.98362e-05
1.60179e-05
-4.64104e-05
1.4237e-05
-6.24114e-05
1.21559e-05
-7.78248e-05
9.79777e-06
-9.25748e-05
7.24361e-06
-0.000106426
4.65417e-06
-0.000118809
2.27503e-06
-0.000128567
4.05247e-07
-0.000133685
-6.86966e-07
-0.000131117
-9.0385e-07
-0.000116926
-4.69005e-07
-8.67747e-05
-3.67133e-05
1.27549e-07
-3.42624e-05
-1.83044e-07
-8.03286e-05
-1.29865e-06
-0.000107796
-3.25063e-06
-0.000120952
-5.82295e-06
-0.000124243
-8.68926e-06
-0.000121509
-1.15317e-05
-0.000115566
-1.41108e-05
-0.000108148
-1.62863e-05
-0.000100136
-1.80047e-05
-9.18645e-05
-1.92737e-05
-8.33975e-05
-2.01361e-05
-7.47019e-05
-2.06506e-05
-6.574e-05
-2.08793e-05
-5.64994e-05
-2.08815e-05
-4.69922e-05
-2.07105e-05
-3.72424e-05
-2.04132e-05
-2.72718e-05
-2.00292e-05
-1.70889e-05
-1.95906e-05
-6.68154e-06
-1.91213e-05
3.98628e-06
-1.86354e-05
1.49739e-05
-1.81357e-05
2.63591e-05
-1.7611e-05
3.82291e-05
-1.7034e-05
5.06664e-05
-1.63594e-05
6.37278e-05
-1.55234e-05
7.74174e-05
-1.44462e-05
9.16535e-05
-1.30381e-05
0.000106233
-1.12112e-05
0.000120802
-8.89603e-06
0.000134834
-6.06161e-06
0.000147647
-2.73424e-06
0.000158441
9.9117e-07
0.000166393
4.95306e-06
0.000170775
8.94518e-06
0.000171083
1.27477e-05
0.00016714
1.61648e-05
0.000159124
1.90553e-05
0.000147525
2.13474e-05
0.000133041
2.30358e-05
0.000116452
2.41645e-05
9.85074e-05
2.48043e-05
7.98422e-05
2.50314e-05
6.09453e-05
2.49115e-05
4.21598e-05
2.44906e-05
2.37081e-05
2.37926e-05
5.7242e-06
2.28201e-05
-1.17166e-05
2.1559e-05
-2.8575e-05
1.99842e-05
-4.48356e-05
1.80693e-05
-6.04966e-05
1.57995e-05
-7.55549e-05
1.31905e-05
-8.99658e-05
1.03136e-05
-0.000103549
7.32063e-06
-0.000115816
4.45645e-06
-0.000125703
2.03702e-06
-0.000131265
3.72126e-07
-0.000129452
-3.68777e-07
-0.000116185
-3.16851e-07
-8.68266e-05
-3.70302e-05
-2.7255e-08
-3.42352e-05
-7.13183e-07
-7.96426e-05
-2.32984e-06
-0.000106179
-4.82396e-06
-0.000118457
-7.91874e-06
-0.000121148
-1.12544e-05
-0.000118174
-1.45022e-05
-0.000112318
-1.7425e-05
-0.000105225
-1.9891e-05
-9.76696e-05
-2.18555e-05
-8.99001e-05
-2.33327e-05
-8.19203e-05
-2.43698e-05
-7.36647e-05
-2.5028e-05
-6.50818e-05
-2.53706e-05
-5.61568e-05
-2.54577e-05
-4.69051e-05
-2.53434e-05
-3.73567e-05
-2.50752e-05
-2.754e-05
-2.46934e-05
-1.74707e-05
-2.42305e-05
-7.14442e-06
-2.37102e-05
3.46599e-06
-2.31459e-05
1.44096e-05
-2.25385e-05
2.57517e-05
-2.18744e-05
3.7565e-05
-2.1123e-05
4.99151e-05
-2.02357e-05
6.28405e-05
-1.91457e-05
7.63274e-05
-1.77712e-05
9.0279e-05
-1.60226e-05
0.000104485
-1.38145e-05
0.000118594
-1.10823e-05
0.000132102
-7.80173e-06
0.000144366
-4.00596e-06
0.000154645
2.04108e-07
0.000162183
4.66252e-06
0.000166317
9.15955e-06
0.000166586
1.34722e-05
0.000162827
1.7399e-05
0.000155197
2.07902e-05
0.000144134
2.35619e-05
0.000130269
2.56954e-05
0.000114319
2.7222e-05
9.69808e-05
2.82026e-05
7.88616e-05
2.8707e-05
6.04408e-05
2.87985e-05
4.20684e-05
2.85236e-05
2.39829e-05
2.7909e-05
6.33885e-06
2.69609e-05
-1.07685e-05
2.56687e-05
-2.72828e-05
2.40102e-05
-4.31772e-05
2.19597e-05
-5.84461e-05
1.94999e-05
-7.30951e-05
1.66404e-05
-8.71063e-05
1.34433e-05
-0.000100352
1.00509e-05
-0.000112423
6.70483e-06
-0.000122357
3.73394e-06
-0.000128294
1.48719e-06
-0.000127205
2.03747e-07
-0.000114902
-1.50639e-07
-8.64722e-05
-3.71808e-05
-1.96384e-07
-3.40388e-05
-1.28034e-06
-7.85587e-05
-3.41792e-06
-0.000104041
-6.46765e-06
-0.000115408
-1.00945e-05
-0.000117521
-1.39097e-05
-0.000114358
-1.7577e-05
-0.000108651
-2.08634e-05
-0.000101939
-2.36449e-05
-9.48881e-05
-2.58837e-05
-8.76613e-05
-2.75989e-05
-8.0205e-05
-2.88402e-05
-7.24234e-05
-2.96695e-05
-6.42526e-05
-3.01504e-05
-5.56759e-05
-3.03431e-05
-4.67123e-05
-3.03023e-05
-3.73975e-05
-3.00758e-05
-2.77665e-05
-2.97043e-05
-1.78422e-05
-2.92206e-05
-7.62808e-06
-2.86483e-05
2.89363e-06
-2.79997e-05
1.3761e-05
-2.72743e-05
2.50263e-05
-2.64563e-05
3.67469e-05
-2.55124e-05
4.89712e-05
-2.43913e-05
6.17194e-05
-2.30241e-05
7.49602e-05
-2.13285e-05
8.85833e-05
-1.92161e-05
0.000102372
-1.66052e-05
0.000115983
-1.34369e-05
0.000128934
-9.6941e-06
0.000140623
-5.41692e-06
0.000150368
-7.11847e-07
0.000157478
4.25183e-06
0.000161353
9.26175e-06
0.000161576
1.40926e-05
0.000157997
1.85384e-05
0.000150752
2.24412e-05
0.000140231
2.57058e-05
0.000127004
2.82998e-05
0.000111725
3.02414e-05
9.50392e-05
3.15804e-05
7.75226e-05
3.23795e-05
5.96418e-05
3.26979e-05
4.17499e-05
3.25822e-05
2.40987e-05
3.20606e-05
6.86042e-06
3.11431e-05
-9.85095e-06
2.9823e-05
-2.59628e-05
2.80815e-05
-4.14357e-05
2.58946e-05
-5.62591e-05
2.32439e-05
-7.04444e-05
2.01344e-05
-8.39968e-05
1.66197e-05
-9.68373e-05
1.28326e-05
-0.000108636
9.00934e-06
-0.000118534
5.48803e-06
-0.000124773
2.65255e-06
-0.00012437
8.10955e-07
-0.00011306
2.93259e-08
-8.56906e-05
-3.71515e-05
-3.78821e-07
-3.366e-05
-1.88028e-06
-7.70572e-05
-4.55365e-06
-0.000101368
-8.16745e-06
-0.000111794
-1.23321e-05
-0.000113357
-1.66351e-05
-0.000110055
-2.07357e-05
-0.00010455
-2.44063e-05
-9.8268e-05
-2.75296e-05
-9.17648e-05
-3.0073e-05
-8.51179e-05
-3.20579e-05
-7.82201e-05
-3.35342e-05
-7.09471e-05
-3.45633e-05
-6.32235e-05
-3.52081e-05
-5.50311e-05
-3.55285e-05
-4.6392e-05
-3.55788e-05
-3.73471e-05
-3.54073e-05
-2.7938e-05
-3.5055e-05
-1.81946e-05
-3.45546e-05
-8.12848e-06
-3.39293e-05
2.26834e-06
-3.31908e-05
1.30225e-05
-3.23369e-05
2.41725e-05
-3.135e-05
3.57601e-05
-3.01948e-05
4.7816e-05
-2.88181e-05
6.03427e-05
-2.71501e-05
7.32922e-05
-2.51091e-05
8.65423e-05
-2.26093e-05
9.98726e-05
-1.9574e-05
0.000112947
-1.59512e-05
0.000125311
-1.17309e-05
0.000136403
-6.96064e-06
0.000145597
-1.75191e-06
0.000152269
3.72338e-06
0.000155878
9.25134e-06
0.000156048
1.46052e-05
0.000152643
1.95757e-05
0.000145781
2.39974e-05
0.000135809
2.77644e-05
0.000123237
3.08309e-05
0.000108658
3.32017e-05
9.26684e-05
3.4915e-05
7.58093e-05
3.60246e-05
5.85321e-05
3.65852e-05
4.11893e-05
3.66417e-05
2.40422e-05
3.62239e-05
7.27826e-06
3.53446e-05
-8.9717e-06
3.40013e-05
-2.46194e-05
3.21789e-05
-3.96133e-05
2.98561e-05
-5.39363e-05
2.70147e-05
-6.76031e-05
2.36564e-05
-8.06385e-05
1.98275e-05
-9.30084e-05
1.56511e-05
-0.00010446
1.13572e-05
-0.00011424
7.28923e-06
-0.000120705
3.86194e-06
-0.000120943
1.44961e-06
-0.000110648
2.22286e-07
-8.44633e-05
-3.69292e-05
-5.72891e-07
-3.30871e-05
-2.50642e-06
-7.51237e-05
-5.72385e-06
-9.81505e-05
-9.90378e-06
-0.000107614
-1.46071e-05
-0.000108653
-1.94025e-05
-0.00010526
-2.39487e-05
-0.000100004
-2.80237e-05
-9.41929e-05
-3.15157e-05
-8.82728e-05
-3.43946e-05
-8.2239e-05
-3.66815e-05
-7.59332e-05
-3.84247e-05
-6.92039e-05
-3.96833e-05
-6.19649e-05
-4.05185e-05
-5.41958e-05
-4.09891e-05
-4.59214e-05
-4.11492e-05
-3.71871e-05
-4.10468e-05
-2.80405e-05
-4.07229e-05
-1.85184e-05
-4.02104e-05
-8.64104e-06
-3.95318e-05
1.58973e-06
-3.86978e-05
1.21886e-05
-3.77052e-05
2.31799e-05
-3.65347e-05
3.45895e-05
-3.51494e-05
4.64307e-05
-3.34954e-05
5.86887e-05
-3.15032e-05
7.13e-05
-2.90929e-05
8.4132e-05
-2.61831e-05
9.69628e-05
-2.27031e-05
0.000109467
-1.86085e-05
0.000121217
-1.38977e-05
0.000131692
-8.62502e-06
0.000140325
-2.90676e-06
0.000146551
3.08326e-06
0.000149888
9.1307e-06
0.000150001
1.50084e-05
0.000146765
2.05046e-05
0.000140285
2.5448e-05
0.000130866
2.97223e-05
0.000118963
3.32693e-05
0.000105111
3.60799e-05
8.98578e-05
3.818e-05
7.37092e-05
3.96142e-05
5.7098e-05
4.0431e-05
4.03725e-05
4.06729e-05
2.38003e-05
4.03701e-05
7.58109e-06
3.9538e-05
-8.13961e-06
3.81778e-05
-2.32592e-05
3.62785e-05
-3.77141e-05
3.38221e-05
-5.14799e-05
3.07917e-05
-6.45727e-05
2.7187e-05
-7.70338e-05
2.30481e-05
-8.88696e-05
1.84895e-05
-9.99012e-05
1.37332e-05
-0.000109484
9.12553e-06
-0.000116097
5.10736e-06
-0.000116925
2.11592e-06
-0.000107656
4.27184e-07
-8.27745e-05
-3.6502e-05
-7.7597e-07
-3.23111e-05
-3.14963e-06
-7.275e-05
-6.91126e-06
-9.43889e-05
-1.16515e-05
-0.000102874
-1.68876e-05
-0.000103417
-2.21755e-05
-9.9972e-05
-2.71762e-05
-9.50033e-05
-3.16737e-05
-8.96954e-05
-3.556e-05
-8.43866e-05
-3.88047e-05
-7.89943e-05
-4.14261e-05
-7.33118e-05
-4.34682e-05
-6.71618e-05
-4.49863e-05
-6.04468e-05
-4.60389e-05
-5.31433e-05
-4.66829e-05
-4.52773e-05
-4.69718e-05
-3.68983e-05
-4.69531e-05
-2.80591e-05
-4.66678e-05
-1.88037e-05
-4.61483e-05
-9.16059e-06
-4.54166e-05
8.57992e-07
-4.44824e-05
1.12544e-05
-4.33413e-05
2.20389e-05
-4.19729e-05
3.32211e-05
-4.03398e-05
4.47976e-05
-3.83879e-05
5.67368e-05
-3.60494e-05
6.89615e-05
-3.32479e-05
8.13306e-05
-2.99075e-05
9.36223e-05
-2.59649e-05
0.000105525
-2.13844e-05
0.000116636
-1.61731e-05
0.000126481
-1.03921e-05
0.000134544
-4.16229e-06
0.000140321
2.34138e-06
0.000143384
8.90514e-06
0.000143437
1.53025e-05
0.000140368
2.13205e-05
0.000134267
2.67828e-05
0.000125404
3.15642e-05
0.000114182
3.55942e-05
0.000101081
3.88505e-05
8.66015e-05
4.13465e-05
7.12132e-05
4.31163e-05
5.53282e-05
4.42016e-05
3.92872e-05
4.46413e-05
2.33606e-05
4.44651e-05
7.75735e-06
4.36902e-05
-7.36473e-06
4.23212e-05
-2.18902e-05
4.03512e-05
-3.57441e-05
3.77656e-05
-4.88944e-05
3.45498e-05
-6.13568e-05
3.07026e-05
-7.31865e-05
2.62597e-05
-8.44267e-05
2.13273e-05
-9.49688e-05
1.61195e-05
-0.000104276
1.09826e-05
-0.00011096
6.37904e-06
-0.000112321
2.80493e-06
-0.000104082
6.42776e-07
-8.06124e-05
-3.58593e-05
-9.84463e-07
-3.13267e-05
-3.79829e-06
-6.99362e-05
-8.09453e-06
-9.00926e-05
-1.33798e-05
-9.75884e-05
-1.91349e-05
-9.7662e-05
-2.49084e-05
-9.41985e-05
-3.03671e-05
-8.95446e-05
-3.53012e-05
-8.47613e-05
-3.96043e-05
-8.00835e-05
-4.32431e-05
-7.53554e-05
-4.623e-05
-7.03249e-05
-4.86023e-05
-6.47895e-05
-5.04098e-05
-5.86393e-05
-5.17069e-05
-5.18462e-05
-5.25481e-05
-4.44361e-05
-5.29853e-05
-3.6461e-05
-5.30657e-05
-2.79787e-05
-5.28297e-05
-1.90397e-05
-5.23091e-05
-9.6812e-06
-5.15253e-05
7.41756e-08
-5.04871e-05
1.02162e-05
-4.91891e-05
2.07409e-05
-4.76102e-05
3.16422e-05
-4.57131e-05
4.29004e-05
-4.3445e-05
5.44687e-05
-4.07409e-05
6.62574e-05
-3.75292e-05
7.81189e-05
-3.37411e-05
8.98342e-05
-2.9322e-05
0.000101106
-2.42459e-05
0.00011156
-1.85285e-05
0.000120763
-1.22382e-05
0.000128253
-5.49964e-06
0.000133583
1.51149e-06
0.000136373
8.58303e-06
0.000136365
1.54902e-05
0.00013346
2.202e-05
0.000127737
2.79924e-05
0.000119431
3.32745e-05
0.0001089
3.77845e-05
9.65711e-05
4.14872e-05
8.28988e-05
4.43833e-05
6.83171e-05
4.64962e-05
5.32153e-05
4.78598e-05
3.79236e-05
4.85084e-05
2.2712e-05
4.84701e-05
7.79563e-06
4.77633e-05
-6.65789e-06
4.63951e-05
-2.0522e-05
4.43624e-05
-3.37114e-05
4.16544e-05
-4.61863e-05
3.82589e-05
-5.79614e-05
3.41753e-05
-6.91029e-05
2.94361e-05
-7.96875e-05
2.41408e-05
-8.96735e-05
1.84952e-05
-9.86301e-05
1.28434e-05
-0.000105309
7.6651e-06
-0.000107143
3.51035e-06
-9.99274e-05
8.67306e-07
-7.79693e-05
-3.4992e-05
-1.19384e-06
-3.01328e-05
-4.43847e-06
-6.66916e-05
-9.24868e-06
-8.52824e-05
-1.50529e-05
-9.17842e-05
-2.13029e-05
-9.14121e-05
-2.75465e-05
-8.79549e-05
-3.34588e-05
-8.36323e-05
-3.88366e-05
-7.93835e-05
-4.35735e-05
-7.53466e-05
-4.76306e-05
-7.12984e-05
-5.10112e-05
-6.69443e-05
-5.37436e-05
-6.20571e-05
-5.58697e-05
-5.65131e-05
-5.74385e-05
-5.02775e-05
-5.85009e-05
-4.33737e-05
-5.91069e-05
-3.5855e-05
-5.93025e-05
-2.77831e-05
-5.91274e-05
-1.92148e-05
-5.86128e-05
-1.01958e-05
-5.77793e-05
-7.59376e-07
-5.66347e-05
9.07167e-06
-5.51733e-05
1.92795e-05
-5.33737e-05
2.98426e-05
-5.11996e-05
4.07262e-05
-4.86004e-05
5.18695e-05
-4.55154e-05
6.31724e-05
-4.18794e-05
7.44829e-05
-3.76317e-05
8.55866e-05
-3.27278e-05
9.62018e-05
-2.71516e-05
0.000105984
-2.09286e-05
0.00011454
-1.41337e-05
0.000121459
-6.89535e-06
0.000126344
6.11029e-07
0.000128867
8.17566e-06
0.000128801
1.55765e-05
0.00012606
2.26017e-05
0.000120712
2.90688e-05
0.000112964
3.48385e-05
0.00010313
3.98189e-05
9.15907e-05
4.39626e-05
7.87551e-05
4.72579e-05
6.50219e-05
4.9717e-05
5.07561e-05
5.13654e-05
3.62752e-05
5.22319e-05
2.18455e-05
5.23422e-05
7.68536e-06
5.17145e-05
-6.03016e-06
5.03579e-05
-1.91655e-05
4.82723e-05
-3.16258e-05
4.54504e-05
-4.33644e-05
4.18832e-05
-5.43942e-05
3.75714e-05
-6.47911e-05
3.25461e-05
-7.46623e-05
2.69014e-05
-8.40288e-05
2.08352e-05
-9.2564e-05
1.46878e-05
-9.91611e-05
8.95131e-06
-0.000101406
4.22444e-06
-9.52005e-05
1.09846e-06
-7.48434e-05
-3.38935e-05
-1.39881e-06
-2.8734e-05
-5.05446e-06
-6.30359e-05
-1.03459e-05
-7.9991e-05
-1.66307e-05
-8.54994e-05
-2.33397e-05
-8.47031e-05
-3.00259e-05
-8.12687e-05
-3.63764e-05
-7.72818e-05
-4.21951e-05
-7.35647e-05
-4.73744e-05
-7.01673e-05
-5.18671e-05
-6.68057e-05
-5.5665e-05
-6.31464e-05
-5.87844e-05
-5.89377e-05
-6.12573e-05
-5.40402e-05
-6.3125e-05
-4.84098e-05
-6.44335e-05
-4.20652e-05
-6.52298e-05
-3.50587e-05
-6.55583e-05
-2.74546e-05
-6.54575e-05
-1.93156e-05
-6.49577e-05
-1.06956e-05
-6.40788e-05
-1.63826e-06
-6.28282e-05
7.82108e-06
-6.11998e-05
1.7651e-05
-5.91729e-05
2.78157e-05
-5.67129e-05
3.82662e-05
-5.37728e-05
4.89294e-05
-5.02973e-05
5.9697e-05
-4.6229e-05
7.04146e-05
-4.15166e-05
8.08742e-05
-3.61263e-05
9.08116e-05
-3.00532e-05
9.99108e-05
-2.33319e-05
0.000107819
-1.60444e-05
0.000114171
-8.32182e-06
0.000118622
-3.39194e-07
0.000120884
7.69707e-06
0.000120764
1.55686e-05
0.000118188
2.30658e-05
0.000113215
3.00053e-05
0.000106025
3.62425e-05
9.68926e-05
4.16769e-05
8.61564e-05
4.62496e-05
7.41823e-05
4.9937e-05
6.13345e-05
5.27404e-05
4.79527e-05
5.46762e-05
3.43394e-05
5.57669e-05
2.07548e-05
5.60346e-05
7.41765e-06
5.54965e-05
-5.49204e-06
5.41625e-05
-1.78315e-05
5.20348e-05
-2.94981e-05
4.91092e-05
-4.04388e-05
4.53801e-05
-5.06651e-05
4.08507e-05
-6.02617e-05
3.55523e-05
-6.93639e-05
2.95751e-05
-7.80516e-05
2.31102e-05
-8.6099e-05
1.64918e-05
-9.25428e-05
1.02207e-05
-9.51352e-05
4.93776e-06
-8.99175e-05
1.33326e-06
-7.12389e-05
-3.25602e-05
-1.59356e-06
-2.71405e-05
-5.62956e-06
-5.89999e-05
-1.13568e-05
-7.42638e-05
-1.80705e-05
-7.87856e-05
-2.51885e-05
-7.75851e-05
-3.22755e-05
-7.41817e-05
-3.90341e-05
-7.05231e-05
-4.52769e-05
-6.73219e-05
-5.08946e-05
-6.45496e-05
-5.58302e-05
-6.18701e-05
-6.00617e-05
-5.8915e-05
-6.35907e-05
-5.54086e-05
-6.64365e-05
-5.11945e-05
-6.86303e-05
-4.6216e-05
-7.02112e-05
-4.04842e-05
-7.12217e-05
-3.40482e-05
-7.17033e-05
-2.6973e-05
-7.1693e-05
-1.93259e-05
-7.122e-05
-1.11686e-05
-7.03036e-05
-2.55467e-06
-6.89509e-05
6.46844e-06
-6.71563e-05
1.58564e-05
-6.49004e-05
2.55598e-05
-6.21514e-05
3.55173e-05
-5.88671e-05
4.56451e-05
-5.49989e-05
5.58287e-05
-5.0498e-05
6.59137e-05
-4.53241e-05
7.57002e-05
-3.94546e-05
8.49421e-05
-3.28958e-05
9.3352e-05
-2.56919e-05
0.000100615
-1.79314e-05
0.00010641
-9.74804e-06
0.000110438
-1.31555e-06
0.000112452
7.16365e-06
0.000112285
1.54758e-05
0.000109876
2.34146e-05
0.000105276
3.07968e-05
9.86425e-05
3.74743e-05
9.02151e-05
4.33388e-05
8.02918e-05
4.83217e-05
6.91995e-05
5.23878e-05
5.72684e-05
5.55277e-05
4.48128e-05
5.77485e-05
3.21186e-05
5.90658e-05
1.94375e-05
5.9497e-05
6.98643e-06
5.90571e-05
-5.05213e-06
5.77558e-05
-1.65302e-05
5.55966e-05
-2.73389e-05
5.25782e-05
-3.74204e-05
4.86986e-05
-4.67854e-05
4.39645e-05
-5.55277e-05
3.84092e-05
-6.38086e-05
3.21211e-05
-7.17635e-05
2.52848e-05
-7.92627e-05
1.82274e-05
-8.54854e-05
1.14534e-05
-8.83611e-05
5.63906e-06
-8.41032e-05
1.56807e-06
-6.71679e-05
-3.09922e-05
-1.77223e-06
-2.53682e-05
-6.14725e-06
-5.46249e-05
-1.22522e-05
-6.81589e-05
-1.93291e-05
-7.17087e-05
-2.67905e-05
-7.01237e-05
-3.42187e-05
-6.67535e-05
-4.13366e-05
-6.34052e-05
-4.7968e-05
-6.06906e-05
-5.40029e-05
-5.85147e-05
-5.93743e-05
-5.64986e-05
-6.40447e-05
-5.42446e-05
-6.79989e-05
-5.14545e-05
-7.12403e-05
-4.79531e-05
-7.37872e-05
-4.36691e-05
-7.5669e-05
-3.86025e-05
-7.69211e-05
-3.27961e-05
-7.75807e-05
-2.63134e-05
-7.7682e-05
-1.92246e-05
-7.72531e-05
-1.15975e-05
-7.63125e-05
-3.49528e-06
-7.48676e-05
5.02357e-06
-7.29138e-05
1.39026e-05
-7.04342e-05
2.30802e-05
-6.74008e-05
3.24839e-05
-6.37772e-05
4.20216e-05
-5.95228e-05
5.15743e-05
-5.45987e-05
6.09896e-05
-4.89758e-05
7.00773e-05
-4.26437e-05
7.861e-05
-3.56201e-05
8.63284e-05
-2.79585e-05
9.29536e-05
-1.97534e-05
9.82054e-05
-1.11407e-05
0.000101826
-2.29238e-06
0.000103604
6.5937e-06
0.000103399
1.53092e-05
0.00010116
2.36519e-05
9.69334e-05
3.144e-05
9.08543e-05
3.8523e-05
8.31321e-05
4.47868e-05
7.40281e-05
5.01535e-05
6.38327e-05
5.45779e-05
5.2844e-05
5.804e-05
4.13507e-05
6.05375e-05
2.96211e-05
6.20783e-05
1.78967e-05
6.26746e-05
6.39017e-06
6.23378e-05
-4.71538e-06
6.10765e-05
-1.52689e-05
5.88948e-05
-2.51572e-05
5.57938e-05
-3.43195e-05
5.17759e-05
-4.27675e-05
4.68528e-05
-5.06045e-05
4.10614e-05
-5.80171e-05
3.449e-05
-6.5192e-05
2.73174e-05
-7.20901e-05
1.98617e-05
-7.80298e-05
1.26261e-05
-8.11255e-05
6.3152e-06
-7.77923e-05
1.79849e-06
-6.26512e-05
-2.91937e-05
-1.92952e-06
-2.34387e-05
-6.59274e-06
-4.99617e-05
-1.30057e-05
-6.17459e-05
-2.03659e-05
-6.43485e-05
-2.80877e-05
-6.24019e-05
-3.5777e-05
-5.90642e-05
-4.31823e-05
-5.59999e-05
-5.01427e-05
-5.37301e-05
-5.65508e-05
-5.21066e-05
-6.23309e-05
-5.07186e-05
-6.74296e-05
-4.91459e-05
-7.18134e-05
-4.70707e-05
-7.54672e-05
-4.42993e-05
-7.83928e-05
-4.07434e-05
-8.06061e-05
-3.63892e-05
-8.21325e-05
-3.12697e-05
-8.3002e-05
-2.5444e-05
-8.32444e-05
-1.89821e-05
-8.28854e-05
-1.19566e-05
-8.19427e-05
-4.43794e-06
-8.04244e-05
3.50532e-06
-7.83277e-05
1.18058e-05
-7.56391e-05
2.03915e-05
-7.23356e-05
2.91804e-05
-6.8388e-05
3.8074e-05
-6.37646e-05
4.69509e-05
-5.84373e-05
5.56623e-05
-5.23891e-05
6.40291e-05
-4.56219e-05
7.18428e-05
-3.81645e-05
7.88711e-05
-3.00797e-05
8.48687e-05
-2.14674e-05
8.95931e-05
-1.24652e-05
9.28234e-05
-3.24297e-06
9.43813e-05
6.00654e-06
9.41496e-05
1.50809e-05
9.2086e-05
2.37828e-05
8.82315e-05
3.19329e-05
8.27042e-05
3.93796e-05
7.56854e-05
4.60041e-05
6.74036e-05
5.17209e-05
5.81159e-05
5.64753e-05
4.80896e-05
6.02374e-05
3.75886e-05
6.29955e-05
2.6863e-05
6.47496e-05
1.61425e-05
6.55055e-05
5.63425e-06
6.52706e-05
-4.4805e-06
6.40514e-05
-1.40496e-05
6.18523e-05
-2.29581e-05
5.86774e-05
-3.11446e-05
5.45343e-05
-3.86244e-05
4.94412e-05
-4.55114e-05
4.34406e-05
-5.20165e-05
3.6622e-05
-5.83735e-05
2.91584e-05
-6.46265e-05
2.13564e-05
-7.02278e-05
1.37125e-05
-7.34816e-05
6.95126e-06
-7.10311e-05
2.01946e-06
-5.77194e-05
-2.71742e-05
-2.06135e-06
-2.13774e-05
-6.9546e-06
-4.50684e-05
-1.35959e-05
-5.51046e-05
-2.1146e-05
-5.67984e-05
-2.90269e-05
-5.4521e-05
-3.68743e-05
-5.12168e-05
-4.44679e-05
-4.84063e-05
-5.16687e-05
-4.65293e-05
-5.83767e-05
-4.53986e-05
-6.45113e-05
-4.4584e-05
-7.00053e-05
-4.36519e-05
-7.48062e-05
-4.22697e-05
-7.88784e-05
-4.02271e-05
-8.22039e-05
-3.7418e-05
-8.47807e-05
-3.38123e-05
-8.66198e-05
-2.94306e-05
-8.77403e-05
-2.43235e-05
-8.81647e-05
-1.85577e-05
-8.79142e-05
-1.22071e-05
-8.7005e-05
-5.34715e-06
-8.54457e-05
1.94602e-06
-8.32358e-05
9.59599e-06
-8.03663e-05
1.7522e-05
-7.68204e-05
2.56346e-05
-7.25771e-05
3.38307e-05
-6.76149e-05
4.19886e-05
-6.19172e-05
4.99647e-05
-5.54795e-05
5.75914e-05
-4.83161e-05
6.46794e-05
-4.0467e-05
7.1022e-05
-3.20035e-05
7.64052e-05
-2.30306e-05
8.06203e-05
-1.36873e-05
8.348e-05
-4.14073e-06
8.48347e-05
5.42153e-06
8.45874e-05
1.48033e-05
8.27042e-05
2.38129e-05
7.9222e-05
3.22741e-05
7.4243e-05
4.00352e-05
6.79242e-05
4.69739e-05
6.04649e-05
5.29985e-05
5.20913e-05
5.80455e-05
4.30425e-05
6.20759e-05
3.35583e-05
6.50686e-05
2.38703e-05
6.70153e-05
1.41958e-05
6.79154e-05
4.73416e-06
6.77717e-05
-4.33678e-06
6.65886e-05
-1.28665e-05
6.43716e-05
-2.0741e-05
6.11288e-05
-2.79018e-05
5.68746e-05
-3.43703e-05
5.16359e-05
-4.02727e-05
4.54623e-05
-4.58429e-05
3.84449e-05
-5.13561e-05
3.07495e-05
-5.69312e-05
2.26678e-05
-6.2146e-05
1.46829e-05
-6.54967e-05
7.53082e-06
-6.3879e-05
2.2254e-06
-5.24139e-05
-2.49488e-05
-2.16568e-06
-1.92117e-05
-7.22657e-06
-4.00075e-05
-1.40093e-05
-4.83219e-05
-2.16437e-05
-4.9164e-05
-2.95643e-05
-4.66004e-05
-3.74419e-05
-4.33393e-05
-4.50947e-05
-4.07534e-05
-5.24131e-05
-3.9211e-05
-5.93122e-05
-3.84994e-05
-6.57127e-05
-3.81835e-05
-7.15379e-05
-3.78267e-05
-7.67183e-05
-3.70893e-05
-8.11969e-05
-3.57485e-05
-8.4933e-05
-3.36819e-05
-8.79026e-05
-3.08427e-05
-9.00971e-05
-2.72361e-05
-9.15198e-05
-2.29008e-05
-9.21813e-05
-1.78962e-05
-9.20952e-05
-1.22932e-05
-9.12737e-05
-6.16862e-06
-8.97252e-05
3.97446e-07
-8.74513e-05
7.32211e-06
-8.44478e-05
1.45185e-05
-8.07053e-05
2.18921e-05
-7.62121e-05
2.93374e-05
-7.09575e-05
3.6734e-05
-6.49375e-05
4.39447e-05
-5.81604e-05
5.08143e-05
-5.06529e-05
5.71719e-05
-4.24659e-05
6.28349e-05
-3.36788e-05
6.76181e-05
-2.44016e-05
7.13431e-05
-1.47739e-05
7.38524e-05
-4.96048e-06
7.50212e-05
4.8566e-06
7.47703e-05
1.44875e-05
7.30733e-05
2.37461e-05
6.99634e-05
3.246e-05
6.55291e-05
4.04782e-05
5.99061e-05
4.76757e-05
5.32674e-05
5.39555e-05
4.58116e-05
5.92464e-05
3.77516e-05
6.35005e-05
2.93042e-05
6.66879e-05
2.06828e-05
6.87925e-05
1.20912e-05
6.98071e-05
3.71956e-06
6.97308e-05
-4.26049e-06
6.85672e-05
-1.17029e-05
6.63246e-05
-1.84984e-05
6.30176e-05
-2.45948e-05
5.86701e-05
-3.00227e-05
5.33192e-05
-3.49218e-05
4.70224e-05
-3.95461e-05
3.98718e-05
-4.42055e-05
3.20229e-05
-4.90823e-05
2.37465e-05
-5.38696e-05
1.55052e-05
-5.72554e-05
8.03654e-06
-5.64103e-05
2.41053e-06
-4.67879e-05
-2.25383e-05
-2.24316e-06
-1.69685e-05
-7.40878e-06
-3.48419e-05
-1.42416e-05
-4.14891e-05
-2.18446e-05
-4.1561e-05
-2.96684e-05
-3.87766e-05
-3.74239e-05
-3.55838e-05
-4.49753e-05
-3.3202e-05
-5.22514e-05
-3.19349e-05
-5.91922e-05
-3.15586e-05
-6.57286e-05
-3.16471e-05
-7.17812e-05
-3.1774e-05
-7.72679e-05
-3.16027e-05
-8.21119e-05
-3.09045e-05
-8.62486e-05
-2.95452e-05
-8.96288e-05
-2.74625e-05
-9.22195e-05
-2.46454e-05
-9.40022e-05
-2.1118e-05
-9.497e-05
-1.69283e-05
-9.51238e-05
-1.21395e-05
-9.44679e-05
-6.82454e-06
-9.30073e-05
-1.06311e-06
-9.07449e-05
5.05969e-06
-8.76807e-05
1.14543e-05
-8.38127e-05
1.80241e-05
-7.91389e-05
2.46636e-05
-7.36605e-05
3.12556e-05
-6.73863e-05
3.76705e-05
-6.03377e-05
4.37658e-05
-5.2554e-05
4.93882e-05
-4.40969e-05
5.43778e-05
-3.50538e-05
5.85749e-05
-2.55393e-05
6.18286e-05
-1.56938e-05
6.40069e-05
-5.67954e-06
6.5007e-05
4.32624e-06
6.47645e-05
1.41398e-05
6.32598e-05
2.35804e-05
6.05227e-05
3.24796e-05
5.66299e-05
4.06872e-05
5.16984e-05
4.80764e-05
4.58781e-05
5.45452e-05
3.93429e-05
6.00156e-05
3.22812e-05
6.44316e-05
2.48882e-05
6.77553e-05
1.7359e-05
6.99636e-05
9.88286e-06
7.10447e-05
2.63847e-06
7.0996e-05
-4.21176e-06
6.98232e-05
-1.05301e-05
6.75408e-05
-1.62161e-05
6.41737e-05
-2.12277e-05
5.97581e-05
-2.56071e-05
5.43432e-05
-2.95069e-05
4.79938e-05
-3.31967e-05
4.07996e-05
-3.70113e-05
3.29002e-05
-4.11829e-05
2.45381e-05
-4.55075e-05
1.61454e-05
-4.88628e-05
8.45098e-06
-4.87159e-05
2.56932e-06
-4.09063e-05
-1.9969e-05
-2.29747e-06
-1.46711e-05
-7.50781e-06
-2.96316e-05
-1.42979e-05
-3.4699e-05
-2.17458e-05
-3.4113e-05
-2.93212e-05
-3.12013e-05
-3.67799e-05
-2.81251e-05
-4.40395e-05
-2.59424e-05
-5.10768e-05
-2.48976e-05
-5.78677e-05
-2.47678e-05
-6.43636e-05
-2.51511e-05
-7.04921e-05
-2.56455e-05
-7.61654e-05
-2.59294e-05
-8.12917e-05
-2.57782e-05
-8.5784e-05
-2.50529e-05
-8.95667e-05
-2.36798e-05
-9.25789e-05
-2.16332e-05
-9.47754e-05
-1.89216e-05
-9.61256e-05
-1.55782e-05
-9.66109e-05
-1.16541e-05
-9.62223e-05
-7.21321e-06
-9.49564e-05
-2.32898e-06
-9.28136e-05
2.91692e-06
-8.97961e-05
8.43674e-06
-8.59076e-05
1.41357e-05
-8.11554e-05
1.99114e-05
-7.55521e-05
2.56524e-05
-6.91196e-05
3.1238e-05
-6.18925e-05
3.65387e-05
-5.39228e-05
4.14184e-05
-4.52828e-05
4.57378e-05
-3.6068e-05
4.93602e-05
-2.6398e-05
5.21586e-05
-1.64145e-05
5.40233e-05
-6.27776e-06
5.48703e-05
3.83892e-06
5.46479e-05
1.37569e-05
5.33418e-05
2.33004e-05
5.09793e-05
3.23038e-05
4.76265e-05
4.0618e-05
4.33842e-05
4.81141e-05
3.8382e-05
5.46859e-05
3.27711e-05
6.02495e-05
2.67177e-05
6.47418e-05
2.03959e-05
6.81189e-05
1.39819e-05
7.03531e-05
7.64866e-06
7.14312e-05
1.56036e-06
7.13532e-05
-4.13376e-06
7.01318e-05
-9.30871e-06
6.77932e-05
-1.38774e-05
6.43766e-05
-1.78111e-05
5.99337e-05
-2.11642e-05
5.45261e-05
-2.40994e-05
4.82234e-05
-2.6894e-05
4.11071e-05
-2.98949e-05
3.32922e-05
-3.3368e-05
2.49823e-05
-3.71975e-05
1.65679e-05
-4.04484e-05
8.75727e-06
-4.09053e-05
2.6971e-06
-3.48461e-05
-1.72719e-05
-2.33483e-06
-1.23362e-05
-7.53437e-06
-2.4432e-05
-1.41877e-05
-2.80457e-05
-2.13502e-05
-2.69506e-05
-2.85133e-05
-2.40382e-05
-3.54829e-05
-2.11555e-05
-4.22364e-05
-1.91889e-05
-4.88076e-05
-1.83264e-05
-5.52183e-05
-1.83571e-05
-6.1452e-05
-1.89173e-05
-6.74536e-05
-1.9644e-05
-7.31391e-05
-2.02439e-05
-7.8409e-05
-2.05084e-05
-8.31592e-05
-2.03027e-05
-8.72902e-05
-1.95488e-05
-9.0713e-05
-1.82104e-05
-9.33526e-05
-1.62819e-05
-9.51499e-05
-1.37809e-05
-9.60611e-05
-1.07429e-05
-9.60561e-05
-7.21815e-06
-9.5117e-05
-3.26813e-06
-9.32354e-05
1.0353e-06
-9.04105e-05
5.61184e-06
-8.66483e-05
1.03735e-05
-8.19624e-05
1.52255e-05
-7.63752e-05
2.00651e-05
-6.992e-05
2.47828e-05
-6.26443e-05
2.9263e-05
-5.46122e-05
3.33862e-05
-4.59068e-05
3.70324e-05
-3.66321e-05
4.00856e-05
-2.69132e-05
4.24397e-05
-1.6894e-05
4.40042e-05
-6.73464e-06
4.47109e-05
3.39432e-06
4.45189e-05
1.33177e-05
4.34184e-05
2.28628e-05
4.14341e-05
3.18663e-05
3.8623e-05
4.01791e-05
3.50715e-05
4.76704e-05
3.08906e-05
5.42303e-05
2.62112e-05
5.977e-05
2.11779e-05
6.42224e-05
1.59435e-05
6.75405e-05
1.06639e-05
6.96966e-05
5.49254e-06
7.06817e-05
5.75292e-07
7.05046e-05
-3.95666e-06
6.91917e-05
-7.99587e-06
6.67868e-05
-1.14724e-05
6.33483e-05
-1.43725e-05
5.8945e-05
-1.6761e-05
5.36496e-05
-1.8804e-05
4.75309e-05
-2.07753e-05
4.06534e-05
-2.30175e-05
3.30964e-05
-2.5811e-05
2.50116e-05
-2.91127e-05
1.67344e-05
-3.21713e-05
8.93887e-06
-3.31097e-05
2.79032e-06
-2.86975e-05
-1.44816e-05
-2.36186e-06
-9.97436e-06
-7.49628e-06
-1.92976e-05
-1.3914e-05
-2.16279e-05
-2.06519e-05
-2.02127e-05
-2.72295e-05
-1.74605e-05
-3.35074e-05
-1.48777e-05
-3.95277e-05
-1.31686e-05
-4.53871e-05
-1.24669e-05
-5.11615e-05
-1.25827e-05
-5.68755e-05
-1.32033e-05
-6.2501e-05
-1.40185e-05
-6.7968e-05
-1.47768e-05
-7.31789e-05
-1.52975e-05
-7.80209e-05
-1.54606e-05
-8.23774e-05
-1.51923e-05
-8.61357e-05
-1.44522e-05
-8.91929e-05
-1.32247e-05
-9.14603e-05
-1.15135e-05
-9.2865e-05
-9.33829e-06
-9.33505e-05
-6.7326e-06
-9.28768e-05
-3.74191e-06
-9.14189e-05
-4.22576e-07
-8.89658e-05
3.15879e-06
-8.55193e-05
6.92704e-06
-8.10936e-05
1.07997e-05
-7.57159e-05
1.46874e-05
-6.9428e-05
1.84949e-05
-6.22872e-05
2.21222e-05
-5.43683e-05
2.54673e-05
-4.57647e-05
2.84288e-05
-3.65889e-05
3.09098e-05
-2.69722e-05
3.28229e-05
-1.70624e-05
3.40944e-05
-7.02102e-06
3.46695e-05
2.98151e-06
3.45164e-05
1.27712e-05
3.36287e-05
2.21768e-05
3.20285e-05
3.10353e-05
2.97646e-05
3.9197e-05
2.69097e-05
4.65297e-05
2.35579e-05
5.2921e-05
1.98199e-05
5.82805e-05
1.58184e-05
6.25407e-05
1.16834e-05
6.56571e-05
7.54748e-06
6.76088e-05
3.54081e-06
6.83983e-05
-2.14189e-07
6.8051e-05
-3.60935e-06
6.66142e-05
-6.55907e-06
6.41546e-05
-9.01286e-06
6.07528e-05
-1.09707e-05
5.64945e-05
-1.25027e-05
5.14589e-05
-1.37684e-05
4.57065e-05
-1.50229e-05
3.92739e-05
-1.65849e-05
3.21912e-05
-1.87283e-05
2.45443e-05
-2.14657e-05
1.65983e-05
-2.42253e-05
8.97657e-06
-2.5488e-05
2.846e-06
-2.2567e-05
-1.16356e-05
-2.37997e-06
-7.59439e-06
-7.38329e-06
-1.42943e-05
-1.34485e-05
-1.55627e-05
-1.96074e-05
-1.40539e-05
-2.54182e-05
-1.16497e-05
-3.08014e-05
-9.49444e-06
-3.58656e-05
-8.10445e-06
-4.07713e-05
-7.56122e-06
-4.56505e-05
-7.70358e-06
-5.05731e-05
-8.28069e-06
-5.55447e-05
-9.04688e-06
-6.05174e-05
-9.80414e-06
-6.54049e-05
-1.041e-05
-7.00967e-05
-1.07688e-05
-7.44696e-05
-1.08194e-05
-7.83969e-05
-1.05249e-05
-8.17558e-05
-9.86577e-06
-8.44329e-05
-8.83633e-06
-8.63282e-05
-7.44296e-06
-8.73577e-05
-5.70314e-06
-8.74548e-05
-3.64481e-06
-8.65714e-05
-1.30596e-06
-8.46782e-05
1.26553e-06
-8.1764e-05
4.01284e-06
-7.78353e-05
6.87105e-06
-7.29168e-05
9.76893e-06
-6.70514e-05
1.26296e-05
-6.03013e-05
1.53721e-05
-5.27476e-05
1.79137e-05
-4.44912e-05
2.01724e-05
-3.56518e-05
2.20705e-05
-2.63668e-05
2.35379e-05
-1.67889e-05
2.45165e-05
-7.08268e-06
2.49633e-05
2.57957e-06
2.48541e-05
1.2023e-05
2.41853e-05
2.10758e-05
2.29757e-05
2.95747e-05
2.12656e-05
3.73698e-05
1.91147e-05
4.43286e-05
1.65991e-05
5.034e-05
1.38085e-05
5.53166e-05
1.08418e-05
5.91968e-05
7.80317e-06
6.19464e-05
4.79791e-06
6.35591e-05
1.92807e-06
6.40568e-05
-7.11862e-07
6.34883e-05
-3.04089e-06
6.19271e-05
-4.99787e-06
5.94654e-05
-6.55112e-06
5.62051e-05
-7.71043e-06
5.22451e-05
-8.54273e-06
4.76647e-05
-9.18797e-06
4.25067e-05
-9.86489e-06
3.67688e-05
-1.0847e-05
3.04203e-05
-1.23798e-05
2.34676e-05
-1.45131e-05
1.60897e-05
-1.68474e-05
8.83882e-06
-1.82371e-05
2.85845e-06
-1.65866e-05
-8.7771e-06
-2.37227e-06
-5.22212e-06
-7.13701e-06
-9.52956e-06
-1.26883e-05
-1.00114e-05
-1.80829e-05
-8.65929e-06
-2.29365e-05
-6.79605e-06
-2.72346e-05
-5.19635e-06
-3.11479e-05
-4.19106e-06
-3.48935e-05
-3.81566e-06
-3.86519e-05
-3.94514e-06
-4.25342e-05
-4.3984e-06
-4.65789e-05
-5.00225e-06
-5.07635e-05
-5.61945e-06
-5.50209e-05
-6.1526e-06
-5.9253e-05
-6.53671e-06
-6.3343e-05
-6.72946e-06
-6.71644e-05
-6.7035e-06
-7.05883e-05
-6.4418e-06
-7.34894e-05
-5.93529e-06
-7.57502e-05
-5.18215e-06
-7.72656e-05
-4.18774e-06
-7.79456e-05
-2.96479e-06
-7.7718e-05
-1.53359e-06
-7.65304e-05
7.7913e-08
-7.43513e-05
1.83381e-06
-7.11711e-05
3.69084e-06
-6.7002e-05
5.59983e-06
-6.18789e-05
7.50645e-06
-5.58593e-05
9.35247e-06
-4.90233e-05
1.10776e-05
-4.14724e-05
1.26216e-05
-3.3329e-05
1.3927e-05
-2.47331e-05
1.49421e-05
-1.58404e-05
1.56238e-05
-6.8178e-06
1.59407e-05
2.16103e-06
1.58753e-05
1.09203e-05
1.5426e-05
1.92885e-05
1.46076e-05
2.71036e-05
1.34505e-05
3.42185e-05
1.19998e-05
4.05055e-05
1.03121e-05
4.58605e-05
8.45353e-06
5.02064e-05
6.49594e-06
5.34956e-05
4.51401e-06
5.57116e-05
2.58185e-06
5.68699e-05
7.69776e-07
5.70167e-05
-8.587e-07
5.6227e-05
-2.25116e-06
5.45994e-05
-3.37028e-06
5.22481e-05
-4.19982e-06
4.92907e-05
-4.75297e-06
4.58316e-05
-5.08367e-06
4.19423e-05
-5.29865e-06
3.76404e-05
-5.56297e-06
3.28783e-05
-6.08487e-06
2.75583e-05
-7.05983e-06
2.15999e-05
-8.55466e-06
1.50815e-05
-1.0329e-05
8.45764e-06
-1.16132e-05
2.8085e-06
-1.09375e-05
-5.96861e-06
-2.27876e-06
-2.94336e-06
-6.5947e-06
-5.21362e-06
-1.13752e-05
-5.23094e-06
-1.57627e-05
-4.27176e-06
-1.94579e-05
-3.10087e-06
-2.25123e-05
-2.14201e-06
-2.51435e-05
-1.55986e-06
-2.76026e-05
-1.3565e-06
-3.00979e-05
-1.44988e-06
-3.27643e-05
-1.73203e-06
-3.56627e-05
-2.10387e-06
-3.87926e-05
-2.48954e-06
-4.21082e-05
-2.83701e-06
-4.55324e-05
-3.11251e-06
-4.89677e-05
-3.29414e-06
-5.23041e-05
-3.36709e-06
-5.54249e-05
-3.32097e-06
-5.82115e-05
-3.14866e-06
-6.05477e-05
-2.84605e-06
-6.23231e-05
-2.41232e-06
-6.34374e-05
-1.85042e-06
-6.38035e-05
-1.16749e-06
-6.33504e-05
-3.75236e-07
-6.20263e-05
5.09718e-07
-5.98013e-05
1.46583e-06
-5.66683e-05
2.46685e-06
-5.26446e-05
3.48273e-06
-4.77724e-05
4.48026e-06
-4.21189e-05
5.42409e-06
-3.57755e-05
6.27815e-06
-2.88559e-05
7.00742e-06
-2.14938e-05
7.57993e-06
-1.38389e-05
7.96892e-06
-6.05302e-06
8.15477e-06
1.69564e-06
8.12664e-06
9.2381e-06
7.88353e-06
1.64105e-05
7.43513e-06
2.306e-05
6.80104e-06
2.90504e-05
6.00931e-06
3.42678e-05
5.09479e-06
3.86241e-05
4.09722e-06
4.2061e-05
3.05903e-06
4.45518e-05
2.0232e-06
4.61023e-05
1.0313e-06
4.67505e-05
1.21602e-07
4.65643e-05
-6.72523e-07
4.56378e-05
-1.32463e-06
4.40845e-05
-1.81702e-06
4.20282e-05
-2.14349e-06
3.95893e-05
-2.31403e-06
3.68672e-05
-2.36164e-06
3.39188e-05
-2.35021e-06
3.07352e-05
-2.37935e-06
2.7228e-05
-2.57763e-06
2.32409e-05
-3.07277e-06
1.8613e-05
-3.92673e-06
1.33162e-05
-5.03223e-06
7.67586e-06
-5.97289e-06
2.64048e-06
-5.90207e-06
-3.32813e-06
-1.94422e-06
-9.99142e-07
-5.39172e-06
-1.76612e-06
-8.96496e-06
-1.6577e-06
-1.20043e-05
-1.23241e-06
-1.43311e-05
-7.74076e-07
-1.60499e-05
-4.2323e-07
-1.7386e-05
-2.23713e-07
-1.85778e-05
-1.64726e-07
-1.98174e-05
-2.10307e-07
-2.123e-05
-3.1942e-07
-2.28766e-05
-4.57254e-07
-2.47671e-05
-5.99071e-07
-2.68748e-05
-7.29242e-07
-2.91489e-05
-8.38384e-07
-3.15225e-05
-9.20624e-07
-3.39177e-05
-9.71826e-07
-3.625e-05
-9.887e-07
-3.84302e-05
-9.68492e-07
-4.03672e-05
-9.08981e-07
-4.19709e-05
-8.08643e-07
-4.31544e-05
-6.66921e-07
-4.38374e-05
-4.84521e-07
-4.3949e-05
-2.63655e-07
-4.3431e-05
-8.19998e-09
-4.22413e-05
2.76122e-07
-4.03561e-05
5.8157e-07
-3.7772e-05
8.98719e-07
-3.45084e-05
1.2166e-06
-3.06073e-05
1.523e-06
-2.61341e-05
1.80496e-06
-2.11761e-05
2.04946e-06
-1.58405e-05
2.24425e-06
-1.02504e-05
2.37884e-06
-4.54095e-06
2.44533e-06
1.14622e-06
2.43948e-06
6.66794e-06
2.36181e-06
1.18872e-05
2.21587e-06
1.66798e-05
2.00844e-06
2.09385e-05
1.75057e-06
2.45779e-05
1.45544e-06
2.75375e-05
1.13758e-06
2.97845e-05
8.12031e-07
3.13143e-05
4.9346e-07
3.215e-05
1.95526e-07
3.23413e-05
-6.96439e-08
3.19608e-05
-2.91993e-07
3.11e-05
-4.63883e-07
2.98634e-05
-5.80379e-07
2.83598e-05
-6.39952e-07
2.66918e-05
-6.46029e-07
2.49398e-05
-6.0964e-07
2.31426e-05
-5.52943e-07
2.12754e-05
-5.12142e-07
1.92344e-05
-5.36681e-07
1.68419e-05
-6.8022e-07
1.38938e-05
-9.78648e-07
1.02732e-05
-1.41163e-06
6.14445e-06
-1.84416e-06
2.20657e-06
-1.96419e-06
-1.12155e-06
-9.99142e-07
-2.76526e-06
-4.42297e-06
-5.65538e-06
-6.42946e-06
-6.85269e-06
-7.0764e-06
-7.24113e-06
-7.45143e-06
-7.77085e-06
-8.22811e-06
-8.82718e-06
-9.55642e-06
-1.03948e-05
-1.13154e-05
-1.22873e-05
-1.3276e-05
-1.42444e-05
-1.51534e-05
-1.59621e-05
-1.6629e-05
-1.71135e-05
-1.73772e-05
-1.73854e-05
-1.71092e-05
-1.65277e-05
-1.5629e-05
-1.44124e-05
-1.28894e-05
-1.10844e-05
-9.03494e-06
-6.79068e-06
-4.41184e-06
-1.96651e-06
4.72965e-07
2.83478e-06
5.05065e-06
7.05908e-06
8.80965e-06
1.02651e-05
1.14027e-05
1.22147e-05
1.27082e-05
1.29037e-05
1.2834e-05
1.2542e-05
1.20782e-05
1.14978e-05
1.08578e-05
1.02118e-05
9.60217e-06
9.04922e-06
8.53708e-06
8.0004e-06
7.32018e-06
6.34153e-06
4.9299e-06
3.08574e-06
1.12155e-06
)
;

boundaryField
{
    bottomwall
    {
        type            calculated;
        value           uniform 0;
    }
    topwall
    {
        type            calculated;
        value           nonuniform List<scalar> 
60
(
2.11758e-22
0
0
0
0
0
0
0
0
0
-1.32349e-23
0
0
0
0
0
0
0
1.05879e-22
0
0
0
0
0
0
5.29396e-23
0
0
0
0
0
0
0
-5.29396e-23
0
0
0
0
0
0
0
-1.05879e-22
0
0
0
0
0
0
0
0
0
0
0
0
0
0
-2.11758e-22
0
0
0
)
;
    }
    coldwall
    {
        type            calculated;
        value           nonuniform List<scalar> 
48
(
0
0
0
0
1.05879e-22
1.05879e-22
0
0
0
0
0
0
0
0
0
0
0
0
0
0
0
0
0
0
0
0
0
0
0
0
0
0
0
0
0
0
8.47033e-22
0
0
0
0
0
0
0
0
0
0
0
)
;
    }
    radinlet
    {
        type            calculated;
        value           uniform 0;
    }
    hotwall
    {
        type            calculated;
        value           nonuniform List<scalar> 
60
(
0
0
0
0
0
1.05879e-22
1.05879e-22
0
0
0
0
0
0
0
0
0
0
0
0
0
0
0
0
0
0
0
0
0
-4.23516e-22
0
0
0
0
0
0
0
0
0
0
0
0
0
0
0
0
0
0
0
-1.69407e-21
0
0
0
0
0
0
0
-1.69407e-21
0
0
0
)
;
    }
    frontAndback
    {
        type            empty;
    }
}


// ************************************************************************* //
