/*--------------------------------*- C++ -*----------------------------------*\
| =========                 |                                                 |
| \\      /  F ield         | OpenFOAM: The Open Source CFD Toolbox           |
|  \\    /   O peration     | Version:  2406                                  |
|   \\  /    A nd           | Website:  www.openfoam.com                      |
|    \\/     M anipulation  |                                                 |
\*---------------------------------------------------------------------------*/
FoamFile
{
    version     2.0;
    format      ascii;
    arch        "LSB;label=32;scalar=64";
    class       volVectorField;
    location    "20000";
    object      U;
}
// * * * * * * * * * * * * * * * * * * * * * * * * * * * * * * * * * * * * * //

dimensions      [0 1 -1 0 0 0 0];

internalField   nonuniform List<vector> 
3600
(
(0.000732055 -0.000719402 0)
(0.0025165 -0.000678515 0)
(0.00437128 -0.000447756 0)
(0.0058986 -0.000315304 0)
(0.00732 -0.000275957 0)
(0.00873453 -0.000285372 0)
(0.0101914 -0.000310099 0)
(0.0116916 -0.000330504 0)
(0.0132054 -0.000337078 0)
(0.0146873 -0.000326516 0)
(0.016087 -0.000299149 0)
(0.017356 -0.000257399 0)
(0.0184531 -0.000204773 0)
(0.0193465 -0.00014518 0)
(0.020015 -8.24302e-05 0)
(0.0204482 -1.99113e-05 0)
(0.0206456 3.95766e-05 0)
(0.0206149 9.38269e-05 0)
(0.0203707 0.000141255 0)
(0.0199329 0.000180926 0)
(0.0193249 0.000212303 0)
(0.0185728 0.000235131 0)
(0.0177036 0.000249403 0)
(0.016745 0.000255389 0)
(0.015723 0.000253818 0)
(0.0146609 0.000246202 0)
(0.0135753 0.000235197 0)
(0.0124734 0.00022475 0)
(0.0113486 0.000219731 0)
(0.0101789 0.000224824 0)
(0.00892913 0.000242843 0)
(0.00755745 0.000273186 0)
(0.00602666 0.000311587 0)
(0.00431497 0.000351962 0)
(0.0024209 0.000390037 0)
(0.000358538 0.000425874 0)
(-0.00185249 0.000464349 0)
(-0.00419364 0.000511683 0)
(-0.00664425 0.000569465 0)
(-0.00917125 0.000631606 0)
(-0.0117188 0.00068581 0)
(-0.0142053 0.000717824 0)
(-0.0165309 0.00071621 0)
(-0.0185911 0.000675554 0)
(-0.0202918 0.000597247 0)
(-0.0215616 0.000488125 0)
(-0.0223572 0.000357874 0)
(-0.0226636 0.000216457 0)
(-0.0224905 7.31549e-05 0)
(-0.021868 -6.47042e-05 0)
(-0.0208401 -0.000191937 0)
(-0.0194595 -0.000304904 0)
(-0.0177836 -0.000401476 0)
(-0.0158685 -0.000482065 0)
(-0.013762 -0.000552144 0)
(-0.0114908 -0.00062605 0)
(-0.00904973 -0.00072924 0)
(-0.00641139 -0.000891011 0)
(-0.00344468 -0.00108213 0)
(-0.000922101 -0.000937176 0)
(0.000722884 -0.00255165 0)
(0.00333797 -0.00331349 0)
(0.007121 -0.00308163 0)
(0.0109512 -0.00283647 0)
(0.0148311 -0.00274627 0)
(0.0187553 -0.00276855 0)
(0.0227302 -0.00282717 0)
(0.0267302 -0.00286036 0)
(0.0306947 -0.0028294 0)
(0.03454 -0.00271564 0)
(0.0381723 -0.00251548 0)
(0.0414989 -0.0022359 0)
(0.044436 -0.00189058 0)
(0.046915 -0.00149687 0)
(0.048885 -0.00107335 0)
(0.0503144 -0.000638025 0)
(0.0511899 -0.000207172 0)
(0.0515156 0.000205265 0)
(0.05131 0.000588125 0)
(0.0506048 0.000933073 0)
(0.0494412 0.00123429 0)
(0.0478672 0.00148806 0)
(0.0459353 0.00169277 0)
(0.0437 0.00184922 0)
(0.0412136 0.00196138 0)
(0.0385229 0.00203768 0)
(0.0356627 0.00209237 0)
(0.0326496 0.00214611 0)
(0.0294747 0.00222446 0)
(0.026099 0.00235325 0)
(0.0224557 0.00255102 0)
(0.0184599 0.00282089 0)
(0.0140296 0.00314662 0)
(0.00910971 0.00349684 0)
(0.00369177 0.00383767 0)
(-0.00217962 0.00414433 0)
(-0.00840971 0.00440517 0)
(-0.014866 0.00461259 0)
(-0.0213833 0.00474936 0)
(-0.0277666 0.00478355 0)
(-0.0337985 0.00467648 0)
(-0.0392566 0.00439715 0)
(-0.043936 0.0039346 0)
(-0.0476709 0.00330253 0)
(-0.0503486 0.00253582 0)
(-0.0519134 0.00168184 0)
(-0.0523635 0.000790472 0)
(-0.0517413 -9.26274e-05 0)
(-0.0501273 -0.000929781 0)
(-0.0476263 -0.0016927 0)
(-0.0443591 -0.00236306 0)
(-0.0404542 -0.00293116 0)
(-0.0360399 -0.00339626 0)
(-0.0312354 -0.00376879 0)
(-0.0261428 -0.00407383 0)
(-0.0208414 -0.00435195 0)
(-0.0154021 -0.00464495 0)
(-0.00994447 -0.00493414 0)
(-0.00460671 -0.00493339 0)
(-0.000983172 -0.00342958 0)
(0.000411272 -0.00439729 0)
(0.0028045 -0.00705126 0)
(0.00714729 -0.0076521 0)
(0.0121735 -0.00774298 0)
(0.017643 -0.00780991 0)
(0.0233657 -0.00792664 0)
(0.029231 -0.0080323 0)
(0.0351411 -0.00804563 0)
(0.0409888 -0.00790426 0)
(0.0466576 -0.0075739 0)
(0.0520277 -0.00704639 0)
(0.0569836 -0.00633409 0)
(0.061421 -0.00546375 0)
(0.0652519 -0.00447074 0)
(0.0684077 -0.00339441 0)
(0.0708403 -0.00227427 0)
(0.0725223 -0.00114746 0)
(0.073446 -4.69406e-05 0)
(0.073621 0.000998959 0)
(0.0730727 0.00196779 0)
(0.0718396 0.00284295 0)
(0.0699702 0.00361302 0)
(0.0675201 0.00427196 0)
(0.0645483 0.00481989 0)
(0.0611139 0.00526475 0)
(0.0572703 0.00562483 0)
(0.053059 0.00593164 0)
(0.0485011 0.00623131 0)
(0.0435885 0.00658201 0)
(0.0382772 0.00704474 0)
(0.0324873 0.00766689 0)
(0.0261143 0.00846244 0)
(0.0190559 0.00939803 0)
(0.0112496 0.010395 0)
(0.00270792 0.0113513 0)
(-0.00645921 0.0121668 0)
(-0.0160401 0.0127622 0)
(-0.025746 0.0130751 0)
(-0.035235 0.0130465 0)
(-0.0441461 0.0126209 0)
(-0.0521355 0.0117613 0)
(-0.058912 0.0104678 0)
(-0.0642636 0.00878569 0)
(-0.0680683 0.00679983 0)
(-0.0702897 0.00461873 0)
(-0.0709627 0.00235612 0)
(-0.0701749 0.000116225 0)
(-0.0680525 -0.0020128 0)
(-0.0647467 -0.00396271 0)
(-0.0604204 -0.00568788 0)
(-0.0552437 -0.00716116 0)
(-0.0493886 -0.00837218 0)
(-0.0430238 -0.00932752 0)
(-0.0363113 -0.0100518 0)
(-0.0294047 -0.0105859 0)
(-0.0224567 -0.0109726 0)
(-0.0156512 -0.0112087 0)
(-0.00928274 -0.0111098 0)
(-0.00371106 -0.00999409 0)
(-0.000575979 -0.00596629 0)
(0.000171277 -0.00564072 0)
(0.00210757 -0.0104324 0)
(0.00629405 -0.0124629 0)
(0.0116833 -0.013425 0)
(0.0179329 -0.0140148 0)
(0.0247155 -0.0144348 0)
(0.0318028 -0.0146836 0)
(0.0390095 -0.0147005 0)
(0.0461701 -0.0144279 0)
(0.0531307 -0.0138338 0)
(0.0597483 -0.0129154 0)
(0.0658929 -0.0116956 0)
(0.0714504 -0.0102158 0)
(0.0763251 -0.00852957 0)
(0.0804409 -0.00669594 0)
(0.0837416 -0.00477475 0)
(0.0861901 -0.00282283 0)
(0.0877673 -0.000891569 0)
(0.0884709 0.000974098 0)
(0.088312 0.00273687 0)
(0.0873155 0.00436779 0)
(0.0855165 0.00584604 0)
(0.0829577 0.00715925 0)
(0.0796865 0.00830482 0)
(0.0757516 0.00929256 0)
(0.0711984 0.0101486 0)
(0.066062 0.01092 0)
(0.0603597 0.0116773 0)
(0.0540816 0.0125116 0)
(0.0471824 0.0135215 0)
(0.0395808 0.0147865 0)
(0.0311719 0.0163319 0)
(0.0218587 0.0180997 0)
(0.0116018 0.0199419 0)
(0.000468443 0.0216509 0)
(-0.0113295 0.0230015 0)
(-0.0234332 0.0238047 0)
(-0.0353854 0.0239231 0)
(-0.0466849 0.0232677 0)
(-0.0568545 0.0218027 0)
(-0.0655003 0.0195584 0)
(-0.0723516 0.0166348 0)
(-0.0772728 0.0131896 0)
(-0.0802504 0.00941211 0)
(-0.0813635 0.00549475 0)
(-0.080752 0.00160999 0)
(-0.0785867 -0.00209995 0)
(-0.0750594 -0.00552529 0)
(-0.070358 -0.00859028 0)
(-0.0646718 -0.0112462 0)
(-0.058189 -0.0134653 0)
(-0.0510982 -0.0152386 0)
(-0.0435902 -0.0165753 0)
(-0.0358594 -0.0175012 0)
(-0.0281108 -0.0180498 0)
(-0.0205722 -0.0182337 0)
(-0.0135248 -0.0179719 0)
(-0.0073669 -0.0169231 0)
(-0.00251607 -0.0141513 0)
(-0.000225251 -0.00756104 0)
(4.44427e-05 -0.0065065 0)
(0.00160208 -0.0133935 0)
(0.00542745 -0.0171581 0)
(0.0107602 -0.0193808 0)
(0.0172607 -0.0208251 0)
(0.0245418 -0.0217807 0)
(0.0322957 -0.0223114 0)
(0.0402653 -0.0223986 0)
(0.0482306 -0.0220117 0)
(0.0560012 -0.0211391 0)
(0.0634119 -0.0197964 0)
(0.0703213 -0.0180253 0)
(0.0766108 -0.0158866 0)
(0.0821839 -0.0134539 0)
(0.086965 -0.0108057 0)
(0.0908974 -0.00802076 0)
(0.0939416 -0.00517322 0)
(0.0960729 -0.00233037 0)
(0.0972803 0.000449174 0)
(0.0975618 0.0031155 0)
(0.0969262 0.00562865 0)
(0.0953899 0.00795929 0)
(0.0929748 0.0100889 0)
(0.0897071 0.0120117 0)
(0.0856138 0.0137377 0)
(0.0807199 0.0152988 0)
(0.0750432 0.0167541 0)
(0.0685873 0.0181949 0)
(0.0613337 0.0197417 0)
(0.053235 0.0215266 0)
(0.0442144 0.023657 0)
(0.0341805 0.0261621 0)
(0.023064 0.0289435 0)
(0.010877 0.0317567 0)
(-0.00223022 0.0342497 0)
(-0.0159183 0.0360306 0)
(-0.0296768 0.0367775 0)
(-0.0429003 0.0362849 0)
(-0.0549787 0.0344748 0)
(-0.0653923 0.031398 0)
(-0.0737786 0.0272237 0)
(-0.0799583 0.0222102 0)
(-0.0839194 0.0166596 0)
(-0.0857748 0.0108713 0)
(-0.0857122 0.00510663 0)
(-0.0839496 -0.000427569 0)
(-0.0807116 -0.00557779 0)
(-0.0762077 -0.0102387 0)
(-0.0706318 -0.0143428 0)
(-0.0641693 -0.017846 0)
(-0.0570035 -0.020721 0)
(-0.0493234 -0.022955 0)
(-0.04133 -0.0245483 0)
(-0.0332429 -0.0255114 0)
(-0.0253085 -0.0258515 0)
(-0.0178101 -0.0255355 0)
(-0.011085 -0.0244093 0)
(-0.0055562 -0.0220337 0)
(-0.00159794 -0.017393 0)
(-1.83881e-05 -0.008507 0)
(3.82466e-06 -0.0071593 0)
(0.00134851 -0.0159932 0)
(0.00487443 -0.0215845 0)
(0.010034 -0.0252801 0)
(0.0165338 -0.0278034 0)
(0.0239783 -0.0294771 0)
(0.0320206 -0.0304143 0)
(0.0403572 -0.0306425 0)
(0.048728 -0.0301708 0)
(0.0569133 -0.0290218 0)
(0.0647302 -0.0272417 0)
(0.0720292 -0.0249 0)
(0.0786911 -0.0220832 0)
(0.0846237 -0.0188877 0)
(0.0897574 -0.0154126 0)
(0.0940419 -0.0117538 0)
(0.0974421 -0.00800028 0)
(0.099935 -0.00423145 0)
(0.101506 -0.000515475 0)
(0.102148 0.00309021 0)
(0.101856 0.0065391 0)
(0.100628 0.00979675 0)
(0.098467 0.0128412 0)
(0.0953725 0.0156647 0)
(0.0913455 0.0182782 0)
(0.0863836 0.0207174 0)
(0.0804787 0.0230505 0)
(0.0736124 0.025384 0)
(0.0657508 0.0278605 0)
(0.0568403 0.0306365 0)
(0.0468106 0.0338356 0)
(0.0355929 0.0374754 0)
(0.0231617 0.0413948 0)
(0.00960085 0.0452233 0)
(-0.00483946 0.0484304 0)
(-0.019686 0.0504298 0)
(-0.0342954 0.0507694 0)
(-0.0479585 0.0492107 0)
(-0.0600214 0.0457499 0)
(-0.0699945 0.0405977 0)
(-0.0776083 0.0341239 0)
(-0.0828117 0.0267783 0)
(-0.0857235 0.0190107 0)
(-0.0865652 0.0112103 0)
(-0.0855978 0.00367552 0)
(-0.0830771 -0.00338564 0)
(-0.0792356 -0.00983905 0)
(-0.0742675 -0.0156041 0)
(-0.0683453 -0.0206297 0)
(-0.0616311 -0.0248776 0)
(-0.05429 -0.0283162 0)
(-0.046502 -0.0309187 0)
(-0.0384717 -0.0326634 0)
(-0.0304351 -0.0335313 0)
(-0.0226662 -0.0334921 0)
(-0.0154803 -0.0324668 0)
(-0.00923484 -0.0302518 0)
(-0.00433261 -0.026377 0)
(-0.00107265 -0.0198783 0)
(6.61565e-05 -0.00904741 0)
(1.61064e-05 -0.00774997 0)
(0.00130292 -0.0184021 0)
(0.00468158 -0.0258092 0)
(0.00971055 -0.0310578 0)
(0.0161439 -0.0347741 0)
(0.0235983 -0.0372722 0)
(0.0317138 -0.0386942 0)
(0.0401627 -0.0391091 0)
(0.0486603 -0.0385704 0)
(0.0569681 -0.0371431 0)
(0.0648922 -0.0349136 0)
(0.0722802 -0.0319871 0)
(0.0790162 -0.0284816 0)
(0.0850157 -0.0245202 0)
(0.0902196 -0.0202237 0)
(0.0945886 -0.0157052 0)
(0.0980976 -0.0110662 0)
(0.100731 -0.00639451 0)
(0.102478 -0.00176393 0)
(0.10333 0.00276574 0)
(0.103276 0.00714746 0)
(0.102304 0.0113469 0)
(0.100398 0.0153432 0)
(0.0975363 0.0191308 0)
(0.093693 0.0227237 0)
(0.0888367 0.0261621 0)
(0.0829297 0.0295213 0)
(0.0759265 0.0329183 0)
(0.0677722 0.0365086 0)
(0.0584031 0.0404608 0)
(0.0477548 0.0448973 0)
(0.0357857 0.0498022 0)
(0.0225233 0.0549257 0)
(0.00813202 0.0597425 0)
(-0.00703406 0.0635191 0)
(-0.0223807 0.0654688 0)
(-0.0371695 0.0650349 0)
(-0.050642 0.0620004 0)
(-0.062164 0.0565059 0)
(-0.0713295 0.0489849 0)
(-0.0779934 0.0400445 0)
(-0.0822349 0.0303308 0)
(-0.0842813 0.0204191 0)
(-0.0844239 0.0107512 0)
(-0.0829527 0.00162419 0)
(-0.080121 -0.00678524 0)
(-0.0761326 -0.0143845 0)
(-0.0711459 -0.0211267 0)
(-0.0652964 -0.0269778 0)
(-0.058714 -0.0319009 0)
(-0.0515403 -0.0358506 0)
(-0.0439431 -0.0387746 0)
(-0.0361258 -0.0406173 0)
(-0.0283339 -0.0413201 0)
(-0.0208566 -0.0408107 0)
(-0.0140237 -0.0389715 0)
(-0.00819238 -0.0355748 0)
(-0.00373316 -0.0301693 0)
(-0.000878456 -0.0219142 0)
(7.09917e-05 -0.00941791 0)
(5.52158e-05 -0.00837868 0)
(0.00139539 -0.0207805 0)
(0.00477468 -0.0299569 0)
(0.00976755 -0.0367582 0)
(0.0161586 -0.0416958 0)
(0.023578 -0.0450523 0)
(0.0316638 -0.046983 0)
(0.0400784 -0.0475924 0)
(0.0485252 -0.046979 0)
(0.0567569 -0.0452558 0)
(0.0645763 -0.0425553 0)
(0.0718331 -0.0390248 0)
(0.078419 -0.0348191 0)
(0.0842603 -0.0300912 0)
(0.0893112 -0.0249852 0)
(0.0935461 -0.0196312 0)
(0.0969527 -0.0141417 0)
(0.0995265 -0.00861071 0)
(0.101265 -0.00311337 0)
(0.102165 0.00229247 0)
(0.102215 0.00756459 0)
(0.101397 0.0126746 0)
(0.0996856 0.0176088 0)
(0.0970419 0.022369 0)
(0.0934186 0.0269765 0)
(0.0887579 0.0314788 0)
(0.0829936 0.0359582 0)
(0.0760517 0.0405385 0)
(0.067854 0.0453802 0)
(0.0583242 0.0506494 0)
(0.0474023 0.0564474 0)
(0.0350748 0.0626995 0)
(0.0214243 0.0690398 0)
(0.00669442 0.074765 0)
(-0.00866503 0.0789253 0)
(-0.023969 0.0805494 0)
(-0.0384291 0.0790188 0)
(-0.0512916 0.0741993 0)
(-0.0619903 0.0664379 0)
(-0.0702316 0.0564325 0)
(-0.0759963 0.0450373 0)
(-0.0794715 0.0330748 0)
(-0.0809539 0.0212075 0)
(-0.0807615 0.00988856 0)
(-0.079174 -0.000621507 0)
(-0.0764117 -0.0102016 0)
(-0.0726299 -0.0188118 0)
(-0.0679414 -0.0264387 0)
(-0.06244 -0.0330608 0)
(-0.0562225 -0.0386338 0)
(-0.0494073 -0.0430882 0)
(-0.0421494 -0.0463352 0)
(-0.034649 -0.0482756 0)
(-0.0271556 -0.0488046 0)
(-0.0199657 -0.0478074 0)
(-0.0134136 -0.0451358 0)
(-0.00784965 -0.0405572 0)
(-0.00361785 -0.0336673 0)
(-0.000907556 -0.0237729 0)
(3.32831e-05 -0.00977864 0)
(0.000103619 -0.00910065 0)
(0.00156109 -0.0232431 0)
(0.00504651 -0.0341418 0)
(0.0100901 -0.0424558 0)
(0.0164873 -0.0485881 0)
(0.0238729 -0.0527822 0)
(0.031886 -0.0551987 0)
(0.0401859 -0.0559736 0)
(0.048473 -0.0552513 0)
(0.0564996 -0.0531958 0)
(0.0640719 -0.0499907 0)
(0.0710475 -0.04583 0)
(0.0773289 -0.0409086 0)
(0.0828564 -0.035412 0)
(0.0875985 -0.0295087 0)
(0.0915443 -0.0233458 0)
(0.0946955 -0.0170455 0)
(0.0970599 -0.0107058 0)
(0.0986455 -0.00440068 0)
(0.0994558 0.0018175 0)
(0.0994852 0.0079156 0)
(0.098716 0.0138765 0)
(0.0971169 0.019699 0)
(0.0946408 0.025398 0)
(0.0912247 0.0310075 0)
(0.0867907 0.0365867 0)
(0.0812483 0.0422268 0)
(0.0744981 0.0480567 0)
(0.0664396 0.0542346 0)
(0.0569834 0.0609105 0)
(0.0460732 0.0681438 0)
(0.0337217 0.0757758 0)
(0.0200628 0.0832998 0)
(0.00541012 0.0898185 0)
(-0.00971008 0.0941667 0)
(-0.0245598 0.0952207 0)
(-0.0383454 0.0923501 0)
(-0.0503626 0.0855611 0)
(-0.0601416 0.0754517 0)
(-0.0675062 0.0630007 0)
(-0.0725438 0.0492952 0)
(-0.0755133 0.0352982 0)
(-0.07674 0.0217169 0)
(-0.0765309 0.00897789 0)
(-0.0751285 -0.00272064 0)
(-0.0727014 -0.0133266 0)
(-0.0693525 -0.0228531 0)
(-0.0651475 -0.0313154 0)
(-0.0601413 -0.0386961 0)
(-0.0544008 -0.0449338 0)
(-0.0480243 -0.0499247 0)
(-0.0411548 -0.0535348 0)
(-0.0339881 -0.0556139 0)
(-0.0267741 -0.0560071 0)
(-0.0198121 -0.0545572 0)
(-0.0134367 -0.0510912 0)
(-0.0079926 -0.0453826 0)
(-0.0038103 -0.0370851 0)
(-0.00106029 -0.0256473 0)
(-2.09369e-05 -0.010221 0)
(0.000151016 -0.00993728 0)
(0.00175192 -0.0258543 0)
(0.00540111 -0.0384409 0)
(0.0105518 -0.0482121 0)
(0.016993 -0.0554812 0)
(0.0243542 -0.0604555 0)
(0.0322734 -0.0633 0)
(0.04041 -0.0641825 0)
(0.0484671 -0.063295 0)
(0.0562031 -0.0608561 0)
(0.0634339 -0.0571037 0)
(0.0700298 -0.0522819 0)
(0.0759082 -0.0466277 0)
(0.0810245 -0.0403601 0)
(0.0853625 -0.0336723 0)
(0.0889258 -0.0267273 0)
(0.0917291 -0.0196564 0)
(0.0937918 -0.0125596 0)
(0.0951317 -0.00550789 0)
(0.0957609 0.00145425 0)
(0.0956798 0.00830552 0)
(0.0948746 0.0150438 0)
(0.0933146 0.0216849 0)
(0.0909491 0.028262 0)
(0.0877069 0.0348272 0)
(0.0834967 0.0414558 0)
(0.0782105 0.0482514 0)
(0.0717291 0.0553478 0)
(0.0639336 0.0628955 0)
(0.0547236 0.0710163 0)
(0.0440464 0.079709 0)
(0.031938 0.0887081 0)
(0.0185763 0.0973469 0)
(0.00432971 0.104526 0)
(-0.0102252 0.108881 0)
(-0.0243355 0.109175 0)
(-0.0372415 0.104817 0)
(-0.0483181 0.0959985 0)
(-0.0572025 0.0835904 0)
(-0.0638231 0.0688463 0)
(-0.0683432 0.0530557 0)
(-0.071056 0.0372802 0)
(-0.0722798 0.0222318 0)
(-0.0722848 0.00828231 0)
(-0.0712613 -0.00444722 0)
(-0.0693221 -0.0159759 0)
(-0.0665204 -0.0263647 0)
(-0.0628802 -0.0356491 0)
(-0.0584235 -0.0438073 0)
(-0.0531928 -0.0507512 0)
(-0.0472693 -0.0563353 0)
(-0.040785 -0.0603733 0)
(-0.0339294 -0.0626591 0)
(-0.0269505 -0.0629842 0)
(-0.0201473 -0.061149 0)
(-0.0138548 -0.0569579 0)
(-0.00841623 -0.050194 0)
(-0.00416223 -0.0405681 0)
(-0.00126403 -0.0276508 0)
(-7.61869e-05 -0.0107846 0)
(0.000192522 -0.0108884 0)
(0.00193807 -0.0286383 0)
(0.00577017 -0.042891 0)
(0.0110517 -0.0540608 0)
(0.0175528 -0.0623925 0)
(0.0248889 -0.0680668 0)
(0.0326938 -0.0712583 0)
(0.0406283 -0.0721703 0)
(0.0484024 -0.0710464 0)
(0.0557862 -0.0681639 0)
(0.0626107 -0.0638179 0)
(0.0687633 -0.0583043 0)
(0.074179 -0.0519028 0)
(0.0788301 -0.0448656 0)
(0.0827157 -0.0374092 0)
(0.0858525 -0.0297114 0)
(0.0882665 -0.0219106 0)
(0.0899864 -0.0141075 0)
(0.0910382 -0.00636851 0)
(0.0914408 0.00127095 0)
(0.0912008 0.00880296 0)
(0.0903092 0.0162425 0)
(0.0887386 0.0236254 0)
(0.086439 0.0310068 0)
(0.0833366 0.0384611 0)
(0.0793338 0.0460844 0)
(0.074312 0.0539961 0)
(0.068139 0.0623357 0)
(0.0606836 0.0712424 0)
(0.0518387 0.0808002 0)
(0.0415558 0.0909315 0)
(0.0298913 0.101246 0)
(0.0170571 0.110905 0)
(0.00345862 0.11861 0)
(-0.0103049 0.122819 0)
(-0.0235 0.122229 0)
(-0.0354299 0.116331 0)
(-0.0455651 0.105527 0)
(-0.0536451 0.0909669 0)
(-0.0596803 0.0741532 0)
(-0.0638774 0.0565386 0)
(-0.0665309 0.0392426 0)
(-0.0679268 0.0229509 0)
(-0.0682841 0.00796331 0)
(-0.0677373 -0.00568081 0)
(-0.0663476 -0.0180667 0)
(-0.0641257 -0.0292946 0)
(-0.0610623 -0.0394119 0)
(-0.0571538 -0.0483834 0)
(-0.0524234 -0.0560883 0)
(-0.0469371 -0.0623337 0)
(-0.0408155 -0.0668767 0)
(-0.0342401 -0.0694512 0)
(-0.0274537 -0.0697927 0)
(-0.0207537 -0.0676567 0)
(-0.0144762 -0.062824 0)
(-0.00896851 -0.0550852 0)
(-0.00457265 -0.0441997 0)
(-0.00147481 -0.0298363 0)
(-0.000125065 -0.0114771 0)
(0.000226797 -0.0119427 0)
(0.00210462 -0.0315925 0)
(0.00611316 -0.0474986 0)
(0.0115232 -0.0600084 0)
(0.0180782 -0.0693199 0)
(0.0253734 -0.0756005 0)
(0.0330358 -0.079043 0)
(0.040729 -0.079894 0)
(0.0481736 -0.0784549 0)
(0.0551559 -0.0750654 0)
(0.0615267 -0.0700811 0)
(0.0671944 -0.06385 0)
(0.0721141 -0.0566939 0)
(0.0762758 -0.048896 0)
(0.0796933 -0.0406938 0)
(0.082395 -0.0322771 0)
(0.0844156 -0.0237894 0)
(0.0857906 -0.0153305 0)
(0.0865512 -0.0069612 0)
(0.0867209 0.00129306 0)
(0.0863106 0.0094381 0)
(0.0853154 0.0175067 0)
(0.083712 0.025556 0)
(0.0814534 0.0336651 0)
(0.0784672 0.0419338 0)
(0.0746546 0.0504823 0)
(0.0698932 0.0594486 0)
(0.0640451 0.0689791 0)
(0.0569733 0.0791994 0)
(0.0485689 0.0901482 0)
(0.03879 0.10166 0)
(0.0277099 0.113209 0)
(0.0155645 0.123777 0)
(0.00277795 0.131879 0)
(-0.010054 0.135828 0)
(-0.0222444 0.134294 0)
(-0.0331783 0.126882 0)
(-0.0424255 0.11422 0)
(-0.0498148 0.097716 0)
(-0.0554127 0.0790898 0)
(-0.0594401 0.0599154 0)
(-0.0621678 0.0413356 0)
(-0.063835 0.0239887 0)
(-0.0646051 0.0080957 0)
(-0.0645604 -0.0063821 0)
(-0.0637188 -0.0195872 0)
(-0.0620585 -0.0316498 0)
(-0.0595451 -0.0426208 0)
(-0.0561565 -0.0524461 0)
(-0.0519 -0.0609683 0)
(-0.0468275 -0.0679443 0)
(-0.0410466 -0.0730724 0)
(-0.0347277 -0.0760237 0)
(-0.0281057 -0.076474 0)
(-0.0214745 -0.0741301 0)
(-0.015172 -0.0687442 0)
(-0.00955454 -0.0601081 0)
(-0.00498404 -0.0480184 0)
(-0.00167115 -0.0322185 0)
(-0.00016543 -0.0122896 0)
(0.000254401 -0.0130851 0)
(0.00224647 -0.0346997 0)
(0.00641033 -0.0522494 0)
(0.011929 -0.0660404 0)
(0.0185147 -0.0762438 0)
(0.0257392 -0.0830283 0)
(0.0332221 -0.0866173 0)
(0.0406316 -0.0873107 0)
(0.0477023 -0.0854751 0)
(0.0542412 -0.0815178 0)
(0.0601228 -0.0758566 0)
(0.0652794 -0.0688912 0)
(0.0696878 -0.0609834 0)
(0.0733558 -0.0524439 0)
(0.0763113 -0.0435274 0)
(0.0785922 -0.0344327 0)
(0.0802398 -0.0253052 0)
(0.0812933 -0.0162423 0)
(0.0817863 -0.00729784 0)
(0.0817442 0.0015129 0)
(0.0811794 0.0102093 0)
(0.0800897 0.0188417 0)
(0.078455 0.0274883 0)
(0.076232 0.0362526 0)
(0.0733517 0.0452613 0)
(0.0697181 0.0546603 0)
(0.0652102 0.0646082 0)
(0.0596905 0.0752591 0)
(0.0530229 0.0867231 0)
(0.0451022 0.0989886 0)
(0.0358952 0.111795 0)
(0.0254896 0.124474 0)
(0.0141354 0.135835 0)
(0.00225896 0.144219 0)
(-0.00956943 0.14783 0)
(-0.0207285 0.145348 0)
(-0.0306948 0.136512 0)
(-0.0391325 0.12217 0)
(-0.045942 0.103964 0)
(-0.0512221 0.0837885 0)
(-0.0551843 0.0633013 0)
(-0.0580606 0.0436421 0)
(-0.0600369 0.0253908 0)
(-0.0612236 0.00869077 0)
(-0.0616583 -0.00656598 0)
(-0.061326 -0.0205686 0)
(-0.0601816 -0.0334683 0)
(-0.0581743 -0.0453136 0)
(-0.055268 -0.0560285 0)
(-0.0514569 -0.0654178 0)
(-0.0467785 -0.0731882 0)
(-0.0413251 -0.0789783 0)
(-0.0352528 -0.0823948 0)
(-0.0287847 -0.0830493 0)
(-0.0222088 -0.0805939 0)
(-0.0158657 -0.0747447 0)
(-0.0101234 -0.0652846 0)
(-0.00536985 -0.0520344 0)
(-0.00184612 -0.0347922 0)
(-0.000197972 -0.0132079 0)
(0.000276614 -0.0143003 0)
(0.00236369 -0.0379362 0)
(0.00665455 -0.0571174 0)
(0.0122511 -0.0721284 0)
(0.0188326 -0.0831311 0)
(0.0259466 -0.0903117 0)
(0.0332065 -0.0939387 0)
(0.0402877 -0.0943766 0)
(0.0469428 -0.0920659 0)
(0.0530031 -0.0874865 0)
(0.05837 -0.0811192 0)
(0.0630015 -0.0734142 0)
(0.0668967 -0.0647692 0)
(0.070081 -0.0555184 0)
(0.0725947 -0.0459291 0)
(0.0744834 -0.0362045 0)
(0.0757924 -0.0264894 0)
(0.0765624 -0.0168762 0)
(0.0768265 -0.00741103 0)
(0.0766093 0.00190135 0)
(0.0759225 0.0110933 0)
(0.0747644 0.0202315 0)
(0.0731164 0.0294144 0)
(0.0709385 0.0387693 0)
(0.0681658 0.048449 0)
(0.0647073 0.0586257 0)
(0.060447 0.0694789 0)
(0.0552531 0.0811702 0)
(0.0489961 0.0937926 0)
(0.0415791 0.107281 0)
(0.0329805 0.121277 0)
(0.0232995 0.134971 0)
(0.012792 0.147005 0)
(0.00187221 0.155575 0)
(-0.00893136 0.158804 0)
(-0.0190751 0.155414 0)
(-0.0281283 0.145286 0)
(-0.0358402 0.129473 0)
(-0.0421647 0.109815 0)
(-0.0472121 0.0883408 0)
(-0.0511694 0.0667602 0)
(-0.0542211 0.0461915 0)
(-0.0565003 0.0271533 0)
(-0.0580707 0.00971858 0)
(-0.0589344 -0.0062788 0)
(-0.0590536 -0.0210638 0)
(-0.0583686 -0.0348015 0)
(-0.0568183 -0.0475341 0)
(-0.054357 -0.0591634 0)
(-0.0509668 -0.0694582 0)
(-0.0466703 -0.078077 0)
(-0.0415421 -0.0845998 0)
(-0.0357198 -0.0885668 0)
(-0.0294113 -0.0895212 0)
(-0.022896 -0.0870524 0)
(-0.0165156 -0.0808301 0)
(-0.0106517 -0.0706165 0)
(-0.00572161 -0.0562423 0)
(-0.00200038 -0.0375435 0)
(-0.000224492 -0.0142175 0)
(0.00029473 -0.0155748 0)
(0.00245834 -0.0412761 0)
(0.00684494 -0.0620702 0)
(0.0124826 -0.078235 0)
(0.0190179 -0.0899401 0)
(0.0259758 -0.0974059 0)
(0.0329662 -0.100961 0)
(0.0396754 -0.101049 0)
(0.0458776 -0.0981915 0)
(0.0514319 -0.0929452 0)
(0.0562686 -0.0858545 0)
(0.0603723 -0.0774169 0)
(0.0637638 -0.0680616 0)
(0.0664849 -0.0581405 0)
(0.0685863 -0.0479285 0)
(0.0701197 -0.0376293 0)
(0.0711319 -0.0273832 0)
(0.0716626 -0.0172755 0)
(0.0717428 -0.00734356 0)
(0.0713938 0.00241834 0)
(0.0706248 0.0120549 0)
(0.0694323 0.0216481 0)
(0.067798 0.0313147 0)
(0.0656836 0.041204 0)
(0.0630283 0.0514937 0)
(0.0597467 0.062381 0)
(0.0557307 0.0740651 0)
(0.0508576 0.0867139 0)
(0.0450089 0.100402 0)
(0.0381005 0.115009 0)
(0.0301238 0.130079 0)
(0.0211877 0.144665 0)
(0.0115468 0.157259 0)
(0.00159243 0.165933 0)
(-0.00820023 0.168767 0)
(-0.0173703 0.16454 0)
(-0.0255762 0.153277 0)
(-0.03264 0.136212 0)
(-0.0385526 0.115344 0)
(-0.0434211 0.0928007 0)
(-0.0473977 0.0703153 0)
(-0.0506179 0.0489755 0)
(-0.0531658 0.0292413 0)
(-0.0550663 0.011126 0)
(-0.0562958 -0.00558209 0)
(-0.0568019 -0.0211343 0)
(-0.0565176 -0.0357035 0)
(-0.0553765 -0.0493248 0)
(-0.0533262 -0.0618797 0)
(-0.050338 -0.0731046 0)
(-0.0464183 -0.0826137 0)
(-0.0416217 -0.0899305 0)
(-0.0360642 -0.094528 0)
(-0.0299343 -0.0958762 0)
(-0.0234992 -0.093493 0)
(-0.0170997 -0.0869893 0)
(-0.0111304 -0.0760923 0)
(-0.00603916 -0.0606284 0)
(-0.00213738 -0.0404564 0)
(-0.000246893 -0.015307 0)
(0.000309752 -0.0168966 0)
(0.00253266 -0.0446935 0)
(0.00698298 -0.0670728 0)
(0.0126223 -0.0843188 0)
(0.0190661 -0.096625 0)
(0.0258203 -0.104264 0)
(0.0324951 -0.107641 0)
(0.0387921 -0.10729 0)
(0.0445109 -0.103823 0)
(0.0495409 -0.0978773 0)
(0.0538424 -0.0900587 0)
(0.0574261 -0.0809081 0)
(0.0603333 -0.0708804 0)
(0.06262 -0.0603395 0)
(0.0643454 -0.0495624 0)
(0.0655645 -0.0387488 0)
(0.066324 -0.0280313 0)
(0.0666611 -0.0174862 0)
(0.0666026 -0.00714095 0)
(0.0661654 0.0030208 0)
(0.0653544 0.0130554 0)
(0.0641631 0.0230586 0)
(0.0625716 0.0331636 0)
(0.0605424 0.0435397 0)
(0.0580179 0.054387 0)
(0.0549186 0.065925 0)
(0.0511454 0.0783707 0)
(0.0465874 0.0918957 0)
(0.0411401 0.106554 0)
(0.0347352 0.122172 0)
(0.0273783 0.138194 0)
(0.0191863 0.153549 0)
(0.0104067 0.166597 0)
(0.00140035 0.175312 0)
(-0.00741764 0.177757 0)
(-0.0156693 0.172785 0)
(-0.0230949 0.160556 0)
(-0.029577 0.142455 0)
(-0.0351298 0.120603 0)
(-0.0398467 0.0971922 0)
(-0.0438413 0.0739611 0)
(-0.0472013 0.0519614 0)
(-0.0499683 0.0316023 0)
(-0.0521366 0.0128496 0)
(-0.0536649 -0.0045421 0)
(-0.0544935 -0.0208418 0)
(-0.0545538 -0.0362266 0)
(-0.0537776 -0.0507249 0)
(-0.0521082 -0.0642016 0)
(-0.0495068 -0.0763662 0)
(-0.0459635 -0.0867939 0)
(-0.0415111 -0.0949553 0)
(-0.036241 -0.100256 0)
(-0.0303184 -0.102089 0)
(-0.0239941 -0.0998905 0)
(-0.0176045 -0.0931992 0)
(-0.0115553 -0.0816918 0)
(-0.00632466 -0.0651744 0)
(-0.00226067 -0.0435152 0)
(-0.000266704 -0.0164673 0)
(0.000322336 -0.0182555 0)
(0.00258842 -0.0481631 0)
(0.00707067 -0.0720893 0)
(0.0126713 -0.0903365 0)
(0.0189779 -0.103139 0)
(0.0254816 -0.110838 0)
(0.0317982 -0.113936 0)
(0.0376488 -0.113066 0)
(0.0428623 -0.108941 0)
(0.0473596 -0.102276 0)
(0.0511312 -0.0937385 0)
(0.0542127 -0.0839063 0)
(0.0566635 -0.073254 0)
(0.0585513 -0.0621511 0)
(0.0599409 -0.0508715 0)
(0.0608886 -0.0396065 0)
(0.0614394 -0.0284786 0)
(0.0616263 -0.0175531 0)
(0.0614712 -0.00684651 0)
(0.0609854 0.003668 0)
(0.0601689 0.0140579 0)
(0.059011 0.0244311 0)
(0.0574894 0.0349358 0)
(0.055566 0.0457584 0)
(0.0531857 0.0571185 0)
(0.0502751 0.069255 0)
(0.0467441 0.0823989 0)
(0.042495 0.0967228 0)
(0.0374397 0.112259 0)
(0.0315273 0.128776 0)
(0.0247782 0.145632 0)
(0.0173154 0.161637 0)
(0.00937519 0.175041 0)
(0.00128272 0.183749 0)
(-0.0066094 0.185826 0)
(-0.0140027 0.180212 0)
(-0.0207106 0.167185 0)
(-0.0266646 0.148252 0)
(-0.0318915 0.12562 0)
(-0.036465 0.101518 0)
(-0.0404591 0.0776734 0)
(-0.0439184 0.0551039 0)
(-0.0468485 0.0341768 0)
(-0.0492208 0.0148236 0)
(-0.0509831 -0.00322373 0)
(-0.0520738 -0.0202449 0)
(-0.0524265 -0.0364192 0)
(-0.0519746 -0.0517697 0)
(-0.0506588 -0.0661499 0)
(-0.0484313 -0.079249 0)
(-0.0452663 -0.0906096 0)
(-0.0411737 -0.0996541 0)
(-0.0362178 -0.105723 0)
(-0.0305374 -0.108126 0)
(-0.0243622 -0.10621 0)
(-0.0180198 -0.0994282 0)
(-0.0119236 -0.0873882 0)
(-0.00657956 -0.0698591 0)
(-0.00237276 -0.0467048 0)
(-0.000284966 -0.0176919 0)
(0.000332855 -0.0196419 0)
(0.00262683 -0.0516608 0)
(0.00710997 -0.0770841 0)
(0.0126324 -0.0962452 0)
(0.0187574 -0.109436 0)
(0.0249671 -0.117087 0)
(0.0308882 -0.11981 0)
(0.036266 -0.118355 0)
(0.0409611 -0.113534 0)
(0.0449274 -0.106145 0)
(0.0481843 -0.0969104 0)
(0.05079 -0.0864388 0)
(0.0528192 -0.0752173 0)
(0.0543481 -0.0636153 0)
(0.0554445 -0.0518983 0)
(0.0561639 -0.0402459 0)
(0.0565477 -0.0287678 0)
(0.0566241 -0.017517 0)
(0.0564092 -0.00649868 0)
(0.0559087 0.00432449 0)
(0.055117 0.0150304 0)
(0.0540191 0.0257383 0)
(0.0525893 0.0366091 0)
(0.0507886 0.047844 0)
(0.0485638 0.0596788 0)
(0.0458467 0.0723682 0)
(0.0425569 0.0861531 0)
(0.0386106 0.101203 0)
(0.0339366 0.117526 0)
(0.0285024 0.134837 0)
(0.0223432 0.152409 0)
(0.015586 0.168953 0)
(0.00845311 0.182625 0)
(0.00123123 0.191288 0)
(-0.00578928 0.193033 0)
(-0.0123837 0.186881 0)
(-0.0184296 0.173217 0)
(-0.0238966 0.153639 0)
(-0.028817 0.130409 0)
(-0.0332417 0.105765 0)
(-0.0372075 0.0814176 0)
(-0.0407207 0.0583521 0)
(-0.0437576 0.0369048 0)
(-0.0462733 0.0169851 0)
(-0.0482098 -0.00168735 0)
(-0.0495076 -0.0193976 0)
(-0.0501055 -0.0363254 0)
(-0.0499403 -0.0524919 0)
(-0.0489523 -0.0677441 0)
(-0.0470862 -0.0817581 0)
(-0.044301 -0.0940516 0)
(-0.0405839 -0.104005 0)
(-0.0359708 -0.110894 0)
(-0.0305706 -0.113947 0)
(-0.0245878 -0.112411 0)
(-0.0183359 -0.105638 0)
(-0.0122309 -0.0931493 0)
(-0.00680366 -0.0746586 0)
(-0.00247484 -0.0500102 0)
(-0.000302273 -0.0189753 0)
(0.000341497 -0.0210471 0)
(0.00264874 -0.0551628 0)
(0.00710282 -0.0820227 0)
(0.0125091 -0.102004 0)
(0.0184111 -0.115474 0)
(0.024288 -0.122972 0)
(0.0297829 -0.125236 0)
(0.0346696 -0.12314 0)
(0.0388426 -0.117602 0)
(0.0422886 -0.109498 0)
(0.0450545 -0.0995996 0)
(0.0472178 -0.0885396 0)
(0.0488652 -0.0768104 0)
(0.050078 -0.0647748 0)
(0.0509245 -0.0526859 0)
(0.051457 -0.0407085 0)
(0.0517125 -0.0289378 0)
(0.0517133 -0.0174137 0)
(0.0514699 -0.00612981 0)
(0.0509818 0.0049615 0)
(0.0502385 0.015948 0)
(0.0492202 0.0269591 0)
(0.0478982 0.0381667 0)
(0.0462321 0.0497844 0)
(0.0441701 0.0620613 0)
(0.0416493 0.0752633 0)
(0.0385986 0.0896372 0)
(0.0349481 0.105346 0)
(0.0306442 0.122371 0)
(0.0256724 0.140373 0)
(0.020082 0.158551 0)
(0.0140025 0.175527 0)
(0.00763966 0.189391 0)
(0.00124108 0.197982 0)
(-0.00496275 0.199433 0)
(-0.0108141 0.192848 0)
(-0.0162452 0.178697 0)
(-0.0212559 0.158642 0)
(-0.0258785 0.13497 0)
(-0.030141 0.109912 0)
(-0.034046 0.085155 0)
(-0.0375675 0.0616552 0)
(-0.0406586 0.0397296 0)
(-0.0432627 0.0192767 0)
(-0.0453201 1.26548e-05 0)
(-0.0467758 -0.0183484 0)
(-0.047576 -0.0359859 0)
(-0.0476627 -0.052922 0)
(-0.0469772 -0.0690031 0)
(-0.045459 -0.0838995 0)
(-0.0430533 -0.0971118 0)
(-0.0397255 -0.107985 0)
(-0.0354827 -0.115737 0)
(-0.0304017 -0.119511 0)
(-0.024657 -0.118448 0)
(-0.0185428 -0.111785 0)
(-0.0124717 -0.0989388 0)
(-0.00699503 -0.0795462 0)
(-0.00256692 -0.0534155 0)
(-0.000318879 -0.0203126 0)
(0.000348354 -0.0224626 0)
(0.00265479 -0.0586468 0)
(0.00705119 -0.0868721 0)
(0.0123057 -0.107574 0)
(0.0179471 -0.121215 0)
(0.0234579 -0.128462 0)
(0.028503 -0.130193 0)
(0.0328884 -0.127414 0)
(0.036544 -0.121152 0)
(0.0394886 -0.112356 0)
(0.0417937 -0.101838 0)
(0.0435531 -0.0902478 0)
(0.0448615 -0.0780759 0)
(0.0458021 -0.0656731 0)
(0.0464409 -0.0532761 0)
(0.0468257 -0.0410328 0)
(0.0469875 -0.0290231 0)
(0.0469428 -0.0172734 0)
(0.0466959 -0.00576593 0)
(0.0462412 0.00555707 0)
(0.0455629 0.0167925 0)
(0.0446374 0.0280789 0)
(0.0434328 0.0395976 0)
(0.0419078 0.0515725 0)
(0.040012 0.0642624 0)
(0.0376873 0.0779411 0)
(0.034872 0.0928563 0)
(0.03151 0.109161 0)
(0.0275648 0.126805 0)
(0.0230394 0.145403 0)
(0.0179956 0.164081 0)
(0.0125639 0.181394 0)
(0.00693227 0.195382 0)
(0.00130941 0.203882 0)
(-0.0041302 0.20508 0)
(-0.00928848 0.198159 0)
(-0.0141442 0.183659 0)
(-0.0187204 0.163276 0)
(-0.0230466 0.139298 0)
(-0.0271287 0.113936 0)
(-0.0309399 0.0888466 0)
(-0.0344269 0.0649658 0)
(-0.0375247 0.0426001 0)
(-0.040169 0.0216476 0)
(-0.0423009 0.00182823 0)
(-0.0438716 -0.0171406 0)
(-0.0448353 -0.035438 0)
(-0.0451412 -0.0530896 0)
(-0.0447332 -0.0699467 0)
(-0.0435474 -0.0856811 0)
(-0.041518 -0.0997846 0)
(-0.0385901 -0.111575 0)
(-0.0347424 -0.120219 0)
(-0.0300179 -0.124775 0)
(-0.0245577 -0.124274 0)
(-0.0186305 -0.117823 0)
(-0.0126396 -0.104716 0)
(-0.00715048 -0.0844923 0)
(-0.00264818 -0.0569036 0)
(-0.000334806 -0.0216987 0)
(0.000353479 -0.0238803 0)
(0.00264563 -0.0620912 0)
(0.00695729 -0.0916015 0)
(0.0120272 -0.11292 0)
(0.0173746 -0.126626 0)
(0.0224915 -0.133531 0)
(0.02707 -0.134668 0)
(0.0309513 -0.13118 0)
(0.0341016 -0.124201 0)
(0.0365699 -0.114746 0)
(0.0384494 -0.103662 0)
(0.0398462 -0.0916056 0)
(0.0408594 -0.0790579 0)
(0.0415711 -0.0663529 0)
(0.0420425 -0.0537084 0)
(0.0423154 -0.0412541 0)
(0.0424141 -0.029054 0)
(0.0423487 -0.0171212 0)
(0.0421182 -0.00542705 0)
(0.0417117 0.00609559 0)
(0.0411092 0.0175522 0)
(0.0402837 0.0290893 0)
(0.0392009 0.0408965 0)
(0.0378186 0.0532057 0)
(0.0360883 0.0662826 0)
(0.0339568 0.0804045 0)
(0.0313719 0.0958164 0)
(0.0282905 0.112656 0)
(0.0246927 0.130844 0)
(0.0205979 0.149946 0)
(0.0160789 0.169028 0)
(0.0112652 0.186589 0)
(0.00632662 0.200641 0)
(0.00143402 0.209037 0)
(-0.00328957 0.210023 0)
(-0.00779851 0.202857 0)
(-0.0121107 0.188128 0)
(-0.0162672 0.167547 0)
(-0.0202933 0.143382 0)
(-0.0241753 0.117809 0)
(-0.027861 0.0924555 0)
(-0.0312751 0.0682412 0)
(-0.0343385 0.0454719 0)
(-0.0369818 0.0240539 0)
(-0.0391487 0.00371778 0)
(-0.040797 -0.0158126 0)
(-0.0418898 -0.0347156 0)
(-0.0423841 -0.053023 0)
(-0.0422283 -0.0705956 0)
(-0.0413577 -0.0871135 0)
(-0.0396977 -0.102068 0)
(-0.0371759 -0.11476 0)
(-0.033744 -0.12431 0)
(-0.0294106 -0.129697 0)
(-0.02428 -0.129839 0)
(-0.01859 -0.123703 0)
(-0.0127276 -0.110439 0)
(-0.00726607 -0.0894647 0)
(-0.00271726 -0.0604554 0)
(-0.000349928 -0.023128 0)
(0.000356923 -0.0252923 0)
(0.0026219 -0.0654756 0)
(0.0068234 -0.0961823 0)
(0.0116788 -0.118012 0)
(0.0167028 -0.131679 0)
(0.0214036 -0.13816 0)
(0.025505 -0.138653 0)
(0.0288859 -0.134445 0)
(0.0315485 -0.126769 0)
(0.0335702 -0.116702 0)
(0.035062 -0.105113 0)
(0.0361386 -0.0926562 0)
(0.0368999 -0.0797994 0)
(0.0374238 -0.066855 0)
(0.0377651 -0.0540194 0)
(0.0379579 -0.0414035 0)
(0.0380196 -0.0290558 0)
(0.037954 -0.0169769 0)
(0.0377547 -0.00512786 0)
(0.0374064 0.00656696 0)
(0.0368855 0.0182208 0)
(0.0361624 0.0299873 0)
(0.035201 0.0420629 0)
(0.0339592 0.0546855 0)
(0.0323905 0.0681249 0)
(0.0304473 0.0826586 0)
(0.0280863 0.0985244 0)
(0.0252774 0.115842 0)
(0.0220163 0.134501 0)
(0.0183371 0.15402 0)
(0.014322 0.173416 0)
(0.0100982 0.191145 0)
(0.0058165 0.205209 0)
(0.00161221 0.213491 0)
(-0.0024383 0.214305 0)
(-0.00633511 0.206976 0)
(-0.010129 0.192127 0)
(-0.0138752 0.17146 0)
(-0.0175945 0.147209 0)
(-0.0212562 0.121507 0)
(-0.0247875 0.0959485 0)
(-0.0280952 0.0714445 0)
(-0.0310893 0.0483071 0)
(-0.0336974 0.0264588 0)
(-0.0358662 0.00564591 0)
(-0.0375602 -0.0143979 0)
(-0.0387515 -0.03385 0)
(-0.0394057 -0.0527499 0)
(-0.0394771 -0.0709718 0)
(-0.0389023 -0.0882104 0)
(-0.0376013 -0.103965 0)
(-0.0354872 -0.117529 0)
(-0.0324869 -0.127985 0)
(-0.0285748 -0.13424 0)
(-0.0238162 -0.135097 0)
(-0.0184132 -0.129376 0)
(-0.012729 -0.116062 0)
(-0.00733754 -0.0944283 0)
(-0.00277248 -0.0640499 0)
(-0.000364032 -0.0245938 0)
(0.000358742 -0.0266912 0)
(0.00258429 -0.0687811 0)
(0.00665186 -0.100588 0)
(0.0112653 -0.122821 0)
(0.0159408 -0.13635 0)
(0.020208 -0.142335 0)
(0.023827 -0.14215 0)
(0.0267163 -0.137223 0)
(0.0289131 -0.128884 0)
(0.0305204 -0.118258 0)
(0.0316635 -0.106229 0)
(0.0324616 -0.0934421 0)
(0.0330122 -0.0803418 0)
(0.0333865 -0.067217 0)
(0.033631 -0.0542417 0)
(0.0337715 -0.041508 0)
(0.033818 -0.0290496 0)
(0.0337682 -0.0168558 0)
(0.0336107 -0.00487849 0)
(0.0333265 0.00696553 0)
(0.0328892 0.0187963 0)
(0.0322672 0.0307739 0)
(0.0314236 0.0430999 0)
(0.0303171 0.0560166 0)
(0.028904 0.0697951 0)
(0.0271424 0.0847098 0)
(0.0249982 0.100988 0)
(0.0224538 0.118728 0)
(0.0195192 0.137787 0)
(0.0162418 0.157642 0)
(0.0127113 0.177268 0)
(0.00905126 0.195093 0)
(0.00539362 0.209123 0)
(0.00184008 0.217285 0)
(-0.00157465 0.217964 0)
(-0.00489025 0.210544 0)
(-0.0081852 0.195668 0)
(-0.0115262 0.175015 0)
(-0.01493 0.150766 0)
(-0.0183522 0.125005 0)
(-0.0217031 0.0992965 0)
(-0.0248758 0.0745443 0)
(-0.0277719 0.0510745 0)
(-0.0303167 0.0288317 0)
(-0.0324601 0.00758303 0)
(-0.0341731 -0.0129254 0)
(-0.0354362 -0.0328692 0)
(-0.0362241 -0.0522963 0)
(-0.0364979 -0.0710977 0)
(-0.0361982 -0.0889879 0)
(-0.0352427 -0.105482 0)
(-0.0335331 -0.119874 0)
(-0.0309748 -0.131222 0)
(-0.0275094 -0.138369 0)
(-0.0231618 -0.140004 0)
(-0.0180936 -0.13479 0)
(-0.0126378 -0.121537 0)
(-0.00736069 -0.0993458 0)
(-0.00281205 -0.067664 0)
(-0.000376858 -0.0260887 0)
(0.000359001 -0.0280698 0)
(0.00253345 -0.0719893 0)
(0.00644478 -0.104794 0)
(0.0107915 -0.127322 0)
(0.0150962 -0.14062 0)
(0.0189165 -0.146048 0)
(0.0220521 -0.145162 0)
(0.0244621 -0.13953 0)
(0.0262176 -0.130572 0)
(0.0274438 -0.119451 0)
(0.0282766 -0.107052 0)
(0.0288359 -0.0940036 0)
(0.0292136 -0.0807232 0)
(0.0294724 -0.0674729 0)
(0.0296492 -0.0544037 0)
(0.0297609 -0.0415901 0)
(0.02981 -0.0290522 0)
(0.0297881 -0.0167692 0)
(0.0296797 -0.00468538 0)
(0.0294623 0.00728913 0)
(0.0291076 0.0192802 0)
(0.0285829 0.0314528 0)
(0.0278515 0.0440131 0)
(0.0268733 0.0572054 0)
(0.0256084 0.0713001 0)
(0.0240211 0.0865654 0)
(0.0220864 0.103215 0)
(0.0197987 0.121323 0)
(0.0171813 0.140715 0)
(0.0142933 0.160829 0)
(0.0112302 0.180607 0)
(0.00811053 0.198462 0)
(0.00504759 0.212416 0)
(0.002112 0.220453 0)
(-0.000698592 0.221029 0)
(-0.00345801 0.213583 0)
(-0.0062683 0.198762 0)
(-0.00920565 0.178207 0)
(-0.0122841 0.154038 0)
(-0.0154485 0.128283 0)
(-0.0185964 0.102474 0)
(-0.02161 0.0775145 0)
(-0.0243843 0.0537485 0)
(-0.0268432 0.0311479 0)
(-0.0289394 0.00950476 0)
(-0.0306492 -0.0114197 0)
(-0.0319612 -0.031798 0)
(-0.0328591 -0.051687 0)
(-0.0333117 -0.0709963 0)
(-0.0332656 -0.0894642 0)
(-0.0326391 -0.106629 0)
(-0.0313268 -0.121795 0)
(-0.0292156 -0.134008 0)
(-0.0262168 -0.142054 0)
(-0.0223146 -0.144516 0)
(-0.0176267 -0.139899 0)
(-0.0124488 -0.126817 0)
(-0.00733157 -0.104178 0)
(-0.0028342 -0.0712724 0)
(-0.000388122 -0.0276043 0)
(0.000357761 -0.0294214 0)
(0.00246991 -0.0750835 0)
(0.00620385 -0.108778 0)
(0.0102609 -0.131493 0)
(0.0141754 -0.144474 0)
(0.0175385 -0.149293 0)
(0.0201927 -0.147695 0)
(0.0221382 -0.141387 0)
(0.0234779 -0.131864 0)
(0.0243558 -0.120316 0)
(0.0249146 -0.10762 0)
(0.0252714 -0.0943779 0)
(0.0255101 -0.0809774 0)
(0.0256831 -0.0676519 0)
(0.0258167 -0.0545297 0)
(0.0259188 -0.0416684 0)
(0.0259843 -0.0290766 0)
(0.0259993 -0.0167252 0)
(0.0259443 -0.00455202 0)
(0.0257942 0.00753809 0)
(0.0255193 0.0196757 0)
(0.0250867 0.0320299 0)
(0.0244604 0.0448096 0)
(0.0236029 0.0582598 0)
(0.0224785 0.0726478 0)
(0.021058 0.0882328 0)
(0.0193258 0.105212 0)
(0.0172879 0.123635 0)
(0.0149796 0.143295 0)
(0.0124704 0.163595 0)
(0.00985949 0.183451 0)
(0.00725958 0.201274 0)
(0.00476586 0.215118 0)
(0.00242033 0.223025 0)
(0.000187761 0.223528 0)
(-0.00203504 0.21611 0)
(-0.00437035 0.201414 0)
(-0.00690282 0.181032 0)
(-0.00964509 0.157011 0)
(-0.0125346 0.13132 0)
(-0.0154594 0.10546 0)
(-0.0182934 0.0803335 0)
(-0.0209268 0.0563084 0)
(-0.0232818 0.0333877 0)
(-0.0253134 0.0113914 0)
(-0.0270021 -0.00990127 0)
(-0.0283438 -0.0306583 0)
(-0.0293305 -0.0509448 0)
(-0.0299398 -0.0706898 0)
(-0.0301256 -0.089659 0)
(-0.02981 -0.107419 0)
(-0.0288839 -0.123296 0)
(-0.0272202 -0.136332 0)
(-0.0247025 -0.14527 0)
(-0.0212753 -0.148596 0)
(-0.0170095 -0.144655 0)
(-0.0121579 -0.131855 0)
(-0.00724669 -0.108884 0)
(-0.00283722 -0.0748482 0)
(-0.000397531 -0.0291311 0)
(0.000355066 -0.0307394 0)
(0.002394 -0.0780471 0)
(0.00593013 -0.11252 0)
(0.00967577 -0.135313 0)
(0.0131826 -0.147897 0)
(0.0160804 -0.152067 0)
(0.018257 -0.14976 0)
(0.0197538 -0.142814 0)
(0.020703 -0.132788 0)
(0.0212638 -0.120886 0)
(0.0215818 -0.107966 0)
(0.0217684 -0.0945981 0)
(0.0218973 -0.0811341 0)
(0.0220092 -0.0677789 0)
(0.0221196 -0.0546391 0)
(0.022227 -0.0417574 0)
(0.0223193 -0.0291327 0)
(0.0223772 -0.0167291 0)
(0.0223778 -0.00447973 0)
(0.0222939 0.00771444 0)
(0.0220949 0.0199875 0)
(0.0217486 0.0325116 0)
(0.0212203 0.0454969 0)
(0.0204759 0.0591875 0)
(0.0194844 0.0738455 0)
(0.018224 0.0897189 0)
(0.0166883 0.106986 0)
(0.0148943 0.125671 0)
(0.0128886 0.145535 0)
(0.010749 0.165951 0)
(0.00857752 0.185818 0)
(0.00647993 0.203554 0)
(0.00453391 0.217252 0)
(0.00275529 0.225026 0)
(0.00107993 0.225479 0)
(-0.000620742 0.218137 0)
(-0.00248665 0.203628 0)
(-0.00461043 0.183483 0)
(-0.00700503 0.159672 0)
(-0.00960333 0.134099 0)
(-0.0122869 0.108235 0)
(-0.0149238 0.0829833 0)
(-0.0174004 0.0587376 0)
(-0.0196373 0.0355354 0)
(-0.0215905 0.0132274 0)
(-0.0232441 -0.00838684 0)
(-0.0245994 -0.0294685 0)
(-0.0256569 -0.05009 0)
(-0.0264026 -0.0701997 0)
(-0.0267994 -0.0895925 0)
(-0.0267754 -0.107869 0)
(-0.0262219 -0.124383 0)
(-0.0250015 -0.138188 0)
(-0.0229743 -0.147999 0)
(-0.0200465 -0.152211 0)
(-0.0162409 -0.149015 0)
(-0.011762 -0.136603 0)
(-0.00710302 -0.113423 0)
(-0.0028195 -0.0783629 0)
(-0.000404791 -0.0306588 0)
(0.00035093 -0.0320173 0)
(0.00230577 -0.0808642 0)
(0.0056239 -0.115997 0)
(0.00903714 -0.138765 0)
(0.0121198 -0.150877 0)
(0.0145454 -0.154369 0)
(0.0162493 -0.151368 0)
(0.0173132 -0.143832 0)
(0.0178958 -0.133372 0)
(0.0181679 -0.121193 0)
(0.0182743 -0.108123 0)
(0.0183183 -0.0946926 0)
(0.0183615 -0.0812176 0)
(0.0184321 -0.0678737 0)
(0.0185345 -0.0547472 0)
(0.0186584 -0.041868 0)
(0.0187845 -0.0292269 0)
(0.0188889 -0.0167837 0)
(0.0189455 -0.00446822 0)
(0.0189257 0.00782113 0)
(0.0187986 0.0202208 0)
(0.0185327 0.0329043 0)
(0.0180959 0.0460822 0)
(0.0174576 0.0599959 0)
(0.0165928 0.0749001 0)
(0.0154868 0.0910297 0)
(0.0141429 0.108543 0)
(0.0125885 0.127437 0)
(0.0108802 0.147442 0)
(0.00910328 0.167908 0)
(0.00736088 0.187721 0)
(0.00575126 0.205316 0)
(0.00433534 0.218839 0)
(0.00310512 0.226474 0)
(0.00197104 0.226898 0)
(0.000782714 0.219673 0)
(-0.000615419 0.205403 0)
(-0.00232444 0.185551 0)
(-0.00435899 0.162007 0)
(-0.00665008 0.136604 0)
(-0.00907571 0.110782 0)
(-0.0115002 0.0854485 0)
(-0.0138066 0.0610226 0)
(-0.0159137 0.0375786 0)
(-0.0177779 0.0150004 0)
(-0.0193851 -0.00688978 0)
(-0.0207413 -0.0282443 0)
(-0.0218543 -0.0491407 0)
(-0.0227187 -0.0695459 0)
(-0.0233068 -0.0892846 0)
(-0.0235552 -0.107995 0)
(-0.0233586 -0.125068 0)
(-0.0225739 -0.139578 0)
(-0.0210418 -0.150225 0)
(-0.0186328 -0.155331 0)
(-0.0153215 -0.152938 0)
(-0.0112592 -0.141016 0)
(-0.00689803 -0.117752 0)
(-0.00277962 -0.0817866 0)
(-0.000409615 -0.0321762 0)
(0.000345316 -0.0332485 0)
(0.00220492 -0.0835186 0)
(0.0052845 -0.11919 0)
(0.00834431 -0.141828 0)
(0.0109867 -0.153403 0)
(0.0129336 -0.156197 0)
(0.0141696 -0.152527 0)
(0.0148154 -0.144459 0)
(0.0150532 -0.133641 0)
(0.0150614 -0.121263 0)
(0.014981 -0.108116 0)
(0.0149047 -0.0946845 0)
(0.0148809 -0.0812474 0)
(0.014925 -0.0679517 0)
(0.0150304 -0.0548652 0)
(0.0151779 -0.0420073 0)
(0.0153421 -0.0293634 0)
(0.0154946 -0.0168902 0)
(0.0156065 -0.00451614 0)
(0.0156481 0.00786156 0)
(0.0155887 0.0203803 0)
(0.0153982 0.033214 0)
(0.0150473 0.0465718 0)
(0.0145099 0.0606908 0)
(0.0137668 0.0758168 0)
(0.0128114 0.0921696 0)
(0.0116562 0.109886 0)
(0.0103387 0.128936 0)
(0.00892478 0.149022 0)
(0.00750565 0.169472 0)
(0.0061845 0.18917 0)
(0.00505172 0.206577 0)
(0.00415218 0.219894 0)
(0.00345632 0.227385 0)
(0.0028521 0.227796 0)
(0.00217053 0.22072 0)
(0.00124203 0.206734 0)
(-4.34746e-05 0.187227 0)
(-0.00170454 0.164 0)
(-0.00367258 0.138818 0)
(-0.00582427 0.113087 0)
(-0.00802195 0.0877156 0)
(-0.0101461 0.063152 0)
(-0.0121137 0.0395074 0)
(-0.0138804 0.016701 0)
(-0.0154325 -0.00542058 0)
(-0.0167798 -0.0269981 0)
(-0.0179359 -0.048112 0)
(-0.0189035 -0.068746 0)
(-0.0196653 -0.0887545 0)
(-0.0201675 -0.107815 0)
(-0.0203113 -0.125363 0)
(-0.0199522 -0.140504 0)
(-0.0189156 -0.151939 0)
(-0.0170404 -0.157933 0)
(-0.0142528 -0.156387 0)
(-0.0106482 -0.14505 0)
(-0.0066297 -0.121829 0)
(-0.00271625 -0.0850886 0)
(-0.000411716 -0.0336712 0)
(0.000338128 -0.0344262 0)
(0.00209075 -0.0859937 0)
(0.0049103 -0.122078 0)
(0.00759504 -0.144485 0)
(0.00978075 -0.155464 0)
(0.0112423 -0.157552 0)
(0.0120146 -0.153248 0)
(0.0122554 -0.144714 0)
(0.0121669 -0.133616 0)
(0.011932 -0.12112 0)
(0.0116845 -0.107965 0)
(0.0115048 -0.0945918 0)
(0.0114273 -0.0812375 0)
(0.0114546 -0.068023 0)
(0.0115695 -0.0550001 0)
(0.0117446 -0.0421797 0)
(0.0119484 -0.0295437 0)
(0.0121487 -0.0170482 0)
(0.0123143 -0.00462147 0)
(0.0124146 0.00783904 0)
(0.0124194 0.0204704 0)
(0.0123003 0.0334453 0)
(0.0120314 0.0469704 0)
(0.0115911 0.0612765 0)
(0.0109668 0.076599 0)
(0.0101601 0.0931411 0)
(0.00919266 0.111017 0)
(0.00811155 0.13017 0)
(0.00699104 0.150277 0)
(0.00592713 0.170649 0)
(0.00502212 0.190175 0)
(0.00435823 0.207347 0)
(0.00396518 0.22043 0)
(0.00379387 0.227769 0)
(0.00371249 0.228179 0)
(0.00353572 0.22128 0)
(0.00308163 0.207615 0)
(0.00223084 0.188498 0)
(0.000958577 0.165638 0)
(-0.00066984 0.140726 0)
(-0.00253176 0.115134 0)
(-0.00448871 0.0897718 0)
(-0.00641942 0.0651154 0)
(-0.00823862 0.0413135 0)
(-0.00990055 0.0183214 0)
(-0.0113909 -0.00398734 0)
(-0.0127215 -0.0257397 0)
(-0.0139111 -0.0470164 0)
(-0.0149696 -0.0678153 0)
(-0.0158896 -0.0880193 0)
(-0.0166285 -0.107347 0)
(-0.0170964 -0.125282 0)
(-0.0171508 -0.140972 0)
(-0.0166071 -0.153135 0)
(-0.0152761 -0.159996 0)
(-0.0130377 -0.159329 0)
(-0.00992893 -0.148662 0)
(-0.00629642 -0.125613 0)
(-0.00262822 -0.0882371 0)
(-0.000410815 -0.0351311 0)
(0.000329197 -0.0355432 0)
(0.00196213 -0.0882719 0)
(0.00449875 -0.12464 0)
(0.00678563 -0.146716 0)
(0.00849743 -0.157048 0)
(0.00946632 -0.158432 0)
(0.00977758 -0.153539 0)
(0.00962422 -0.14461 0)
(0.00922477 -0.133316 0)
(0.00876258 -0.12078 0)
(0.00836238 -0.107688 0)
(0.00809051 -0.0944267 0)
(0.00796737 -0.081197 0)
(0.00798284 -0.0680938 0)
(0.00810962 -0.0551552 0)
(0.00831274 -0.0423863 0)
(0.00855542 -0.0297677 0)
(0.00880187 -0.0172562 0)
(0.00901894 -0.00478183 0)
(0.00917534 0.00775657 0)
(0.00924153 0.0204943 0)
(0.00919124 0.0336017 0)
(0.00900194 0.0472809 0)
(0.00865728 0.0617553 0)
(0.00815131 0.0772481 0)
(0.00749371 0.0939446 0)
(0.00671532 0.111936 0)
(0.00587237 0.131139 0)
(0.00504656 0.151208 0)
(0.00433778 0.171442 0)
(0.00384663 0.190739 0)
(0.00364695 0.207633 0)
(0.00375418 0.220455 0)
(0.00410162 0.227633 0)
(0.00454006 0.22805 0)
(0.00486974 0.221348 0)
(0.00489746 0.208037 0)
(0.00449437 0.189351 0)
(0.00362791 0.166902 0)
(0.00235728 0.142311 0)
(0.000801927 0.116908 0)
(-0.000899987 0.0916048 0)
(-0.0026259 0.0669031 0)
(-0.00428817 0.0429892 0)
(-0.00583888 0.0198554 0)
(-0.00726207 -0.00259635 0)
(-0.00857021 -0.0244767 0)
(-0.00978602 -0.0458636 0)
(-0.0109257 -0.0667664 0)
(-0.0119914 -0.0870943 0)
(-0.012952 -0.106607 0)
(-0.0137284 -0.124839 0)
(-0.0141837 -0.140991 0)
(-0.0141277 -0.153812 0)
(-0.0133475 -0.161503 0)
(-0.0116798 -0.161732 0)
(-0.00910165 -0.151813 0)
(-0.00589698 -0.129062 0)
(-0.00251448 -0.0911998 0)
(-0.000406633 -0.0365425 0)
(0.000318273 -0.0365913 0)
(0.00181754 -0.090334 0)
(0.00404641 -0.126851 0)
(0.00591115 -0.1485 0)
(0.00713071 -0.158143 0)
(0.00759844 -0.158833 0)
(0.00744985 -0.153405 0)
(0.00691034 -0.144159 0)
(0.00621103 -0.132753 0)
(0.0055326 -0.120256 0)
(0.00498836 -0.107293 0)
(0.00463 -0.0941963 0)
(0.00446376 -0.0811297 0)
(0.00446753 -0.0681653 0)
(0.00460466 -0.0553301 0)
(0.00483332 -0.0426257 0)
(0.00511195 -0.0300332 0)
(0.00540161 -0.0175119 0)
(0.00566743 -0.00499473 0)
(0.00587765 0.00761649 0)
(0.00600352 0.0204541 0)
(0.00602092 0.0336846 0)
(0.00591103 0.0475042 0)
(0.00566272 0.0621272 0)
(0.00527691 0.077763 0)
(0.00477143 0.094578 0)
(0.00418602 0.112639 0)
(0.00358549 0.13184 0)
(0.00305825 0.151813 0)
(0.00270718 0.17185 0)
(0.0026305 0.190865 0)
(0.00289362 0.207438 0)
(0.00349852 0.219972 0)
(0.00436265 0.226979 0)
(0.00532155 0.227406 0)
(0.00616265 0.220919 0)
(0.00668217 0.207989 0)
(0.00674158 0.189768 0)
(0.00629906 0.167776 0)
(0.00540578 0.143554 0)
(0.00417561 0.118393 0)
(0.00274435 0.0932017 0)
(0.00123532 0.0685051 0)
(-0.000260994 0.0445273 0)
(-0.00169405 0.0212975 0)
(-0.00304528 -0.00125238 0)
(-0.00432677 -0.0232145 0)
(-0.00556381 -0.0446607 0)
(-0.00677764 -0.065609 0)
(-0.00797939 -0.0859918 0)
(-0.00914918 -0.105609 0)
(-0.0102201 -0.124048 0)
(-0.0110637 -0.140571 0)
(-0.0114882 -0.15397 0)
(-0.0112627 -0.162444 0)
(-0.0101831 -0.163572 0)
(-0.00816733 -0.154466 0)
(-0.00543051 -0.132135 0)
(-0.00237406 -0.0939441 0)
(-0.00039889 -0.0378913 0)
(0.000305024 -0.0375615 0)
(0.0016551 -0.0921589 0)
(0.00354916 -0.128686 0)
(0.00496578 -0.149816 0)
(0.00567354 -0.158734 0)
(0.00563036 -0.158751 0)
(0.00502107 -0.152849 0)
(0.00410031 -0.14337 0)
(0.00310792 -0.131937 0)
(0.00221894 -0.119556 0)
(0.00153363 -0.106784 0)
(0.00108873 -0.0939017 0)
(0.000876737 -0.0810343 0)
(0.000864394 -0.0682346 0)
(0.0010066 -0.055521 0)
(0.00125544 -0.0428937 0)
(0.00156511 -0.0303363 0)
(0.00189392 -0.0178119 0)
(0.00220544 -0.00525763 0)
(0.0024676 0.00742053 0)
(0.00265245 0.0203506 0)
(0.00273809 0.0336938 0)
(0.00270942 0.0476389 0)
(0.00256064 0.0623895 0)
(0.0022995 0.0781398 0)
(0.00195187 0.0950364 0)
(0.0015661 0.113123 0)
(0.00121497 0.132268 0)
(0.000992879 0.152088 0)
(0.00100493 0.171871 0)
(0.0013464 0.190552 0)
(0.00207417 0.206763 0)
(0.00317755 0.218983 0)
(0.00455978 0.225805 0)
(0.00604303 0.226245 0)
(0.00740338 0.219983 0)
(0.00842709 0.207457 0)
(0.00896558 0.189734 0)
(0.00896655 0.168239 0)
(0.00847136 0.144436 0)
(0.00758633 0.119572 0)
(0.0064433 0.0945471 0)
(0.00516521 0.0699102 0)
(0.00384487 0.0459198 0)
(0.00253622 0.0226423 0)
(0.00126134 4.08009e-05 0)
(9.82758e-06 -0.0219565 0)
(-0.00124505 -0.0434124 0)
(-0.00252857 -0.0643499 0)
(-0.00385947 -0.0847217 0)
(-0.00522882 -0.104365 0)
(-0.00658237 -0.122922 0)
(-0.00780231 -0.139721 0)
(-0.00869957 -0.153611 0)
(-0.00902962 -0.162809 0)
(-0.00855245 -0.164825 0)
(-0.00712742 -0.156586 0)
(-0.00489646 -0.134794 0)
(-0.00220611 -0.0964369 0)
(-0.000387303 -0.0391629 0)
(0.000289037 -0.0384436 0)
(0.0014726 -0.0937237 0)
(0.00300244 -0.130119 0)
(0.00394326 -0.150639 0)
(0.00411843 -0.158805 0)
(0.00355329 -0.15818 0)
(0.00248041 -0.151873 0)
(0.00117996 -0.142245 0)
(-0.000103339 -0.130871 0)
(-0.00120265 -0.118681 0)
(-0.0020319 -0.106162 0)
(-0.00256909 -0.0935389 0)
(-0.00283459 -0.080905 0)
(-0.00287181 -0.0682949 0)
(-0.00273333 -0.055721 0)
(-0.00247239 -0.0431841 0)
(-0.00213845 -0.0306717 0)
(-0.00177565 -0.0181522 0)
(-0.00142174 -0.00556797 0)
(-0.00110911 0.00716976 0)
(-0.000864896 0.0201834 0)
(-0.000708856 0.0336273 0)
(-0.000652354 0.0476816 0)
(-0.000695963 0.0625373 0)
(-0.000825194 0.0783723 0)
(-0.00100635 0.0953123 0)
(-0.00118291 0.113378 0)
(-0.00127467 0.132415 0)
(-0.0011821 0.152025 0)
(-0.000798627 0.171498 0)
(-3.23591e-05 0.189796 0)
(0.00116517 0.205605 0)
(0.00277112 0.217483 0)
(0.00467597 0.224109 0)
(0.00669034 0.224558 0)
(0.00858023 0.218531 0)
(0.0101225 0.206425 0)
(0.0111582 0.189228 0)
(0.0116236 0.168272 0)
(0.0115485 0.144936 0)
(0.01103 0.120423 0)
(0.0101944 0.0956246 0)
(0.00916311 0.0711052 0)
(0.00803078 0.0471572 0)
(0.00685489 0.0238835 0)
(0.00566119 0.0012791 0)
(0.00444206 -0.0207056 0)
(0.00317107 -0.0421216 0)
(0.00182009 -0.0629934 0)
(0.000364208 -0.0832904 0)
(-0.00119786 -0.102885 0)
(-0.00282451 -0.121473 0)
(-0.0044102 -0.138452 0)
(-0.0057719 -0.15274 0)
(-0.00665661 -0.162591 0)
(-0.00679285 -0.165472 0)
(-0.00598385 -0.15814 0)
(-0.00429458 -0.137 0)
(-0.00200988 -0.0986452 0)
(-0.000371587 -0.0403422 0)
(0.000269823 -0.0392262 0)
(0.00126768 -0.095003 0)
(0.00240153 -0.13112 0)
(0.0028374 -0.150944 0)
(0.00245816 -0.158342 0)
(0.00135896 -0.157112 0)
(-0.000182327 -0.150474 0)
(-0.00186432 -0.140784 0)
(-0.00344141 -0.129553 0)
(-0.00475684 -0.117626 0)
(-0.00573875 -0.105417 0)
(-0.00637932 -0.0930986 0)
(-0.00671082 -0.0807313 0)
(-0.00678571 -0.0683357 0)
(-0.00666305 -0.0559203 0)
(-0.00640059 -0.0434885 0)
(-0.00605091 -0.0310331 0)
(-0.00566026 -0.0185285 0)
(-0.00526765 -0.00592358 0)
(-0.00490569 0.00686417 0)
(-0.0046008 0.0199503 0)
(-0.00437066 0.0334812 0)
(-0.00422303 0.0476262 0)
(-0.00415337 0.0625628 0)
(-0.00414068 0.0784509 0)
(-0.00414373 0.0953952 0)
(-0.00409835 0.113393 0)
(-0.0039176 0.13227 0)
(-0.00349765 0.151614 0)
(-0.00273143 0.170722 0)
(-0.00153089 0.188589 0)
(0.000144388 0.203958 0)
(0.00226009 0.215469 0)
(0.0046949 0.221882 0)
(0.00724957 0.222336 0)
(0.00968124 0.216548 0)
(0.0117579 0.204877 0)
(0.0133102 0.188232 0)
(0.014262 0.16785 0)
(0.0146302 0.145032 0)
(0.0145011 0.120928 0)
(0.0139938 0.0964159 0)
(0.013227 0.0720755 0)
(0.0122964 0.0482289 0)
(0.0112629 0.0250141 0)
(0.0101563 0.00245823 0)
(0.00897258 -0.0194642 0)
(0.00768662 -0.0407899 0)
(0.00626867 -0.0615418 0)
(0.0046891 -0.0817023 0)
(0.00293795 -0.101174 0)
(0.0010451 -0.119708 0)
(-0.000897298 -0.136772 0)
(-0.00271521 -0.151363 0)
(-0.00415198 -0.161788 0)
(-0.00490985 -0.165496 0)
(-0.00473901 -0.159101 0)
(-0.00362494 -0.138718 0)
(-0.00178471 -0.100536 0)
(-0.000351453 -0.0414135 0)
(0.000246835 -0.0398963 0)
(0.00103792 -0.0959693 0)
(0.00174192 -0.131658 0)
(0.00164259 -0.150706 0)
(0.000686759 -0.157325 0)
(-0.000958881 -0.155538 0)
(-0.0029753 -0.148648 0)
(-0.00504521 -0.138984 0)
(-0.00692445 -0.127977 0)
(-0.00846722 -0.116382 0)
(-0.00961585 -0.104539 0)
(-0.0103759 -0.0925665 0)
(-0.0107905 -0.0804984 0)
(-0.0109197 -0.0683425 0)
(-0.0108281 -0.0561061 0)
(-0.0105771 -0.0437962 0)
(-0.0102219 -0.0314122 0)
(-0.00981065 -0.0189355 0)
(-0.00938337 -0.00632203 0)
(-0.00897298 0.00650335 0)
(-0.00860522 0.0196483 0)
(-0.00829584 0.0332494 0)
(-0.00804914 0.0474644 0)
(-0.00785569 0.0624553 0)
(-0.00768823 0.0783634 0)
(-0.00749851 0.0952712 0)
(-0.00721526 0.113153 0)
(-0.00674567 0.131816 0)
(-0.00598254 0.15084 0)
(-0.00481909 0.169532 0)
(-0.00317185 0.18692 0)
(-0.00100833 0.201812 0)
(0.00162685 0.21293 0)
(0.00460144 0.219115 0)
(0.0077075 0.219567 0)
(0.0106946 0.214019 0)
(0.0133226 0.202794 0)
(0.0154115 0.186724 0)
(0.0168722 0.166953 0)
(0.0177079 0.144699 0)
(0.0179921 0.121062 0)
(0.0178354 0.0969009 0)
(0.0173526 0.0728045 0)
(0.0166393 0.0491223 0)
(0.0157596 0.0260258 0)
(0.0147472 0.00357381 0)
(0.0136023 -0.0182337 0)
(0.0123022 -0.0394173 0)
(0.0108169 -0.059995 0)
(0.00911334 -0.0799586 0)
(0.00717435 -0.099239 0)
(0.00501891 -0.117636 0)
(0.00272643 -0.134689 0)
(0.00046018 -0.149483 0)
(-0.00152447 -0.160396 0)
(-0.00290944 -0.164883 0)
(-0.00339585 -0.159441 0)
(-0.002888 -0.139911 0)
(-0.00153008 -0.102077 0)
(-0.000326612 -0.0423607 0)
(0.000219492 -0.0404395 0)
(0.000781012 -0.0965931 0)
(0.00101961 -0.131701 0)
(0.000354742 -0.149898 0)
(-0.00119871 -0.155738 0)
(-0.00340342 -0.153449 0)
(-0.00590529 -0.146386 0)
(-0.00837375 -0.136833 0)
(-0.0105681 -0.12613 0)
(-0.0123543 -0.114934 0)
(-0.0136888 -0.103508 0)
(-0.0145894 -0.0919237 0)
(-0.0151084 -0.0801873 0)
(-0.0153123 -0.0682978 0)
(-0.0152699 -0.0562628 0)
(-0.0150457 -0.0440946 0)
(-0.0146969 -0.0317996 0)
(-0.0142732 -0.0193671 0)
(-0.0138157 -0.00676068 0)
(-0.0133576 0.00608654 0)
(-0.0129241 0.0192731 0)
(-0.012529 0.032925 0)
(-0.0121734 0.0471861 0)
(-0.0118433 0.0622022 0)
(-0.0115056 0.0780945 0)
(-0.0111054 0.0949235 0)
(-0.0105652 0.112642 0)
(-0.00978736 0.131039 0)
(-0.00866217 0.149689 0)
(-0.00708415 0.167913 0)
(-0.00497491 0.184778 0)
(-0.00231017 0.199157 0)
(0.000856185 0.209856 0)
(0.00438225 0.215797 0)
(0.00805212 0.216238 0)
(0.0116091 0.210929 0)
(0.0148055 0.200157 0)
(0.0174512 0.184682 0)
(0.0194435 0.165555 0)
(0.0207709 0.143914 0)
(0.0214932 0.120802 0)
(0.0217108 0.0970576 0)
(0.0215328 0.0732737 0)
(0.0210543 0.0498232 0)
(0.0203413 0.0269086 0)
(0.0194315 0.00462001 0)
(0.0183298 -0.0170167 0)
(0.0170167 -0.038004 0)
(0.0154629 -0.0583521 0)
(0.013634 -0.0780589 0)
(0.0115067 -0.0970789 0)
(0.00909033 -0.115259 0)
(0.0064518 -0.132211 0)
(0.00374306 -0.14711 0)
(0.00121577 -0.158417 0)
(-0.000798472 -0.163622 0)
(-0.00195783 -0.159136 0)
(-0.0020846 -0.140547 0)
(-0.00124565 -0.103235 0)
(-0.000296778 -0.0431675 0)
(0.000187203 -0.0408402 0)
(0.000494847 -0.0968434 0)
(0.000232 -0.131215 0)
(-0.00102705 -0.148494 0)
(-0.00319786 -0.153566 0)
(-0.00597622 -0.150831 0)
(-0.00897616 -0.143675 0)
(-0.0118567 -0.134319 0)
(-0.0143832 -0.123995 0)
(-0.016434 -0.113261 0)
(-0.0179784 -0.102303 0)
(-0.0190451 -0.0911466 0)
(-0.0196937 -0.0797752 0)
(-0.019996 -0.0681807 0)
(-0.0200238 -0.0563724 0)
(-0.0198438 -0.044369 0)
(-0.0195149 -0.0321846 0)
(-0.019088 -0.0198165 0)
(-0.0186054 -0.00723685 0)
(-0.0181003 0.00561243 0)
(-0.0175974 0.0188198 0)
(-0.0171091 0.0324988 0)
(-0.0166331 0.046779 0)
(-0.0161513 0.061788 0)
(-0.0156252 0.0776264 0)
(-0.014994 0.0943322 0)
(-0.014175 0.111837 0)
(-0.0130664 0.129915 0)
(-0.0115574 0.148139 0)
(-0.00954483 0.165846 0)
(-0.0069559 0.182147 0)
(-0.00377473 0.19598 0)
(-6.38887e-05 0.206234 0)
(0.00402638 0.211915 0)
(0.0082731 0.212336 0)
(0.0124146 0.207261 0)
(0.0161961 0.196949 0)
(0.0194179 0.182085 0)
(0.0219638 0.163634 0)
(0.0238068 0.142651 0)
(0.0249919 0.120124 0)
(0.025608 0.0968634 0)
(0.0257571 0.0734632 0)
(0.025532 0.0503154 0)
(0.0250003 0.027651 0)
(0.0242031 0.00558984 0)
(0.02315 -0.0158161 0)
(0.0218255 -0.0365498 0)
(0.0202024 -0.0566116 0)
(0.0182459 -0.0760015 0)
(0.0159288 -0.0946942 0)
(0.0132519 -0.112579 0)
(0.0102701 -0.12934 0)
(0.00712325 -0.144245 0)
(0.0040571 -0.155853 0)
(0.00141399 -0.161707 0)
(-0.000429464 -0.158166 0)
(-0.00121596 -0.140595 0)
(-0.000931205 -0.103979 0)
(-0.000261685 -0.0438171 0)
(0.000149337 -0.0410814 0)
(0.000178038 -0.0966885 0)
(-0.000620965 -0.13017 0)
(-0.00250055 -0.146472 0)
(-0.00530823 -0.150789 0)
(-0.00867468 -0.147669 0)
(-0.0121861 -0.140503 0)
(-0.0154953 -0.131425 0)
(-0.0183749 -0.121551 0)
(-0.0207158 -0.111338 0)
(-0.0224987 -0.100896 0)
(-0.0237611 -0.0902079 0)
(-0.0245684 -0.0792359 0)
(-0.0249957 -0.0679673 0)
(-0.025117 -0.0564146 0)
(-0.0250006 -0.0446032 0)
(-0.0247065 -0.0325551 0)
(-0.0242869 -0.0202763 0)
(-0.0237847 -0.00774751 0)
(-0.0232334 0.00507954 0)
(-0.0226573 0.0182822 0)
(-0.0220671 0.0319608 0)
(-0.0214579 0.0462288 0)
(-0.0208074 0.0611949 0)
(-0.0200724 0.0769383 0)
(-0.0191873 0.0934748 0)
(-0.0180646 0.110716 0)
(-0.0166002 0.128423 0)
(-0.0146833 0.146169 0)
(-0.0122138 0.163313 0)
(-0.00912568 0.179008 0)
(-0.00541126 0.192264 0)
(-0.0011416 0.202051 0)
(0.00352592 0.207456 0)
(0.00836239 0.207846 0)
(0.013102 0.203002 0)
(0.0174842 0.193152 0)
(0.0213 0.178913 0)
(0.0244199 0.161167 0)
(0.0268012 0.140887 0)
(0.0284733 0.119004 0)
(0.0295118 0.0962948 0)
(0.0300107 0.073352 0)
(0.0300588 0.0505818 0)
(0.0297243 0.0282401 0)
(0.029051 0.00647495 0)
(0.0280532 -0.0146359 0)
(0.0267199 -0.0350555 0)
(0.025027 -0.0547718 0)
(0.0229408 -0.0737844 0)
(0.0204317 -0.0920838 0)
(0.0174937 -0.109599 0)
(0.0141709 -0.126081 0)
(0.0105903 -0.140894 0)
(0.0069892 -0.152706 0)
(0.00371737 -0.159134 0)
(0.00118243 -0.156514 0)
(-0.000284257 -0.140026 0)
(-0.000586673 -0.104278 0)
(-0.000221078 -0.0442926 0)
(0.000105351 -0.0411457 0)
(-0.000169529 -0.0960973 0)
(-0.0015369 -0.128537 0)
(-0.00406113 -0.143809 0)
(-0.0075226 -0.147392 0)
(-0.01149 -0.143951 0)
(-0.0155269 -0.136853 0)
(-0.0192834 -0.128129 0)
(-0.0225409 -0.118773 0)
(-0.0252013 -0.109136 0)
(-0.0272552 -0.0992571 0)
(-0.0287464 -0.0890765 0)
(-0.0297443 -0.0785401 0)
(-0.0303259 -0.0676315 0)
(-0.0305663 -0.056367 0)
(-0.0305345 -0.0447791 0)
(-0.0302917 -0.0328979 0)
(-0.0298907 -0.020738 0)
(-0.0293752 -0.00828922 0)
(-0.0287789 0.0044863 0)
(-0.0281254 0.017654 0)
(-0.0274241 0.0312997 0)
(-0.0266675 0.0455199 0)
(-0.0258297 0.0604034 0)
(-0.0248635 0.0760075 0)
(-0.0236991 0.0923262 0)
(-0.0222459 0.109252 0)
(-0.0203984 0.126536 0)
(-0.0180473 0.143755 0)
(-0.0150972 0.16029 0)
(-0.0114891 0.175344 0)
(-0.00722381 0.187994 0)
(-0.00238084 0.197293 0)
(0.00287655 0.202407 0)
(0.00831462 0.202755 0)
(0.0136644 0.198136 0)
(0.0186605 0.188749 0)
(0.0230857 0.175149 0)
(0.0267977 0.158133 0)
(0.0297378 0.1386 0)
(0.0319191 0.117416 0)
(0.0334034 0.0953284 0)
(0.0342745 0.0729187 0)
(0.0346161 0.0506039 0)
(0.0344956 0.0286616 0)
(0.0339589 0.00726561 0)
(0.0330246 -0.0134816 0)
(0.0316864 -0.0335224 0)
(0.029924 -0.0528316 0)
(0.0277065 -0.0714053 0)
(0.0250032 -0.0892461 0)
(0.0218033 -0.106317 0)
(0.0181412 -0.122435 0)
(0.0141312 -0.137062 0)
(0.0100006 -0.148979 0)
(0.00610195 -0.1559 0)
(0.00286959 -0.154169 0)
(0.000706476 -0.138816 0)
(-0.000212422 -0.104103 0)
(-0.000174642 -0.044577 0)
(5.51231e-05 -0.0410153 0)
(-0.000546772 -0.0950415 0)
(-0.00251121 -0.126289 0)
(-0.00569978 -0.140486 0)
(-0.00982763 -0.143361 0)
(-0.0144064 -0.139663 0)
(-0.0189828 -0.132708 0)
(-0.023207 -0.124409 0)
(-0.0268695 -0.115632 0)
(-0.0298821 -0.106623 0)
(-0.0322425 -0.0973506 0)
(-0.0339986 -0.0877182 0)
(-0.0352214 -0.0776559 0)
(-0.0359886 -0.0671446 0)
(-0.0363753 -0.0562053 0)
(-0.0364509 -0.0448771 0)
(-0.0362769 -0.0331984 0)
(-0.035907 -0.0211922 0)
(-0.0353853 -0.00885804 0)
(-0.0347453 0.00383124 0)
(-0.0340103 0.0169282 0)
(-0.0331882 0.0305035 0)
(-0.0322692 0.0446353 0)
(-0.0312244 0.0593921 0)
(-0.030003 0.0748092 0)
(-0.0285325 0.0908592 0)
(-0.0267203 0.107417 0)
(-0.0244611 0.124227 0)
(-0.0216486 0.14087 0)
(-0.0181932 0.156756 0)
(-0.0140438 0.171135 0)
(-0.00921041 0.183154 0)
(-0.0037803 0.191948 0)
(0.00207806 0.196756 0)
(0.00812758 0.197053 0)
(0.0140968 0.192652 0)
(0.0197171 0.183728 0)
(0.0247636 0.170775 0)
(0.0290822 0.154515 0)
(0.0325984 0.135768 0)
(0.0353087 0.11534 0)
(0.0372598 0.093942 0)
(0.0385244 0.0721419 0)
(0.0391796 0.0503629 0)
(0.0392905 0.0289003 0)
(0.0389041 0.00795072 0)
(0.0380429 -0.0123598 0)
(0.0367054 -0.0319536 0)
(0.0348756 -0.050791 0)
(0.0325262 -0.0688627 0)
(0.0296274 -0.0861796 0)
(0.0261649 -0.102735 0)
(0.0221652 -0.118407 0)
(0.0177306 -0.132752 0)
(0.0130769 -0.144675 0)
(0.00855629 -0.152004 0)
(0.0046239 -0.151121 0)
(0.00175102 -0.136945 0)
(0.000190236 -0.103427 0)
(-0.000122103 -0.0446535 0)
(-1.28042e-06 -0.0406736 0)
(-0.000951325 -0.0934951 0)
(-0.00353608 -0.123406 0)
(-0.00740218 -0.136489 0)
(-0.0122034 -0.138687 0)
(-0.0174006 -0.134794 0)
(-0.022529 -0.128051 0)
(-0.0272415 -0.120241 0)
(-0.0313379 -0.112097 0)
(-0.0347373 -0.103762 0)
(-0.037442 -0.0951399 0)
(-0.039501 -0.0860968 0)
(-0.040985 -0.0765493 0)
(-0.0419706 -0.0664767 0)
(-0.0425323 -0.0559038 0)
(-0.0427391 -0.0448766 0)
(-0.0426528 -0.0334411 0)
(-0.0423272 -0.021629 0)
(-0.0418069 -0.00944945 0)
(-0.0411253 0.00311317 0)
(-0.0403048 0.0160979 0)
(-0.0393522 0.0295594 0)
(-0.0382553 0.0435571 0)
(-0.036983 0.0581386 0)
(-0.0354819 0.0733174 0)
(-0.0336776 0.0890455 0)
(-0.0314772 0.105183 0)
(-0.0287772 0.121467 0)
(-0.0254759 0.137489 0)
(-0.0214908 0.152687 0)
(-0.01678 0.166362 0)
(-0.0113624 0.17773 0)
(-0.00533305 0.186002 0)
(0.00113494 0.190494 0)
(0.00780257 0.190732 0)
(0.0143969 0.186542 0)
(0.0206474 0.178079 0)
(0.0263227 0.165782 0)
(0.0312578 0.150298 0)
(0.0353631 0.132375 0)
(0.0386183 0.112757 0)
(0.0410545 0.0921152 0)
(0.042732 0.0710016 0)
(0.0437198 0.0498402 0)
(0.0440794 0.0289401 0)
(0.0438579 0.00851799 0)
(0.0430808 -0.0112789 0)
(0.0417512 -0.0303536 0)
(0.0398579 -0.0486514 0)
(0.0373779 -0.0661561 0)
(0.0342835 -0.0828839 0)
(0.030559 -0.0988539 0)
(0.0262241 -0.113999 0)
(0.0213704 -0.127972 0)
(0.0162015 -0.139803 0)
(0.0110663 -0.147448 0)
(0.00643556 -0.147363 0)
(0.00284379 -0.134395 0)
(0.000619426 -0.102226 0)
(-6.36028e-05 -0.0445059 0)
(-6.36346e-05 -0.0401054 0)
(-0.00137917 -0.0914373 0)
(-0.00459976 -0.119873 0)
(-0.00914843 -0.131812 0)
(-0.014623 -0.133365 0)
(-0.0204406 -0.129335 0)
(-0.0261305 -0.122866 0)
(-0.0313511 -0.115599 0)
(-0.0359101 -0.108136 0)
(-0.0397318 -0.100518 0)
(-0.0428195 -0.0925862 0)
(-0.0452206 -0.0841743 0)
(-0.047003 -0.0751853 0)
(-0.0482409 -0.0655964 0)
(-0.0490072 -0.0554358 0)
(-0.04937 -0.0447556 0)
(-0.0493909 -0.0336094 0)
(-0.0491239 -0.0220373 0)
(-0.0486136 -0.0100583 0)
(-0.0478927 0.00233128 0)
(-0.0469833 0.0151564 0)
(-0.0458906 0.028455 0)
(-0.0446007 0.0422674 0)
(-0.0430805 0.0566203 0)
(-0.0412751 0.0715057 0)
(-0.0391095 0.0868567 0)
(-0.0364921 0.10252 0)
(-0.033323 0.118228 0)
(-0.0295067 0.133586 0)
(-0.0249693 0.148062 0)
(-0.0196789 0.161007 0)
(-0.0136637 0.171706 0)
(-0.00702613 0.179447 0)
(5.65943e-05 0.183616 0)
(0.00734476 0.183787 0)
(0.0145653 0.179803 0)
(0.0214468 0.171799 0)
(0.0277529 0.160164 0)
(0.0333089 0.145475 0)
(0.0380109 0.128408 0)
(0.0418222 0.109651 0)
(0.0447577 0.0898308 0)
(0.0468644 0.0694794 0)
(0.0482019 0.049018 0)
(0.0488268 0.0287653 0)
(0.048785 0.00895417 0)
(0.0481042 -0.0102489 0)
(0.0467917 -0.028729 0)
(0.044841 -0.0464166 0)
(0.042234 -0.0632872 0)
(0.0389461 -0.0793597 0)
(0.0349614 -0.0946749 0)
(0.0302951 -0.109217 0)
(0.025029 -0.122728 0)
(0.0193547 -0.134369 0)
(0.0136153 -0.14224 0)
(0.00829235 -0.142895 0)
(0.00397788 -0.131155 0)
(0.00107284 -0.100481 0)
(6.71026e-07 -0.0441193 0)
(-0.000131319 -0.039298 0)
(-0.00182432 -0.0888539 0)
(-0.00568651 -0.115684 0)
(-0.0109127 -0.126457 0)
(-0.0170516 -0.127398 0)
(-0.0234848 -0.123284 0)
(-0.0297411 -0.11714 0)
(-0.0354863 -0.11046 0)
(-0.040535 -0.103716 0)
(-0.0448135 -0.0968524 0)
(-0.0483225 -0.0896504 0)
(-0.0511049 -0.0819123 0)
(-0.0532234 -0.0735279 0)
(-0.0547481 -0.0644714 0)
(-0.0557492 -0.0547736 0)
(-0.0562934 -0.0444917 0)
(-0.0564419 -0.0336861 0)
(-0.0562483 -0.0224054 0)
(-0.0557571 -0.0106788 0)
(-0.0550004 0.00148537 0)
(-0.0539991 0.0140974 0)
(-0.0527576 0.0271781 0)
(-0.0512601 0.0407486 0)
(-0.0494726 0.0548148 0)
(-0.0473395 0.0693486 0)
(-0.0447867 0.0842651 0)
(-0.0417254 0.0993993 0)
(-0.0380612 0.114484 0)
(-0.0337065 0.129138 0)
(-0.0285974 0.142861 0)
(-0.0227127 0.155057 0)
(-0.0160905 0.165076 0)
(-0.00884022 0.172279 0)
(-0.00114245 0.176119 0)
(0.00676341 0.176219 0)
(0.0146053 0.172437 0)
(0.0221126 0.164889 0)
(0.0290452 0.153919 0)
(0.03522 0.140041 0)
(0.04052 0.123863 0)
(0.0448926 0.106012 0)
(0.0483366 0.0870755 0)
(0.0508848 0.0675601 0)
(0.0525863 0.0478804 0)
(0.0534916 0.0283602 0)
(0.0536441 0.00924539 0)
(0.0530728 -0.00928129 0)
(0.0517882 -0.0270885 0)
(0.0497887 -0.0440927 0)
(0.0470608 -0.0602601 0)
(0.0435839 -0.0756103 0)
(0.0393433 -0.0902019 0)
(0.034351 -0.104066 0)
(0.028681 -0.11703 0)
(0.0225134 -0.128387 0)
(0.0161837 -0.136389 0)
(0.0101795 -0.137719 0)
(0.00514448 -0.127215 0)
(0.00154744 -0.0981726 0)
(7.0577e-05 -0.04348 0)
(-0.000203279 -0.0382424 0)
(-0.00227882 -0.0857398 0)
(-0.00677658 -0.110844 0)
(-0.0126637 -0.120435 0)
(-0.0194471 -0.120798 0)
(-0.0264821 -0.116644 0)
(-0.0333025 -0.110864 0)
(-0.0395832 -0.104804 0)
(-0.0451442 -0.0988078 0)
(-0.0499108 -0.0927298 0)
(-0.0538777 -0.086294 0)
(-0.0570794 -0.0792725 0)
(-0.0595712 -0.071541 0)
(-0.0614171 -0.0630694 0)
(-0.0626837 -0.0538891 0)
(-0.0634355 -0.0440615 0)
(-0.0637326 -0.0336533 0)
(-0.0636281 -0.022721 0)
(-0.063166 -0.0113043 0)
(-0.0623776 0.000576116 0)
(-0.0612829 0.0129154 0)
(-0.0598849 0.0257175 0)
(-0.0581672 0.0389842 0)
(-0.0560947 0.0527016 0)
(-0.0536129 0.0668222 0)
(-0.0506498 0.0812453 0)
(-0.0471213 0.095797 0)
(-0.04294 0.110212 0)
(-0.0380281 0.124125 0)
(-0.0323328 0.13707 0)
(-0.0258446 0.148501 0)
(-0.0186115 0.157833 0)
(-0.0107497 0.164496 0)
(-0.00244255 0.168008 0)
(0.00607185 0.168034 0)
(0.0145238 0.16445 0)
(0.0226445 0.157357 0)
(0.0301921 0.147055 0)
(0.0369762 0.134 0)
(0.0428683 0.118737 0)
(0.0478007 0.101836 0)
(0.0517562 0.0838411 0)
(0.0547531 0.0652324 0)
(0.0568293 0.0464138 0)
(0.0580279 0.0277105 0)
(0.0583885 0.00937771 0)
(0.0579401 -0.00838866 0)
(0.056696 -0.0254428 0)
(0.0546582 -0.0416881 0)
(0.0518183 -0.0570814 0)
(0.0481596 -0.0716412 0)
(0.0436696 -0.085441 0)
(0.0383592 -0.0985535 0)
(0.0322962 -0.11089 0)
(0.0256504 -0.12187 0)
(0.0187481 -0.129911 0)
(0.0120796 -0.131846 0)
(0.00633269 -0.122576 0)
(0.00203917 -0.0952907 0)
(0.000145767 -0.0425759 0)
(-0.000278009 -0.0369348 0)
(-0.00273281 -0.0821002 0)
(-0.00784667 -0.105372 0)
(-0.0143644 -0.113771 0)
(-0.0217601 -0.113586 0)
(-0.0293717 -0.109427 0)
(-0.0367436 -0.104038 0)
(-0.0435618 -0.0986175 0)
(-0.0496506 -0.0933874 0)
(-0.0549309 -0.0881182 0)
(-0.0593878 -0.082481 0)
(-0.0630444 -0.0762178 0)
(-0.0659454 -0.069189 0)
(-0.0681469 -0.0613576 0)
(-0.0697099 -0.0527538 0)
(-0.0706961 -0.0434414 0)
(-0.0711638 -0.0334922 0)
(-0.0711652 -0.0229708 0)
(-0.0707435 -0.0119272 0)
(-0.0699292 -0.000394657 0)
(-0.0687409 0.0116067 0)
(-0.0671812 0.024064 0)
(-0.0652328 0.0369603 0)
(-0.0628612 0.0502628 0)
(-0.0600135 0.0639062 0)
(-0.0566217 0.0777762 0)
(-0.0526078 0.0916924 0)
(-0.0478935 0.105394 0)
(-0.0424118 0.118533 0)
(-0.0361227 0.130679 0)
(-0.0290285 0.141336 0)
(-0.0211878 0.14998 0)
(-0.0127227 0.156107 0)
(-0.00381914 0.159293 0)
(0.00528738 0.159248 0)
(0.0143306 0.15586 0)
(0.0230449 0.149218 0)
(0.0311878 0.139586 0)
(0.0385639 0.127364 0)
(0.0450343 0.113039 0)
(0.0505172 0.0971261 0)
(0.0549804 0.0801254 0)
(0.0584275 0.0624896 0)
(0.0608845 0.0446083 0)
(0.0623859 0.026804 0)
(0.0629667 0.0093377 0)
(0.0626546 -0.0075844 0)
(0.0614642 -0.0238044 0)
(0.0594006 -0.0392137 0)
(0.0564596 -0.0537603 0)
(0.0526289 -0.0674607 0)
(0.0478989 -0.0804006 0)
(0.0422809 -0.0926912 0)
(0.0358387 -0.104321 0)
(0.0287332 -0.114837 0)
(0.0212813 -0.122824 0)
(0.0139714 -0.125291 0)
(0.00752926 -0.117243 0)
(0.0025428 -0.0918286 0)
(0.000225658 -0.0413977 0)
(-0.000353584 -0.0353769 0)
(-0.00317491 -0.0779523 0)
(-0.00887073 -0.0992991 0)
(-0.0159743 -0.106504 0)
(-0.0239352 -0.105797 0)
(-0.0320841 -0.101659 0)
(-0.0399814 -0.0966734 0)
(-0.0473263 -0.0918966 0)
(-0.0539467 -0.0874383 0)
(-0.059757 -0.082992 0)
(-0.0647294 -0.0781797 0)
(-0.0688721 -0.0727139 0)
(-0.072216 -0.0664374 0)
(-0.0748067 -0.0593035 0)
(-0.0766979 -0.0513384 0)
(-0.0779467 -0.0426062 0)
(-0.0786086 -0.0331828 0)
(-0.0787344 -0.0231402 0)
(-0.0783664 -0.0125383 0)
(-0.077534 -0.00142327 0)
(-0.076255 0.0101697 0)
(-0.0745313 0.0222111 0)
(-0.0723459 0.0346664 0)
(-0.0696656 0.0474847 0)
(-0.0664406 0.0605853 0)
(-0.0626079 0.0738424 0)
(-0.0580978 0.0870716 0)
(-0.0528421 0.100019 0)
(-0.0467865 0.112356 0)
(-0.0399043 0.123688 0)
(-0.0322106 0.133566 0)
(-0.0237739 0.141526 0)
(-0.0147223 0.147125 0)
(-0.00524317 0.149993 0)
(0.00443091 0.14988 0)
(0.0140384 0.146689 0)
(0.0233181 0.140497 0)
(0.0320285 0.131534 0)
(0.0399707 0.120153 0)
(0.0469971 0.106784 0)
(0.0530134 0.0918918 0)
(0.0579728 0.0759329 0)
(0.0618648 0.0593309 0)
(0.0647031 0.042458 0)
(0.0665129 0.0256312 0)
(0.0673234 0.00911339 0)
(0.0671594 -0.00688178 0)
(0.0660359 -0.0221867 0)
(0.0639598 -0.0366823 0)
(0.0609304 -0.0503084 0)
(0.0569394 -0.0630795 0)
(0.0519812 -0.0750922 0)
(0.0460691 -0.0864924 0)
(0.0392653 -0.0973419 0)
(0.0317234 -0.107311 0)
(0.0237506 -0.115156 0)
(0.0158304 -0.118078 0)
(0.00871828 -0.111231 0)
(0.00305177 -0.0877876 0)
(0.000309392 -0.039939 0)
(-0.000427753 -0.0335775 0)
(-0.00359285 -0.0733264 0)
(-0.0098213 -0.0926723 0)
(-0.0174503 -0.0986874 0)
(-0.0259132 -0.0974837 0)
(-0.0345428 -0.0933795 0)
(-0.0429214 -0.0887961 0)
(-0.0507647 -0.084652 0)
(-0.0579046 -0.0809565 0)
(-0.0642476 -0.0773351 0)
(-0.0697505 -0.0733653 0)
(-0.0744032 -0.0687304 0)
(-0.0782201 -0.0632533 0)
(-0.0812328 -0.0568744 0)
(-0.0834848 -0.0496125 0)
(-0.0850265 -0.0415292 0)
(-0.0859095 -0.0327029 0)
(-0.0861818 -0.0232119 0)
(-0.0858842 -0.0131257 0)
(-0.0850457 -0.00250294 0)
(-0.0836829 0.0086064 0)
(-0.0817978 0.0201568 0)
(-0.0793747 0.0320969 0)
(-0.0763826 0.0443598 0)
(-0.0727759 0.056851 0)
(-0.0684987 0.0694361 0)
(-0.0634905 0.0819292 0)
(-0.057695 0.0940852 0)
(-0.0510714 0.105597 0)
(-0.0436071 0.116104 0)
(-0.03533 0.125206 0)
(-0.0263186 0.13249 0)
(-0.0167066 0.137573 0)
(-0.00668191 0.140135 0)
(0.00352638 0.139961 0)
(0.0136627 0.136969 0)
(0.0234711 0.131225 0)
(0.0327127 0.122931 0)
(0.0411864 0.112395 0)
(0.0487377 0.0999969 0)
(0.0552615 0.0861518 0)
(0.0606975 0.0712759 0)
(0.0650218 0.0557617 0)
(0.0682354 0.0399626 0)
(0.0703539 0.0241865 0)
(0.0713994 0.00869535 0)
(0.0713928 -0.00629272 0)
(0.0703476 -0.0206027 0)
(0.0682718 -0.034107 0)
(0.0651668 -0.0467386 0)
(0.0610286 -0.0585106 0)
(0.0558563 -0.0695297 0)
(0.0496672 -0.0799745 0)
(0.0425239 -0.0899753 0)
(0.034575 -0.0993204 0)
(0.0261177 -0.10694 0)
(0.0176273 -0.110239 0)
(0.00988095 -0.104563 0)
(0.00355809 -0.0831772 0)
(0.00039579 -0.0381974 0)
(-0.000498113 -0.0315525 0)
(-0.00397433 -0.0682659 0)
(-0.0106714 -0.0855538 0)
(-0.0187496 -0.0903912 0)
(-0.0276332 -0.0887138 0)
(-0.0366669 -0.0846497 0)
(-0.0454607 -0.0804524 0)
(-0.0537512 -0.0769136 0)
(-0.0613765 -0.0739555 0)
(-0.0682355 -0.071146 0)
(-0.0742683 -0.0680237 0)
(-0.0794446 -0.0642435 0)
(-0.0837583 -0.0596069 0)
(-0.0872237 -0.0540376 0)
(-0.0898706 -0.0475434 0)
(-0.0917394 -0.0401802 0)
(-0.0928751 -0.0320262 0)
(-0.0933218 -0.0231642 0)
(-0.093118 -0.0136726 0)
(-0.0922915 -0.00362177 0)
(-0.0908586 0.00692433 0)
(-0.0888221 0.0179049 0)
(-0.0861683 0.0292532 0)
(-0.0828698 0.0408882 0)
(-0.0788868 0.0527039 0)
(-0.0741716 0.0645595 0)
(-0.0686745 0.0762703 0)
(-0.0623521 0.087602 0)
(-0.0551782 0.0982702 0)
(-0.0471543 0.107947 0)
(-0.0383214 0.116278 0)
(-0.0287673 0.122901 0)
(-0.0186309 0.127485 0)
(-0.00810009 0.129756 0)
(0.00260013 0.12953 0)
(0.0132211 0.12674 0)
(0.0235128 0.121444 0)
(0.0332405 0.113817 0)
(0.0422024 0.104127 0)
(0.0502388 0.0927096 0)
(0.0572355 0.079933 0)
(0.06312 0.0661743 0)
(0.0678556 0.0517951 0)
(0.071431 0.0371281 0)
(0.0738517 0.0224698 0)
(0.0751316 0.00807846 0)
(0.0752865 -0.005826 0)
(0.0743273 -0.0190635 0)
(0.0722615 -0.0315001 0)
(0.0690924 -0.043064 0)
(0.0648204 -0.0537681 0)
(0.0594502 -0.0637302 0)
(0.0530053 -0.0731593 0)
(0.0455511 -0.0822501 0)
(0.037233 -0.090903 0)
(0.0283376 -0.0982179 0)
(0.0193283 -0.101819 0)
(0.0109955 -0.097276 0)
(0.00405231 -0.0780167 0)
(0.000483337 -0.0361753 0)
(-0.000562375 -0.0293246 0)
(-0.00430832 -0.0628266 0)
(-0.0113967 -0.0780207 0)
(-0.0198326 -0.081703 0)
(-0.0290372 -0.0795765 0)
(-0.0383755 -0.075552 0)
(-0.0474918 -0.0717133 0)
(-0.0561496 -0.0687368 0)
(-0.0641974 -0.0664727 0)
(-0.0715295 -0.0644435 0)
(-0.0780699 -0.0621562 0)
(-0.0837667 -0.05924 0)
(-0.088591 -0.0554735 0)
(-0.0925356 -0.0507612 0)
(-0.0956122 -0.0450956 0)
(-0.097847 -0.0385235 0)
(-0.0992749 -0.0311193 0)
(-0.0999332 -0.0229679 0)
(-0.0998563 -0.0141544 0)
(-0.0990706 -0.00475968 0)
(-0.0975921 0.00513953 0)
(-0.0954249 0.0154684 0)
(-0.0925587 0.0261465 0)
(-0.0889709 0.0370804 0)
(-0.084629 0.0481552 0)
(-0.079495 0.0592261 0)
(-0.0735312 0.0701119 0)
(-0.0667081 0.0805907 0)
(-0.0590142 0.090401 0)
(-0.050466 0.099248 0)
(-0.0411166 0.106818 0)
(-0.0310632 0.112799 0)
(-0.0204489 0.116903 0)
(-0.00946112 0.1189 0)
(0.00167969 0.118635 0)
(0.0127323 0.116052 0)
(0.0234537 0.111203 0)
(0.0336139 0.10424 0)
(0.0430121 0.0953958 0)
(0.0514851 0.0849639 0)
(0.0589108 0.0732715 0)
(0.0652064 0.0606573 0)
(0.0703228 0.0474526 0)
(0.0742373 0.0339686 0)
(0.0769445 0.0204883 0)
(0.0784498 0.00726418 0)
(0.0787624 -0.00548467 0)
(0.0778898 -0.0175756 0)
(0.0758383 -0.0288709 0)
(0.0726133 -0.0392964 0)
(0.0682199 -0.0488675 0)
(0.0626706 -0.057714 0)
(0.0559969 -0.0660749 0)
(0.0482694 -0.0742036 0)
(0.0396313 -0.0821058 0)
(0.0303572 -0.0890457 0)
(0.0208945 -0.0928737 0)
(0.0120371 -0.0894168 0)
(0.00452361 -0.0723367 0)
(0.000570184 -0.0338808 0)
(-0.000618715 -0.0269223 0)
(-0.00458643 -0.0570747 0)
(-0.0119787 -0.0701632 0)
(-0.0206671 -0.0727272 0)
(-0.0300739 -0.0701821 0)
(-0.0395924 -0.0661959 0)
(-0.048908 -0.0626804 0)
(-0.0578187 -0.0602092 0)
(-0.0661905 -0.0585766 0)
(-0.0739184 -0.0572743 0)
(-0.0809137 -0.0557869 0)
(-0.0871041 -0.0537225 0)
(-0.092436 -0.0508377 0)
(-0.0968773 -0.0470158 0)
(-0.100417 -0.0422311 0)
(-0.103061 -0.0365165 0)
(-0.10483 -0.029939 0)
(-0.10575 -0.0225818 0)
(-0.105848 -0.0145338 0)
(-0.105148 -0.00588366 0)
(-0.103664 0.00328109 0)
(-0.101404 0.0128734 0)
(-0.0983594 0.022801 0)
(-0.0945153 0.0329604 0)
(-0.0898478 0.0432301 0)
(-0.0843298 0.0534636 0)
(-0.0779368 0.0634852 0)
(-0.070654 0.0730866 0)
(-0.0624853 0.0820291 0)
(-0.0534613 0.0900499 0)
(-0.0436475 0.0968741 0)
(-0.0331496 0.102232 0)
(-0.0221146 0.10588 0)
(-0.0107286 0.107622 0)
(0.000792525 0.107331 0)
(0.0122155 0.104961 0)
(0.0233044 0.100559 0)
(0.0338355 0.0942565 0)
(0.0436095 0.0862551 0)
(0.0524613 0.0768107 0)
(0.0602625 0.0662124 0)
(0.066921 0.0547635 0)
(0.0723769 0.0427659 0)
(0.0765957 0.0305083 0)
(0.0795615 0.0182596 0)
(0.0812705 0.00626395 0)
(0.0817252 -0.00526259 0)
(0.0809291 -0.0161375 0)
(0.0788879 -0.0262225 0)
(0.0756097 -0.0354445 0)
(0.0711065 -0.0438247 0)
(0.0654007 -0.0515067 0)
(0.0585341 -0.0587579 0)
(0.0505841 -0.0658855 0)
(0.0416913 -0.0729903 0)
(0.0321155 -0.079493 0)
(0.0222822 -0.0834739 0)
(0.0129787 -0.0810489 0)
(0.00496013 -0.0661802 0)
(0.000654228 -0.0313285 0)
(-0.000666198 -0.0243781 0)
(-0.00480444 -0.0510834 0)
(-0.0124065 -0.0620822 0)
(-0.0212311 -0.0635837 0)
(-0.0307035 -0.0606633 0)
(-0.0402519 -0.0567196 0)
(-0.0496105 -0.0534898 0)
(-0.0586204 -0.0514563 0)
(-0.0671751 -0.0503747 0)
(-0.0751786 -0.0497217 0)
(-0.0825365 -0.0489715 0)
(-0.0891593 -0.0477184 0)
(-0.0949695 -0.0457005 0)
(-0.0999079 -0.0427802 0)
(-0.103936 -0.0389112 0)
(-0.107035 -0.0341095 0)
(-0.109202 -0.0284298 0)
(-0.110449 -0.021949 0)
(-0.110789 -0.0147553 0)
(-0.110241 -0.00694152 0)
(-0.108816 0.00139757 0)
(-0.106522 0.0101651 0)
(-0.103358 0.0192598 0)
(-0.0993127 0.0285705 0)
(-0.0943741 0.0379714 0)
(-0.0885272 0.0473168 0)
(-0.0817616 0.0564376 0)
(-0.074078 0.0651403 0)
(-0.0654956 0.0732087 0)
(-0.0560594 0.08041 0)
(-0.0458468 0.0865053 0)
(-0.0349714 0.0912635 0)
(-0.0235835 0.0944788 0)
(-0.011868 0.0959877 0)
(-3.56385e-05 0.095685 0)
(0.0116878 0.093535 0)
(0.0230741 0.0895795 0)
(0.0339056 0.0839325 0)
(0.0439858 0.0767687 0)
(0.0531484 0.0683106 0)
(0.06126 0.0588122 0)
(0.0682205 0.0485439 0)
(0.0739597 0.0377794 0)
(0.0784322 0.0267857 0)
(0.0816117 0.0158156 0)
(0.0834856 0.00510355 0)
(0.0840501 -0.00514019 0)
(0.0833058 -0.0147365 0)
(0.0812596 -0.0235503 0)
(0.077925 -0.031514 0)
(0.073324 -0.0386579 0)
(0.0674918 -0.0451416 0)
(0.0604824 -0.0512584 0)
(0.0523799 -0.0573622 0)
(0.0433199 -0.0636373 0)
(0.0335424 -0.0696496 0)
(0.0234433 -0.0737101 0)
(0.0137913 -0.0722519 0)
(0.00534958 -0.0596038 0)
(0.000733286 -0.02854 0)
(-0.000705228 -0.0217254 0)
(-0.00496353 -0.0449292 0)
(-0.0126794 -0.0538855 0)
(-0.0215156 -0.0544058 0)
(-0.0309008 -0.051174 0)
(-0.0403039 -0.0472915 0)
(-0.049515 -0.0443155 0)
(-0.0584291 -0.0426472 0)
(-0.0669782 -0.0420208 0)
(-0.0750873 -0.041915 0)
(-0.0826656 -0.0418081 0)
(-0.0896136 -0.0412909 0)
(-0.0958336 -0.0400901 0)
(-0.101239 -0.0380501 0)
(-0.105762 -0.0351045 0)
(-0.109352 -0.0312498 0)
(-0.111979 -0.0265245 0)
(-0.11363 -0.020994 0)
(-0.114301 -0.0147404 0)
(-0.113998 -0.00785512 0)
(-0.112726 -0.000435498 0)
(-0.11049 0.0074161 0)
(-0.107294 0.0155926 0)
(-0.103135 0.0239784 0)
(-0.0980095 0.032446 0)
(-0.0919162 0.0408524 0)
(-0.0848598 0.049037 0)
(-0.0768568 0.0568212 0)
(-0.0679423 0.0640106 0)
(-0.0581756 0.0704005 0)
(-0.0476455 0.0757845 0)
(-0.0364732 0.0799663 0)
(-0.0248125 0.082773 0)
(-0.0128469 0.0840694 0)
(-0.000782592 0.0837697 0)
(0.0111618 0.0818467 0)
(0.0227655 0.0783381 0)
(0.0338167 0.0733425 0)
(0.0441219 0.0670108 0)
(0.0535143 0.0595359 0)
(0.0618561 0.0511405 0)
(0.06904 0.0420647 0)
(0.0749865 0.0325555 0)
(0.0796402 0.0228579 0)
(0.0829656 0.0132081 0)
(0.0849426 0.00382835 0)
(0.0855633 -0.00508006 0)
(0.0848286 -0.0133454 0)
(0.0827505 -0.0208408 0)
(0.0793525 -0.0275083 0)
(0.0746707 -0.0333913 0)
(0.068756 -0.0386654 0)
(0.0616754 -0.0436465 0)
(0.0535176 -0.0487249 0)
(0.0444083 -0.0541536 0)
(0.0345588 -0.0596304 0)
(0.0243256 -0.0636952 0)
(0.0144453 -0.0631244 0)
(0.00568008 -0.0526781 0)
(0.00080539 -0.0255436 0)
(-0.000737926 -0.0189949 0)
(-0.00507067 -0.0386865 0)
(-0.012806 -0.0456842 0)
(-0.0215236 -0.0453377 0)
(-0.0306552 -0.0418881 0)
(-0.0397155 -0.0381088 0)
(-0.0485575 -0.0353691 0)
(-0.0571404 -0.0339965 0)
(-0.0654478 -0.0337196 0)
(-0.0734385 -0.0340371 0)
(-0.0810381 -0.0344478 0)
(-0.0881468 -0.0345527 0)
(-0.094654 -0.0340768 0)
(-0.10045 -0.0328535 0)
(-0.105436 -0.0307998 0)
(-0.109528 -0.0278927 0)
(-0.112665 -0.0241518 0)
(-0.1148 -0.0196265 0)
(-0.115904 -0.0143866 0)
(-0.115964 -0.00851595 0)
(-0.11497 -0.00210813 0)
(-0.112924 0.00473505 0)
(-0.109826 0.0119054 0)
(-0.10568 0.019287 0)
(-0.100492 0.0267538 0)
(-0.0942731 0.0341679 0)
(-0.0870428 0.0413788 0)
(-0.0788338 0.048223 0)
(-0.069697 0.0545271 0)
(-0.0597061 0.060112 0)
(-0.0489613 0.0648009 0)
(-0.0375919 0.0684277 0)
(-0.0257551 0.0708487 0)
(-0.0136341 0.0719524 0)
(-0.00143123 0.0716701 0)
(0.0106409 0.0699815 0)
(0.0223677 0.0669209 0)
(0.0335425 0.0625736 0)
(0.0439744 0.0570695 0)
(0.0534958 0.0505756 0)
(0.0619654 0.0432864 0)
(0.069269 0.0354141 0)
(0.0753192 0.0271803 0)
(0.0800524 0.0188079 0)
(0.0834263 0.010515 0)
(0.0854169 0.00250825 0)
(0.0860167 -0.00502397 0)
(0.0852323 -0.0119225 0)
(0.0830872 -0.0180736 0)
(0.0796208 -0.023434 0)
(0.0748884 -0.0280617 0)
(0.0689588 -0.0321472 0)
(0.0619109 -0.0360214 0)
(0.0538326 -0.0400977 0)
(0.0448306 -0.0446802 0)
(0.0350762 -0.0495817 0)
(0.0248732 -0.0535687 0)
(0.0149111 -0.0537859 0)
(0.00594111 -0.0454882 0)
(0.000869216 -0.0223741 0)
(-0.000768235 -0.0162113 0)
(-0.00513726 -0.0324245 0)
(-0.0128005 -0.03759 0)
(-0.0212643 -0.036532 0)
(-0.0299643 -0.0329953 0)
(-0.0384665 -0.0293934 0)
(-0.0466931 -0.0268956 0)
(-0.054677 -0.025761 0)
(-0.0624647 -0.0257263 0)
(-0.0700627 -0.0263281 0)
(-0.0774257 -0.027103 0)
(-0.0844663 -0.0276781 0)
(-0.0910709 -0.0277898 0)
(-0.0971141 -0.0272708 0)
(-0.102472 -0.0260278 0)
(-0.107029 -0.0240219 0)
(-0.110686 -0.021254 0)
(-0.113363 -0.0177546 0)
(-0.114999 -0.0135762 0)
(-0.115549 -0.00878855 0)
(-0.114986 -0.00347425 0)
(-0.113294 0.00227288 0)
(-0.110468 0.00834982 0)
(-0.106512 0.0146454 0)
(-0.101437 0.0210398 0)
(-0.0952646 0.0274036 0)
(-0.0880267 0.0335978 0)
(-0.0797711 0.0394751 0)
(-0.0705642 0.0448819 0)
(-0.0604936 0.0496631 0)
(-0.0496716 0.0536677 0)
(-0.0382357 0.0567567 0)
(-0.026348 0.0588109 0)
(-0.0141924 0.0597396 0)
(-0.00196954 0.059488 0)
(0.0101121 0.0580419 0)
(0.0218423 0.0554322 0)
(0.033018 0.0517328 0)
(0.0434494 0.0470554 0)
(0.0529679 0.0415438 0)
(0.0614287 0.035367 0)
(0.0687124 0.0287112 0)
(0.0747256 0.0217729 0)
(0.0794 0.0147519 0)
(0.082691 0.00784515 0)
(0.0845769 0.00123997 0)
(0.0850579 -0.00489385 0)
(0.0841541 -0.0104153 0)
(0.0819086 -0.0152293 0)
(0.0783835 -0.0193101 0)
(0.0736571 -0.0227303 0)
(0.0678166 -0.0256895 0)
(0.0609486 -0.0285225 0)
(0.0531318 -0.0316481 0)
(0.0444416 -0.0354002 0)
(0.034994 -0.0396885 0)
(0.0250247 -0.0435022 0)
(0.0151583 -0.0443798 0)
(0.00612379 -0.0381342 0)
(0.000924532 -0.019071 0)
(-0.000801337 -0.0133904 0)
(-0.00517418 -0.0262073 0)
(-0.0126704 -0.0297167 0)
(-0.0207363 -0.0281494 0)
(-0.0288157 -0.0246989 0)
(-0.0365328 -0.0213847 0)
(-0.0438848 -0.019164 0)
(-0.0509839 -0.0182293 0)
(-0.0579485 -0.0183377 0)
(-0.0648425 -0.0190798 0)
(-0.0716619 -0.0200477 0)
(-0.0783435 -0.020911 0)
(-0.0847827 -0.0214324 0)
(-0.0908496 -0.0214559 0)
(-0.0964038 -0.020888 0)
(-0.101305 -0.0196803 0)
(-0.105423 -0.0178185 0)
(-0.108642 -0.0153145 0)
(-0.110865 -0.0122011 0)
(-0.112013 -0.00852897 0)
(-0.112029 -0.00436319 0)
(-0.110874 0.00021797 0)
(-0.108528 0.00512443 0)
(-0.104985 0.0102564 0)
(-0.100255 0.0155061 0)
(-0.094362 0.0207568 0)
(-0.0873472 0.0258845 0)
(-0.0792698 0.0307592 0)
(-0.0702086 0.0352475 0)
(-0.0602643 0.0392166 0)
(-0.0495604 0.0425392 0)
(-0.0382435 0.0450995 0)
(-0.026482 0.0467999 0)
(-0.0144626 0.047567 0)
(-0.0023867 0.0473578 0)
(0.0095385 0.0461627 0)
(0.0211045 0.0440099 0)
(0.0321094 0.0409627 0)
(0.0423636 0.0371165 0)
(0.0516971 0.0325943 0)
(0.0599623 0.0275409 0)
(0.0670371 0.022117 0)
(0.0728266 0.0164931 0)
(0.0772633 0.0108432 0)
(0.0803079 0.00533895 0)
(0.0819496 0.00014269 0)
(0.0822051 -0.00460038 0)
(0.081118 -0.00877335 0)
(0.0787581 -0.0123037 0)
(0.075216 -0.0151839 0)
(0.0705946 -0.0174968 0)
(0.0649968 -0.0194414 0)
(0.0585097 -0.02134 0)
(0.0511911 -0.0235955 0)
(0.0430701 -0.0265469 0)
(0.0341913 -0.0301811 0)
(0.0247047 -0.0337059 0)
(0.0151499 -0.0350781 0)
(0.00621914 -0.0307325 0)
(0.000972334 -0.0156775 0)
(-0.000841348 -0.0105405 0)
(-0.00517988 -0.0201005 0)
(-0.0123929 -0.0221872 0)
(-0.0198945 -0.0203621 0)
(-0.0271493 -0.017211 0)
(-0.0338502 -0.0143292 0)
(-0.0400718 -0.0124501 0)
(-0.0460069 -0.0117018 0)
(-0.0518471 -0.0118714 0)
(-0.0577175 -0.0126181 0)
(-0.0636614 -0.0136054 0)
(-0.0696491 -0.0145607 0)
(-0.0755957 -0.0152872 0)
(-0.0813792 -0.0156533 0)
(-0.0868561 -0.0155755 0)
(-0.091874 -0.0150053 0)
(-0.0962814 -0.0139195 0)
(-0.0999351 -0.0123155 0)
(-0.102706 -0.0102075 0)
(-0.104483 -0.00762551 0)
(-0.105176 -0.00461339 0)
(-0.104715 -0.00122817 0)
(-0.103054 0.0024606 0)
(-0.100169 0.006372 0)
(-0.0960581 0.0104162 0)
(-0.090739 0.0144954 0)
(-0.0842523 0.0185048 0)
(-0.076661 0.022335 0)
(-0.0680512 0.0258741 0)
(-0.058532 0.0290117 0)
(-0.0482363 0.0316428 0)
(-0.0373187 0.0336731 0)
(-0.0259541 0.0350237 0)
(-0.0143342 0.0356364 0)
(-0.00266317 0.0354779 0)
(0.00885033 0.0345426 0)
(0.019997 0.0328553 0)
(0.0305747 0.0304693 0)
(0.0403933 0.0274644 0)
(0.0492823 0.0239429 0)
(0.0570948 0.0200257 0)
(0.0637106 0.0158465 0)
(0.06904 0.0115469 0)
(0.073025 0.0072709 0)
(0.0756409 0.00315924 0)
(0.0768977 -0.000656743 0)
(0.0768375 -0.00406234 0)
(0.075535 -0.00696934 0)
(0.0730919 -0.00932905 0)
(0.0696278 -0.0111489 0)
(0.0652679 -0.0125141 0)
(0.0601245 -0.0136083 0)
(0.0542753 -0.0147212 0)
(0.0477449 -0.0162145 0)
(0.0405026 -0.0184063 0)
(0.0325062 -0.0213396 0)
(0.0238039 -0.0244345 0)
(0.0148271 -0.0260888 0)
(0.00621073 -0.0234209 0)
(0.00101371 -0.0122398 0)
(-0.000884522 -0.00767453 0)
(-0.00511488 -0.0141974 0)
(-0.0118679 -0.0151593 0)
(-0.0185905 -0.0133683 0)
(-0.024792 -0.0107537 0)
(-0.0302486 -0.00846622 0)
(-0.0351112 -0.00701146 0)
(-0.0396443 -0.00645694 0)
(-0.0441027 -0.00662892 0)
(-0.0486655 -0.00726651 0)
(-0.0534204 -0.00811684 0)
(-0.0583725 -0.00897742 0)
(-0.0634635 -0.00970313 0)
(-0.0685901 -0.0101965 0)
(-0.0736204 -0.0103941 0)
(-0.0784059 -0.0102559 0)
(-0.0827915 -0.0097582 0)
(-0.086623 -0.00889045 0)
(-0.0897534 -0.00765356 0)
(-0.0920482 -0.00605966 0)
(-0.0933893 -0.00413194 0)
(-0.093679 -0.00190456 0)
(-0.0928414 0.000577494 0)
(-0.0908268 0.00325826 0)
(-0.0876102 0.00607208 0)
(-0.0831928 0.00894591 0)
(-0.077603 0.0118 0)
(-0.0708963 0.0145498 0)
(-0.0631553 0.0171086 0)
(-0.0544896 0.0193902 0)
(-0.0450339 0.021313 0)
(-0.0349465 0.0228034 0)
(-0.0244058 0.0238005 0)
(-0.0136065 0.0242597 0)
(-0.00275522 0.024156 0)
(0.00793788 0.0234865 0)
(0.0182631 0.0222717 0)
(0.0280192 0.0205547 0)
(0.0370184 0.0183987 0)
(0.0450945 0.0158844 0)
(0.0521075 0.0131059 0)
(0.0579475 0.0101668 0)
(0.062539 0.00717536 0)
(0.0658432 0.00424012 0)
(0.0678594 0.00146521 0)
(0.0686253 -0.0010542 0)
(0.0682138 -0.00323808 0)
(0.0667314 -0.00502824 0)
(0.0643088 -0.00639732 0)
(0.0610893 -0.00736119 0)
(0.0572117 -0.00799524 0)
(0.0527881 -0.0084512 0)
(0.0478774 -0.00896397 0)
(0.0424626 -0.009828 0)
(0.0364459 -0.0113139 0)
(0.0296913 -0.0134979 0)
(0.0221337 -0.0160014 0)
(0.0140723 -0.0176772 0)
(0.00605382 -0.0163794 0)
(0.00104429 -0.00881491 0)
(-0.000905661 -0.004854 0)
(-0.00485303 -0.00867788 0)
(-0.0108338 -0.00887947 0)
(-0.0164658 -0.00743014 0)
(-0.0213444 -0.00557537 0)
(-0.0253441 -0.00402417 0)
(-0.0286801 -0.00306597 0)
(-0.0316638 -0.00271895 0)
(-0.0345852 -0.00285722 0)
(-0.037654 -0.00330719 0)
(-0.040985 -0.00390609 0)
(-0.0446101 -0.00452689 0)
(-0.0484966 -0.00508084 0)
(-0.0525672 -0.00550931 0)
(-0.0567144 -0.00577401 0)
(-0.0608117 -0.00584933 0)
(-0.0647214 -0.00571795 0)
(-0.0683011 -0.00536879 0)
(-0.0714085 -0.00479658 0)
(-0.0739068 -0.0040021 0)
(-0.0756684 -0.00299277 0)
(-0.0765799 -0.00178321 0)
(-0.0765456 -0.000395492 0)
(-0.0754906 0.00114012 0)
(-0.073366 0.00278524 0)
(-0.070149 0.00449485 0)
(-0.0658455 0.0062182 0)
(-0.0604911 0.00790006 0)
(-0.0541516 0.00948245 0)
(-0.0469227 0.0109069 0)
(-0.038928 0.0121173 0)
(-0.030317 0.0130629 0)
(-0.0212609 0.0137013 0)
(-0.0119479 0.0140019 0)
(-0.0025785 0.0139481 0)
(0.00664435 0.0135392 0)
(0.0155196 0.0127902 0)
(0.0238558 0.0117305 0)
(0.0314772 0.0104045 0)
(0.0382324 0.00886791 0)
(0.043999 0.0071848 0)
(0.0486884 0.00542435 0)
(0.052249 0.00365748 0)
(0.0546681 0.00195356 0)
(0.0559723 0.000377296 0)
(0.0562259 -0.00101395 0)
(0.0555274 -0.00217416 0)
(0.0540038 -0.00307208 0)
(0.051801 -0.00369611 0)
(0.0490698 -0.00406202 0)
(0.0459485 -0.00422387 0)
(0.0425375 -0.00428609 0)
(0.038872 -0.00440984 0)
(0.0348952 -0.00480023 0)
(0.0304509 -0.00565534 0)
(0.0253209 -0.00705871 0)
(0.0193314 -0.00881093 0)
(0.0126293 -0.0102115 0)
(0.00562947 -0.00987912 0)
(0.00104184 -0.00550872 0)
(-0.000825265 -0.00215183 0)
(-0.00408782 -0.00375171 0)
(-0.00872361 -0.00360024 0)
(-0.0127808 -0.00276714 0)
(-0.0160045 -0.00183367 0)
(-0.018376 -0.00110086 0)
(-0.0201368 -0.000672022 0)
(-0.0215888 -0.000534126 0)
(-0.0230011 -0.000617748 0)
(-0.0245659 -0.000839383 0)
(-0.0263921 -0.00112586 0)
(-0.0285178 -0.00142345 0)
(-0.0309289 -0.00169692 0)
(-0.033576 -0.00192433 0)
(-0.0363864 -0.00209166 0)
(-0.0392719 -0.00218916 0)
(-0.0421344 -0.00220936 0)
(-0.0448686 -0.00214636 0)
(-0.0473659 -0.00199572 0)
(-0.0495165 -0.00175485 0)
(-0.0512134 -0.00142347 0)
(-0.0523554 -0.00100416 0)
(-0.0528509 -0.000502812 0)
(-0.0526215 7.1175e-05 0)
(-0.0516061 0.000704528 0)
(-0.0497646 0.00137976 0)
(-0.0470801 0.00207604 0)
(-0.0435619 0.00276948 0)
(-0.0392468 0.00343396 0)
(-0.0341993 0.00404212 0)
(-0.0285118 0.00456681 0)
(-0.0223016 0.00498287 0)
(-0.0157083 0.00526888 0)
(-0.00888808 0.00540903 0)
(-0.00200915 0.0053946 0)
(0.00475648 0.00522531 0)
(0.0112391 0.00490887 0)
(0.0172805 0.00446052 0)
(0.02274 0.00390266 0)
(0.0275009 0.00326252 0)
(0.0314746 0.00257052 0)
(0.0346048 0.00185849 0)
(0.0368688 0.00115786 0)
(0.0382779 0.00049825 0)
(0.0388767 -9.38156e-05 0)
(0.0387391 -0.000596017 0)
(0.0379654 -0.000991333 0)
(0.0366753 -0.00126878 0)
(0.0349994 -0.00142515 0)
(0.0330685 -0.00146838 0)
(0.0309976 -0.00142292 0)
(0.0288644 -0.00133647 0)
(0.0266836 -0.00128493 0)
(0.0243806 -0.0013693 0)
(0.02178 -0.00169539 0)
(0.0186307 -0.00232702 0)
(0.0146908 -0.00320737 0)
(0.00995462 -0.00404442 0)
(0.00464416 -0.004197 0)
(0.000930848 -0.00241724 0)
(-0.000431441 -0.000415125 0)
(-0.00213037 -0.000722819 0)
(-0.0044127 -0.00061045 0)
(-0.00617506 -0.000379873 0)
(-0.00736708 -0.000160133 0)
(-0.00804678 -5.20297e-06 0)
(-0.0083929 7.5068e-05 0)
(-0.00859117 9.22706e-05 0)
(-0.00879264 6.59154e-05 0)
(-0.00909782 1.51782e-05 0)
(-0.0095596 -4.52875e-05 0)
(-0.0101948 -0.000106251 0)
(-0.0109968 -0.000162779 0)
(-0.0119444 -0.000212492 0)
(-0.0130083 -0.000254129 0)
(-0.0141534 -0.000286735 0)
(-0.0153401 -0.000309331 0)
(-0.0165255 -0.00032083 0)
(-0.0176635 -0.000320062 0)
(-0.0187059 -0.000305872 0)
(-0.0196029 -0.000277264 0)
(-0.020305 -0.000233581 0)
(-0.0207642 -0.000174666 0)
(-0.0209362 -0.000100959 0)
(-0.0207823 -1.38319e-05 0)
(-0.020272 8.45096e-05 0)
(-0.0193853 0.000191071 0)
(-0.0181142 0.000302018 0)
(-0.016465 0.000412734 0)
(-0.0144591 0.000517965 0)
(-0.0121338 0.000612099 0)
(-0.00954182 0.00068957 0)
(-0.00674967 0.000745359 0)
(-0.00383519 0.000775444 0)
(-0.00088402 0.000777122 0)
(0.00201644 0.000749517 0)
(0.00478146 0.000694677 0)
(0.00733214 0.000616979 0)
(0.00960022 0.000521749 0)
(0.0115327 0.00041489 0)
(0.0130931 0.000302568 0)
(0.0142633 0.000190813 0)
(0.015043 8.51928e-05 0)
(0.0154491 -9.40692e-06 0)
(0.0155142 -8.8881e-05 0)
(0.015284 -0.000149981 0)
(0.0148155 -0.000190427 0)
(0.014173 -0.000208841 0)
(0.0134249 -0.000204811 0)
(0.0126394 -0.000179494 0)
(0.0118766 -0.000136898 0)
(0.0111777 -8.5837e-05 0)
(0.0105495 -4.19435e-05 0)
(0.00994575 -2.8298e-05 0)
(0.00925455 -7.25867e-05 0)
(0.00830211 -0.000198327 0)
(0.00688827 -0.000407488 0)
(0.004915 -0.00065015 0)
(0.00238286 -0.000785448 0)
(0.000486287 -0.000462083 0)
)
;

boundaryField
{
    bottomwall
    {
        type            noSlip;
    }
    topwall
    {
        type            noSlip;
    }
    coldwall
    {
        type            noSlip;
    }
    radinlet
    {
        type            noSlip;
    }
    hotwall
    {
        type            noSlip;
    }
    frontAndback
    {
        type            empty;
    }
}


// ************************************************************************* //
