/*--------------------------------*- C++ -*----------------------------------*\
| =========                 |                                                 |
| \\      /  F ield         | OpenFOAM: The Open Source CFD Toolbox           |
|  \\    /   O peration     | Version:  2406                                  |
|   \\  /    A nd           | Website:  www.openfoam.com                      |
|    \\/     M anipulation  |                                                 |
\*---------------------------------------------------------------------------*/
FoamFile
{
    version     2.0;
    format      ascii;
    arch        "LSB;label=32;scalar=64";
    class       surfaceScalarField;
    location    "5000";
    object      phi;
}
// * * * * * * * * * * * * * * * * * * * * * * * * * * * * * * * * * * * * * //

dimensions      [0 3 -1 0 0 0 0];

oriented        oriented;

internalField   nonuniform List<scalar> 
7080
(
1.2695e-06
-1.27093e-06
2.78941e-06
-1.51991e-06
4.17983e-06
-1.39042e-06
5.52076e-06
-1.34093e-06
6.92384e-06
-1.40307e-06
8.44843e-06
-1.52459e-06
1.01009e-05
-1.65252e-06
1.18504e-05
-1.74943e-06
1.36443e-05
-1.79396e-06
1.54215e-05
-1.77721e-06
1.71208e-05
-1.69924e-06
1.8687e-05
-1.56622e-06
2.0075e-05
-1.38802e-06
2.12514e-05
-1.1764e-06
2.21948e-05
-9.43399e-07
2.28952e-05
-7.00335e-07
2.33522e-05
-4.57055e-07
2.35738e-05
-2.21613e-07
2.3574e-05
-1.72224e-10
2.33712e-05
2.02794e-07
2.29867e-05
3.84484e-07
2.24433e-05
5.43457e-07
2.1764e-05
6.79242e-07
2.0972e-05
7.92059e-07
2.00893e-05
8.82675e-07
1.9137e-05
9.52311e-07
1.81345e-05
1.00251e-06
1.70997e-05
1.03483e-06
1.60495e-05
1.05012e-06
1.5002e-05
1.04759e-06
1.39782e-05
1.02376e-06
1.30059e-05
9.72326e-07
1.21202e-05
8.85622e-07
1.13617e-05
7.58513e-07
1.0767e-05
5.94691e-07
1.03527e-05
4.14341e-07
1.00919e-05
2.6081e-07
9.88955e-06
2.02343e-07
9.56609e-06
3.2346e-07
8.865e-06
7.01095e-07
7.49865e-06
1.36635e-06
5.23336e-06
2.26528e-06
1.98918e-06
3.24418e-06
-2.0991e-06
4.08828e-06
-6.68739e-06
4.58828e-06
-1.13244e-05
4.63697e-06
-1.55708e-05
4.24647e-06
-1.90761e-05
3.5053e-06
-2.16029e-05
2.52674e-06
-2.30195e-05
1.41666e-06
-2.32851e-05
2.65624e-07
-2.24394e-05
-8.45771e-07
-2.05981e-05
-1.84128e-06
-1.7949e-05
-2.64911e-06
-1.47371e-05
-3.21188e-06
-1.12393e-05
-3.49778e-06
-7.72964e-06
-3.5097e-06
-4.44919e-06
-3.28045e-06
-1.65113e-06
-2.79806e-06
-1.65114e-06
1.5515e-06
-2.82243e-06
4.33336e-06
-4.30177e-06
7.59957e-06
-4.65664e-06
1.11385e-05
-4.8799e-06
1.49243e-05
-5.18887e-06
1.89574e-05
-5.55767e-06
2.32078e-05
-5.90285e-06
2.76071e-05
-6.14873e-06
3.20583e-05
-6.24516e-06
3.64494e-05
-6.16839e-06
4.06666e-05
-5.91644e-06
4.46039e-05
-5.50346e-06
4.817e-05
-4.95417e-06
5.12927e-05
-4.2991e-06
5.392e-05
-3.5707e-06
5.60201e-05
-2.80039e-06
5.75797e-05
-2.01664e-06
5.86018e-05
-1.24376e-06
5.91031e-05
-5.01426e-07
5.91107e-05
1.95155e-07
5.86602e-05
8.34974e-07
5.77928e-05
1.4109e-06
5.65529e-05
1.91908e-06
5.4987e-05
2.35796e-06
5.31419e-05
2.72785e-06
5.10638e-05
3.03038e-06
4.87982e-05
3.26811e-06
4.63894e-05
3.44365e-06
4.38811e-05
3.55841e-06
4.13178e-05
3.6109e-06
3.87464e-05
3.59516e-06
3.62178e-05
3.50092e-06
3.37863e-05
3.31711e-06
3.15044e-05
3.04038e-06
2.941e-05
2.68918e-06
2.7503e-05
2.32134e-06
2.57137e-05
2.0501e-06
2.38672e-05
2.04876e-06
2.16606e-05
2.53014e-06
1.86748e-05
3.68685e-06
1.44487e-05
5.59244e-06
8.61889e-06
8.09512e-06
1.091e-06
1.07721e-05
-7.83444e-06
1.30137e-05
-1.74669e-05
1.42207e-05
-2.69205e-05
1.40906e-05
-3.53328e-05
1.26587e-05
-4.20207e-05
1.01932e-05
-4.65431e-05
7.04918e-06
-4.86942e-05
3.56775e-06
-4.84681e-05
3.94798e-08
-4.60249e-05
-3.28894e-06
-4.16606e-05
-6.20559e-06
-3.57797e-05
-8.53001e-06
-2.88718e-05
-1.01197e-05
-2.14839e-05
-1.08857e-05
-1.41939e-05
-1.07997e-05
-7.61681e-06
-9.85754e-06
-2.49405e-06
-7.92082e-06
-4.14519e-06
1.235e-06
-4.05743e-06
4.24795e-06
-7.3147e-06
8.39197e-06
-8.80066e-06
1.32744e-05
-9.76228e-06
1.86919e-05
-1.06064e-05
2.45193e-05
-1.1385e-05
3.06453e-05
-1.20289e-05
3.6949e-05
-1.24524e-05
4.32969e-05
-1.25931e-05
4.95495e-05
-1.24209e-05
5.55701e-05
-1.1937e-05
6.1233e-05
-1.11664e-05
6.64291e-05
-1.01503e-05
7.10697e-05
-8.93968e-06
7.50875e-05
-7.5885e-06
7.84369e-05
-6.14972e-06
8.10922e-05
-4.67198e-06
8.30462e-05
-3.19772e-06
8.43071e-05
-1.76231e-06
8.48961e-05
-3.93869e-07
8.48452e-05
8.85838e-07
8.4195e-05
2.06115e-06
8.29921e-05
3.12199e-06
8.12874e-05
4.06264e-06
7.91346e-05
4.88067e-06
7.65888e-05
5.57612e-06
7.37063e-05
6.15067e-06
7.05434e-05
6.60649e-06
6.71571e-05
6.94473e-06
6.36044e-05
7.16364e-06
5.99423e-05
7.25719e-06
5.62276e-05
7.21564e-06
5.25141e-05
7.03061e-06
4.88476e-05
6.70692e-06
4.52544e-05
6.2824e-06
4.17218e-05
5.85386e-06
3.81696e-05
5.60238e-06
3.44152e-05
5.80317e-06
3.01488e-05
6.79652e-06
2.49412e-05
8.89447e-06
1.83169e-05
1.22167e-05
9.90859e-06
1.65034e-05
-3.42107e-07
2.10228e-05
-1.20298e-05
2.47014e-05
-2.42893e-05
2.64802e-05
-3.60268e-05
2.58281e-05
-4.61955e-05
2.28274e-05
-5.39973e-05
1.7995e-05
-5.89594e-05
1.20113e-05
-6.09152e-05
5.5236e-06
-5.99454e-05
-9.30311e-07
-5.63146e-05
-6.91979e-06
-5.04227e-05
-1.20975e-05
-4.27781e-05
-1.61746e-05
-3.39829e-05
-1.89149e-05
-2.47227e-05
-2.01459e-05
-1.57616e-05
-1.97608e-05
-7.95729e-06
-1.76618e-05
-2.31264e-06
-1.35655e-05
-6.45782e-06
9.15286e-07
-4.97272e-06
3.76153e-06
-1.01609e-05
8.14645e-06
-1.31856e-05
1.36701e-05
-1.52859e-05
2.00248e-05
-1.69612e-05
2.69738e-05
-1.8334e-05
3.43176e-05
-1.93726e-05
4.1874e-05
-2.00089e-05
4.94711e-05
-2.01901e-05
5.69467e-05
-1.98966e-05
6.41527e-05
-1.9143e-05
7.09582e-05
-1.79718e-05
7.72524e-05
-1.64445e-05
8.29458e-05
-1.46331e-05
8.79701e-05
-1.26128e-05
9.22771e-05
-1.04567e-05
9.58368e-05
-8.23166e-06
9.86354e-05
-5.99632e-06
0.000100673
-3.80003e-06
0.000101962
-1.68277e-06
0.000102524
3.24193e-07
0.000102388
2.19685e-06
0.000101592
3.91792e-06
0.000100178
5.47633e-06
9.81935e-05
6.86548e-06
9.56875e-05
8.08211e-06
9.27129e-05
9.12529e-06
8.93242e-05
9.99519e-06
8.55773e-05
1.06916e-05
8.15284e-05
1.12126e-05
7.72325e-05
1.15531e-05
7.27413e-05
1.17068e-05
6.81002e-05
1.16717e-05
6.33433e-05
1.14638e-05
5.8486e-05
1.11397e-05
5.35109e-05
1.08289e-05
4.83474e-05
1.07659e-05
4.28437e-05
1.13069e-05
3.67427e-05
1.28975e-05
2.96836e-05
1.59536e-05
2.12616e-05
2.06387e-05
1.11706e-05
2.65944e-05
-5.97563e-07
3.27909e-05
-1.35895e-05
3.76934e-05
-2.68911e-05
3.97818e-05
-3.93632e-05
3.83001e-05
-4.99399e-05
3.34042e-05
-5.78435e-05
2.58985e-05
-6.2656e-05
1.68238e-05
-6.42829e-05
7.15053e-06
-6.28712e-05
-2.34204e-06
-5.87291e-05
-1.10618e-05
-5.22775e-05
-1.85492e-05
-4.40384e-05
-2.44136e-05
-3.46397e-05
-2.83136e-05
-2.48234e-05
-2.99622e-05
-1.54493e-05
-2.9135e-05
-7.49029e-06
-2.56208e-05
-2.00514e-06
-1.90506e-05
-8.46297e-06
7.26544e-07
-5.69926e-06
3.36144e-06
-1.27958e-05
7.72722e-06
-1.75514e-05
1.34884e-05
-2.10471e-05
2.03042e-05
-2.3777e-05
2.78694e-05
-2.58993e-05
3.59166e-05
-2.74198e-05
4.42097e-05
-2.8302e-05
5.25403e-05
-2.85207e-05
6.07261e-05
-2.80824e-05
6.86108e-05
-2.70278e-05
7.60646e-05
-2.54256e-05
8.29827e-05
-2.33626e-05
8.92843e-05
-2.09347e-05
9.49098e-05
-1.82383e-05
9.98182e-05
-1.53651e-05
0.000103984
-1.23975e-05
0.000107395
-9.407e-06
0.000110048
-6.45356e-06
0.000111951
-3.58566e-06
0.000113117
-8.41281e-07
0.000113563
1.75006e-06
0.000113315
4.16608e-06
0.000112401
6.39099e-06
0.000110852
8.4143e-06
0.000108705
1.02293e-05
0.000105998
1.18318e-05
0.000102774
1.32194e-05
9.90755e-05
1.43899e-05
9.49478e-05
1.53403e-05
9.04336e-05
1.60672e-05
8.55726e-05
1.65678e-05
8.03972e-05
1.68472e-05
7.49293e-05
1.69317e-05
6.91756e-05
1.68934e-05
6.31201e-05
1.68844e-05
5.67113e-05
1.71747e-05
4.98433e-05
1.81749e-05
4.23357e-05
2.0405e-05
3.39302e-05
2.43592e-05
2.4332e-05
3.02368e-05
1.33259e-05
3.76006e-05
9.50201e-07
4.51666e-05
-1.23503e-05
5.09939e-05
-2.57196e-05
5.31511e-05
-3.80888e-05
5.06693e-05
-4.84708e-05
4.37862e-05
-5.61666e-05
3.35943e-05
-6.08272e-05
2.14843e-05
-6.24041e-05
8.7274e-06
-6.10567e-05
-3.68938e-06
-5.70731e-05
-1.50455e-05
-5.08316e-05
-2.47906e-05
-4.28096e-05
-3.24356e-05
-3.3606e-05
-3.75173e-05
-2.3963e-05
-3.96052e-05
-1.47717e-05
-3.83263e-05
-7.043e-06
-3.33495e-05
-1.82398e-06
-2.42696e-05
-1.02869e-05
6.71321e-07
-6.37058e-06
3.19597e-06
-1.53205e-05
7.51342e-06
-2.18688e-05
1.33521e-05
-2.68857e-05
2.03728e-05
-3.07977e-05
2.82377e-05
-3.37641e-05
3.6636e-05
-3.58181e-05
4.52927e-05
-3.69587e-05
5.39713e-05
-3.71993e-05
6.24739e-05
-3.65849e-05
7.064e-05
-3.51939e-05
7.83443e-05
-3.31298e-05
8.54927e-05
-3.0511e-05
9.2018e-05
-2.746e-05
9.78754e-05
-2.40957e-05
0.000103037
-2.0527e-05
0.000107489
-1.68496e-05
0.000111227
-1.31447e-05
0.000114252
-9.47888e-06
0.000116572
-5.90531e-06
0.000118196
-2.46517e-06
0.000119136
8.10325e-07
0.000119404
3.89747e-06
0.000119017
6.77844e-06
0.00011799
9.44082e-06
0.000116344
1.18759e-05
0.000114098
1.40775e-05
0.000111277
1.60408e-05
0.000107904
1.7762e-05
0.000104007
1.92373e-05
9.96108e-05
2.04639e-05
9.47364e-05
2.14422e-05
8.9401e-05
2.21826e-05
8.36134e-05
2.27193e-05
7.73727e-05
2.31342e-05
7.06656e-05
2.35915e-05
6.34615e-05
2.43789e-05
5.57017e-05
2.59347e-05
4.72862e-05
2.88205e-05
3.80666e-05
3.35788e-05
2.78692e-05
4.04342e-05
1.65744e-05
4.88954e-05
4.25168e-06
5.74893e-05
-8.71097e-06
6.39565e-05
-2.15917e-05
6.60318e-05
-3.34643e-05
6.25419e-05
-4.34658e-05
5.37877e-05
-5.09849e-05
4.11134e-05
-5.57175e-05
2.62169e-05
-5.76164e-05
1.06263e-05
-5.68026e-05
-4.50313e-06
-5.34975e-05
-1.83506e-05
-4.79989e-05
-3.02893e-05
-4.07051e-05
-3.97293e-05
-3.21527e-05
-4.60696e-05
-2.30479e-05
-4.871e-05
-1.4272e-05
-4.71022e-05
-6.84012e-06
-4.07814e-05
-1.79315e-06
-2.93166e-05
-1.20801e-05
7.12436e-07
-7.08302e-06
3.25247e-06
-1.78605e-05
7.58784e-06
-2.62042e-05
1.34802e-05
-3.27781e-05
2.05982e-05
-3.79157e-05
2.85893e-05
-4.17553e-05
3.71182e-05
-4.4347e-05
4.58857e-05
-4.57263e-05
5.46379e-05
-4.59515e-05
6.31688e-05
-4.51158e-05
7.13191e-05
-4.33442e-05
7.89721e-05
-4.07829e-05
8.60478e-05
-3.75866e-05
9.24957e-05
-3.39079e-05
9.82883e-05
-2.98883e-05
0.000103415
-2.56534e-05
0.000107875
-2.131e-05
0.000111676
-1.69458e-05
0.000114828
-1.26311e-05
0.000117343
-8.41975e-06
0.00011923
-4.35276e-06
0.000120501
-4.59775e-07
0.000121161
3.23741e-06
0.000121216
6.72271e-06
0.000120673
9.98464e-06
0.000119533
1.3015e-05
0.000117803
1.58076e-05
0.000115487
1.83574e-05
0.000112589
2.06599e-05
0.000109115
2.27112e-05
0.00010507
2.45093e-05
0.000100455
2.60566e-05
9.52708e-05
2.73669e-05
8.95113e-05
2.84788e-05
8.31675e-05
2.94779e-05
7.62277e-05
3.05313e-05
6.86781e-05
3.19285e-05
6.05007e-05
3.41121e-05
5.16665e-05
3.76547e-05
4.2128e-05
4.31173e-05
3.18251e-05
5.07372e-05
2.07258e-05
5.99947e-05
8.91366e-06
6.93014e-05
-3.31243e-06
7.61826e-05
-1.54054e-05
7.81248e-05
-2.66236e-05
7.37601e-05
-3.62411e-05
6.34053e-05
-4.37184e-05
4.85907e-05
-4.87606e-05
3.12591e-05
-5.12799e-05
1.31456e-05
-5.13233e-05
-4.45975e-06
-4.9022e-05
-2.06519e-05
-4.4578e-05
-3.47332e-05
-3.82978e-05
-4.60095e-05
-3.06389e-05
-5.37285e-05
-2.22491e-05
-5.70998e-05
-1.39754e-05
-5.53759e-05
-6.82401e-06
-4.79327e-05
-1.85341e-06
-3.42872e-05
-1.39335e-05
8.08034e-07
-7.89105e-06
3.45986e-06
-2.05123e-05
7.89064e-06
-3.0635e-05
1.38617e-05
-3.87492e-05
2.10407e-05
-4.50946e-05
2.90659e-05
-4.97804e-05
3.75881e-05
-5.28692e-05
4.62956e-05
-5.44338e-05
5.49275e-05
-5.45834e-05
6.32785e-05
-5.34668e-05
7.1197e-05
-5.12628e-05
7.85799e-05
-4.81657e-05
8.5364e-05
-4.43708e-05
9.15178e-05
-4.00616e-05
9.70321e-05
-3.54026e-05
0.000101913
-3.05343e-05
0.000106176
-2.55725e-05
0.000109839
-2.06088e-05
0.000112921
-1.57139e-05
0.000115442
-1.094e-05
0.000117414
-6.32475e-06
0.000118848
-1.89381e-06
0.00011975
2.33552e-06
0.00012012
6.3519e-06
0.000119958
1.01476e-05
0.000119255
1.37175e-05
0.000118005
1.70581e-05
0.000116196
2.01663e-05
0.000113816
2.3039e-05
0.000110854
2.56738e-05
0.000107293
2.80699e-05
0.000103118
3.02315e-05
9.83111e-05
3.21742e-05
9.28521e-05
3.39378e-05
8.67232e-05
3.56069e-05
7.9911e-05
3.73434e-05
7.24128e-05
3.94267e-05
6.42405e-05
4.22844e-05
5.54205e-05
4.64747e-05
4.59872e-05
5.25505e-05
3.59753e-05
6.07491e-05
2.54255e-05
7.05445e-05
1.44229e-05
8.0304e-05
3.16446e-06
8.7441e-05
-7.98782e-06
8.92771e-05
-1.84955e-05
8.42677e-05
-2.77653e-05
7.26751e-05
-3.53084e-05
5.61339e-05
-4.0809e-05
3.67597e-05
-4.41114e-05
1.6448e-05
-4.5172e-05
-3.39913e-06
-4.40266e-05
-2.17973e-05
-4.07828e-05
-3.79771e-05
-3.5655e-05
-5.11373e-05
-2.90164e-05
-6.03672e-05
-2.14424e-05
-6.46738e-05
-1.37293e-05
-6.3089e-05
-6.86504e-06
-5.4797e-05
-1.93953e-06
-3.92127e-05
-1.5873e-05
9.24489e-07
-8.81554e-06
3.74104e-06
-2.33289e-05
8.31842e-06
-3.52123e-05
1.43913e-05
-4.48221e-05
2.16139e-05
-5.23172e-05
2.9614e-05
-5.77805e-05
3.80337e-05
-6.12889e-05
4.65574e-05
-6.29575e-05
5.49266e-05
-6.29526e-05
6.2945e-05
-6.14851e-05
7.04758e-05
-5.87936e-05
7.74344e-05
-5.51244e-05
8.37778e-05
-5.07141e-05
8.94939e-05
-4.57778e-05
9.4592e-05
-4.05007e-05
9.9094e-05
-3.50363e-05
0.000103028
-2.95063e-05
0.000106423
-2.40038e-05
0.000109306
-1.85973e-05
0.000111701
-1.33352e-05
0.000113626
-8.2495e-06
0.000115093
-3.3604e-06
0.000116107
1.32099e-06
0.00011667
5.78949e-06
0.000116774
1.00432e-05
0.000116409
1.40823e-05
0.000115559
1.7908e-05
0.000114204
2.15213e-05
0.00011232
2.49229e-05
0.000109881
2.81134e-05
0.000106856
3.10945e-05
0.000103215
3.38727e-05
9.89244e-05
3.64647e-05
9.39526e-05
3.89096e-05
8.82718e-05
4.12876e-05
8.1865e-05
4.37503e-05
7.47339e-05
4.65578e-05
6.69087e-05
5.01096e-05
5.84535e-05
5.49299e-05
4.94619e-05
6.15422e-05
4.00396e-05
7.01714e-05
3.0282e-05
8.0302e-05
2.02694e-05
9.03167e-05
1.01011e-05
9.76092e-05
-3.54495e-08
9.94137e-05
-9.80165e-06
9.40339e-05
-1.87308e-05
8.16042e-05
-2.63698e-05
6.37728e-05
-3.23652e-05
4.27552e-05
-3.64826e-05
2.05654e-05
-3.85862e-05
-1.29559e-06
-3.86211e-05
-2.17624e-05
-3.66111e-05
-3.99871e-05
-3.26863e-05
-5.50621e-05
-2.71353e-05
-6.59181e-05
-2.0454e-05
-7.13552e-05
-1.33738e-05
-7.01692e-05
-6.85135e-06
-6.13195e-05
-2.00543e-06
-4.40587e-05
-1.78785e-05
1.03994e-06
-9.85548e-06
4.03641e-06
-2.63254e-05
8.77728e-06
-3.99532e-05
1.49537e-05
-5.09985e-05
2.21955e-05
-5.9559e-05
3.01166e-05
-6.57016e-05
3.83537e-05
-6.9526e-05
4.65937e-05
-7.11975e-05
5.45886e-05
-7.09475e-05
6.21592e-05
-6.90558e-05
6.91901e-05
-6.58244e-05
7.56192e-05
-6.15535e-05
8.14259e-05
-5.65209e-05
8.66184e-05
-5.09703e-05
9.12228e-05
-4.51051e-05
9.52746e-05
-3.9088e-05
9.8812e-05
-3.30436e-05
0.000101872
-2.70636e-05
0.000104487
-2.12122e-05
0.000106683
-1.55318e-05
0.000108482
-1.00483e-05
0.000109897
-4.77487e-06
0.000110934
2.8406e-07
0.000111593
5.12986e-06
0.000111869
9.76734e-06
0.000111748
1.42031e-05
0.000111212
1.84444e-05
0.000110235
2.24979e-05
0.000108788
2.63696e-05
0.000106837
3.00647e-05
0.000104342
3.35892e-05
0.000101263
3.69525e-05
9.75546e-05
4.01727e-05
9.31766e-05
4.32876e-05
8.80926e-05
4.63716e-05
8.22801e-05
4.95627e-05
7.57409e-05
5.3097e-05
6.85132e-05
5.73373e-05
6.06818e-05
6.27612e-05
5.23769e-05
6.98471e-05
4.37511e-05
7.87972e-05
3.49373e-05
8.91158e-05
2.60085e-05
9.92456e-05
1.6983e-05
0.000106635
7.89678e-06
0.0001085
-1.08971e-06
0.00010302
-9.6393e-06
9.01538e-05
-1.73253e-05
7.14588e-05
-2.37557e-05
4.91855e-05
-2.86197e-05
2.54294e-05
-3.1697e-05
1.78169e-06
-3.28525e-05
-2.06068e-05
-3.20391e-05
-4.08006e-05
-2.93129e-05
-5.77883e-05
-2.48826e-05
-7.03483e-05
-1.91602e-05
-7.70776e-05
-1.28007e-05
-7.65287e-05
-6.71278e-06
-6.74074e-05
-2.02572e-06
-4.87457e-05
-1.99042e-05
1.143e-06
-1.09985e-05
4.30885e-06
-2.94912e-05
9.20158e-06
-4.48459e-05
1.54596e-05
-5.72565e-05
2.26813e-05
-6.67807e-05
3.04645e-05
-7.34848e-05
3.8443e-05
-7.75045e-05
4.63123e-05
-7.90667e-05
5.38422e-05
-7.84774e-05
6.08774e-05
-7.6091e-05
6.73289e-05
-7.22759e-05
7.31609e-05
-6.73855e-05
7.83763e-05
-6.17362e-05
8.30025e-05
-5.55965e-05
8.70808e-05
-4.91834e-05
9.06571e-05
-4.26643e-05
9.37767e-05
-3.61633e-05
9.64809e-05
-2.97677e-05
9.88042e-05
-2.35355e-05
0.000100775
-1.75022e-05
0.000102412
-1.16862e-05
0.000103732
-6.09403e-06
0.000104739
-7.23285e-07
0.000105435
4.43371e-06
0.000105814
9.38839e-06
0.000105863
1.41538e-05
0.000105564
1.87435e-05
0.000104892
2.31706e-05
0.000103814
2.74472e-05
0.000102294
3.15845e-05
0.00010029
3.55936e-05
9.77543e-05
3.9488e-05
9.46388e-05
4.32882e-05
9.08955e-05
4.70309e-05
8.64826e-05
5.07846e-05
8.13722e-05
5.46731e-05
7.55627e-05
5.89066e-05
6.90926e-05
6.38074e-05
6.20543e-05
6.97996e-05
5.45946e-05
7.73067e-05
4.68917e-05
8.65001e-05
3.90997e-05
9.69078e-05
3.12855e-05
0.00010706
2.34072e-05
0.000114513
1.53814e-05
0.000116526
7.2199e-06
0.000111182
-8.67082e-07
9.82408e-05
-8.49495e-06
7.90867e-05
-1.5234e-05
5.59246e-05
-2.07104e-05
3.09058e-05
-2.46316e-05
5.70294e-06
-2.67953e-05
-1.84431e-05
-2.70952e-05
-4.05007e-05
-2.55247e-05
-5.93588e-05
-2.22197e-05
-7.36534e-05
-1.75081e-05
-8.17891e-05
-1.19597e-05
-8.20771e-05
-6.41617e-06
-7.29509e-05
-1.98955e-06
-5.31723e-05
-2.18937e-05
1.22944e-06
-1.22279e-05
4.53955e-06
-3.28013e-05
9.55314e-06
-4.98595e-05
1.58525e-05
-6.35558e-05
2.30012e-05
-7.39295e-05
3.05813e-05
-8.10649e-05
3.82273e-05
-8.51504e-05
4.56491e-05
-8.64885e-05
5.26408e-05
-8.54692e-05
5.90766e-05
-8.25267e-05
6.48977e-05
-7.8097e-05
7.00961e-05
-7.25839e-05
7.46978e-05
-6.63379e-05
7.8748e-05
-5.96467e-05
8.23e-05
-5.27354e-05
8.54073e-05
-4.57717e-05
8.8119e-05
-3.8875e-05
9.04771e-05
-3.21258e-05
9.25158e-05
-2.55742e-05
9.42616e-05
-1.92479e-05
9.57333e-05
-1.3158e-05
9.69433e-05
-7.30407e-06
9.78979e-05
-1.67782e-06
9.85974e-05
3.7342e-06
9.90366e-05
8.94915e-06
9.92045e-05
1.39859e-05
9.90841e-05
1.88639e-05
9.8652e-05
2.36027e-05
9.78787e-05
2.82205e-05
9.67284e-05
3.27349e-05
9.51591e-05
3.71629e-05
9.31243e-05
4.15228e-05
9.0574e-05
4.58385e-05
8.74583e-05
5.01467e-05
8.3732e-05
5.45108e-05
7.93636e-05
5.90415e-05
7.43464e-05
6.39238e-05
6.87147e-05
6.94391e-05
6.25581e-05
7.59561e-05
5.60258e-05
8.3839e-05
4.93033e-05
9.32226e-05
4.25535e-05
0.000103658
3.58382e-05
0.000113775
2.90768e-05
0.000121274
2.21009e-05
0.000123502
1.4804e-05
0.000118479
7.2831e-06
0.000105762
-1.41686e-07
8.65115e-05
-7.02798e-06
6.28109e-05
-1.29459e-05
3.68236e-05
-1.75467e-05
1.03038e-05
-2.05735e-05
-1.54163e-05
-2.18715e-05
-3.92028e-05
-2.13825e-05
-5.98477e-05
-1.9178e-05
-7.58579e-05
-1.55061e-05
-8.5461e-05
-1.08459e-05
-8.67373e-05
-5.9547e-06
-7.78421e-05
-1.89465e-06
-5.72324e-05
-2.37884e-05
1.29889e-06
-1.35268e-05
4.72113e-06
-3.62236e-05
9.8133e-06
-5.49517e-05
1.61019e-05
-6.98443e-05
2.31163e-05
-8.0944e-05
3.04253e-05
-8.8374e-05
3.76692e-05
-9.23942e-05
4.45783e-05
-9.33977e-05
5.09767e-05
-9.18676e-05
5.67717e-05
-8.83217e-05
6.19369e-05
-8.32622e-05
6.64919e-05
-7.71389e-05
7.04841e-05
-7.03301e-05
7.39736e-05
-6.31362e-05
7.70225e-05
-5.57842e-05
7.96884e-05
-4.84376e-05
8.20209e-05
-4.12075e-05
8.40604e-05
-3.41653e-05
8.58381e-05
-2.7352e-05
8.73774e-05
-2.07871e-05
8.8694e-05
-1.44746e-05
8.9798e-05
-8.40807e-06
9.0694e-05
-2.57376e-06
9.13817e-05
3.04646e-06
9.18565e-05
8.47432e-06
9.2109e-05
1.37335e-05
9.21243e-05
1.88486e-05
9.18826e-05
2.38444e-05
9.13577e-05
2.87454e-05
9.05177e-05
3.3575e-05
8.93243e-05
3.83563e-05
8.7734e-05
4.3113e-05
8.56994e-05
4.78731e-05
8.31718e-05
5.26744e-05
8.01058e-05
5.75768e-05
7.64675e-05
6.26798e-05
7.22458e-05
6.81455e-05
6.7468e-05
7.42169e-05
6.22153e-05
8.12089e-05
5.66284e-05
8.94259e-05
5.0888e-05
9.89631e-05
4.51553e-05
0.00010939
3.94889e-05
0.000119441
3.37875e-05
0.000126976
2.783e-05
0.000129459
2.14223e-05
0.000124886
1.45622e-05
0.000112622
7.49727e-06
9.35764e-05
6.47182e-07
6.9661e-05
-5.52657e-06
4.29974e-05
-1.06262e-05
1.54034e-05
-1.43518e-05
-1.16906e-05
-1.65097e-05
-3.70448e-05
-1.70003e-05
-5.93571e-05
-1.5841e-05
-7.70173e-05
-1.32073e-05
-8.80946e-05
-9.48732e-06
-9.04573e-05
-5.33938e-06
-8.19901e-05
-1.7438e-06
-6.0828e-05
-2.55322e-05
1.35236e-06
-1.48792e-05
4.85203e-06
-3.97232e-05
9.97488e-06
-6.00746e-05
1.61947e-05
-7.60641e-05
2.30103e-05
-8.77596e-05
2.99822e-05
-9.53459e-05
3.67625e-05
-9.91745e-05
4.31079e-05
-9.97431e-05
4.88766e-05
-9.76363e-05
5.40116e-05
-9.34568e-05
5.85188e-05
-8.77693e-05
6.24437e-05
-8.10638e-05
6.58519e-05
-7.37384e-05
6.88149e-05
-6.60991e-05
7.13998e-05
-5.83692e-05
7.3665e-05
-5.07027e-05
7.56578e-05
-4.32004e-05
7.74148e-05
-3.59223e-05
7.89628e-05
-2.89e-05
8.03205e-05
-2.21448e-05
8.15001e-05
-1.56542e-05
8.25086e-05
-9.4165e-06
8.33485e-05
-3.41365e-06
8.40188e-05
2.37616e-06
8.45151e-05
7.97803e-06
8.48292e-05
1.34193e-05
8.49493e-05
1.87286e-05
8.48584e-05
2.39352e-05
8.45352e-05
2.90686e-05
8.39523e-05
3.41578e-05
8.3077e-05
3.92316e-05
8.1871e-05
4.43191e-05
8.02913e-05
4.94527e-05
7.82932e-05
5.46725e-05
7.58333e-05
6.00367e-05
7.28774e-05
6.56358e-05
6.94107e-05
7.16121e-05
6.54531e-05
7.81746e-05
6.10741e-05
8.55878e-05
5.64007e-05
9.40993e-05
5.15999e-05
0.000103764
4.68249e-05
0.000114165
4.21313e-05
0.000124135
3.74123e-05
0.000131695
3.24208e-05
0.000134451
2.69042e-05
0.000130403
2.07772e-05
0.000118749
1.42099e-05
0.000100144
7.57947e-06
7.62914e-05
1.34438e-06
4.92325e-05
-4.06707e-06
2.08148e-05
-8.31714e-06
-7.44054e-06
-1.11799e-05
-3.41821e-05
-1.25244e-05
-5.80126e-05
-1.23248e-05
-7.72168e-05
-1.06945e-05
-8.97249e-05
-7.93396e-06
-9.32179e-05
-4.59349e-06
-8.53305e-05
-1.54328e-06
-6.38782e-05
-2.70755e-05
1.3911e-06
-1.62703e-05
4.93308e-06
-4.32652e-05
1.00368e-05
-6.51783e-05
1.61287e-05
-8.2156e-05
2.26825e-05
-9.43134e-05
2.92576e-05
-0.000101921
3.55241e-05
-0.000105441
4.12705e-05
-0.00010549
4.63923e-05
-0.000102758
5.08688e-05
-9.79332e-05
5.47363e-05
-9.16369e-05
5.80632e-05
-8.43906e-05
6.09294e-05
-7.66046e-05
6.34131e-05
-6.85829e-05
6.55833e-05
-6.05393e-05
6.74956e-05
-5.26151e-05
6.9193e-05
-4.48978e-05
7.07066e-05
-3.74358e-05
7.20576e-05
-3.02511e-05
7.32599e-05
-2.33471e-05
7.43216e-05
-1.67159e-05
7.52465e-05
-1.03414e-05
7.60354e-05
-4.20247e-06
7.66861e-05
1.72544e-06
7.71945e-05
7.46962e-06
7.75537e-05
1.306e-05
7.77541e-05
1.85282e-05
7.77824e-05
2.3907e-05
7.76212e-05
2.92298e-05
7.72486e-05
3.45304e-05
7.66375e-05
3.98427e-05
7.57557e-05
4.5201e-05
7.45661e-05
5.06422e-05
7.3029e-05
5.62096e-05
7.11049e-05
6.19608e-05
6.87605e-05
6.79801e-05
6.59791e-05
7.43936e-05
6.27733e-05
8.13803e-05
5.92008e-05
8.91604e-05
5.53716e-05
9.79285e-05
5.14353e-05
0.0001077
4.75329e-05
0.000118068
4.37177e-05
0.00012795
3.98873e-05
0.000135525
3.579e-05
0.000138548
3.11406e-05
0.000135052
2.57885e-05
0.000124101
1.98272e-05
0.000106105
1.35752e-05
8.25434e-05
7.46674e-06
5.53409e-05
1.93473e-06
2.63468e-05
-2.65936e-06
-2.84646e-06
-6.06027e-06
-3.07812e-05
-8.11341e-06
-5.59595e-05
-8.76143e-06
-7.65688e-05
-8.06674e-06
-9.04196e-05
-6.24968e-06
-9.5035e-05
-3.74883e-06
-8.78314e-05
-1.30204e-06
-6.6325e-05
-2.83775e-05
1.41607e-06
-1.76863e-05
4.96589e-06
-4.6815e-05
1.00015e-05
-7.0214e-05
1.59082e-05
-8.80627e-05
2.21427e-05
-0.000100548
2.82703e-05
-0.000108048
3.39861e-05
-0.000111157
3.91147e-05
-0.000110618
4.35903e-05
-0.000107234
4.74276e-05
-0.00010177
5.06904e-05
-9.48997e-05
5.34654e-05
-8.71657e-05
5.58424e-05
-7.89815e-05
5.79023e-05
-7.06428e-05
5.97118e-05
-6.23487e-05
6.13217e-05
-5.4225e-05
6.27686e-05
-4.63446e-05
6.4077e-05
-3.87442e-05
6.52623e-05
-3.14364e-05
6.63333e-05
-2.44182e-05
6.72943e-05
-1.76769e-05
6.81463e-05
-1.11934e-05
6.88883e-05
-4.94446e-06
6.95176e-05
1.09617e-06
7.00301e-05
6.95706e-06
7.04203e-05
1.26698e-05
7.06806e-05
1.8268e-05
7.08006e-05
2.3787e-05
7.07671e-05
2.92633e-05
7.05629e-05
3.47346e-05
7.01665e-05
4.02391e-05
6.95516e-05
4.58159e-05
6.86873e-05
5.15065e-05
6.75393e-05
5.73576e-05
6.60726e-05
6.34275e-05
6.42564e-05
6.97963e-05
6.20727e-05
7.65773e-05
5.95286e-05
8.39244e-05
5.66702e-05
9.20188e-05
5.3591e-05
0.000101008
5.04217e-05
0.000110869
4.72893e-05
0.0001212
4.42454e-05
0.000130994
4.11986e-05
0.000138572
3.79081e-05
0.000141838
3.40772e-05
0.000138883
2.95093e-05
0.000128669
2.42271e-05
0.000111387
1.84815e-05
8.8289e-05
1.26646e-05
6.11579e-05
7.1961e-06
3.18153e-05
2.44293e-06
1.90672e-06
-1.32026e-06
-2.7018e-05
-3.92234e-06
-5.33574e-05
-5.28364e-06
-7.52075e-05
-5.42795e-06
-9.02753e-05
-4.5049e-06
-9.5958e-05
-2.84243e-06
-8.94939e-05
-1.03118e-06
-6.81362e-05
-2.94087e-05
1.42796e-06
-1.91143e-05
4.95249e-06
-5.03395e-05
9.87327e-06
-7.51347e-05
1.55424e-05
-9.37318e-05
2.14076e-05
-0.000106413
2.70481e-05
-0.000113689
3.21902e-05
-0.000116299
3.66974e-05
-0.000115125
4.05431e-05
-0.000111079
4.37746e-05
-0.000105002
4.64795e-05
-9.76046e-05
4.87578e-05
-8.9444e-05
5.07044e-05
-8.09281e-05
5.23988e-05
-7.23373e-05
5.39026e-05
-6.38525e-05
5.52595e-05
-5.55819e-05
5.64984e-05
-4.75835e-05
5.76368e-05
-3.98827e-05
5.86843e-05
-3.24838e-05
5.96449e-05
-2.53788e-05
6.05194e-05
-1.85514e-05
6.13067e-05
-1.19807e-05
6.20043e-05
-5.6421e-06
6.26093e-05
4.91196e-07
6.3118e-05
6.44835e-06
6.35259e-05
1.22619e-05
6.38274e-05
1.79666e-05
6.40147e-05
2.35996e-05
6.40781e-05
2.91999e-05
6.40045e-05
3.48082e-05
6.37772e-05
4.04663e-05
6.33754e-05
4.62178e-05
6.27737e-05
5.21082e-05
6.19433e-05
5.81879e-05
6.08537e-05
6.45171e-05
5.94769e-05
7.11731e-05
5.77949e-05
7.82593e-05
5.58104e-05
8.59089e-05
5.35598e-05
9.42694e-05
5.11212e-05
0.000103446
4.86075e-05
0.000113383
4.61319e-05
0.000123676
4.3745e-05
0.000133381
4.13705e-05
0.000140947
3.87886e-05
0.00014442
3.57081e-05
0.000141964
3.1904e-05
0.000132473
2.73389e-05
0.000115952
2.2194e-05
9.34338e-05
1.68066e-05
6.65453e-05
1.15673e-05
3.70546e-05
6.83507e-06
6.6389e-06
2.89028e-06
-2.30732e-05
-8.95418e-08
-5.03776e-05
-2.01391e-06
-7.32832e-05
-2.87761e-06
-8.94116e-05
-2.77e-06
-9.60656e-05
-1.91327e-06
-9.03506e-05
-7.43112e-07
-6.93064e-05
-3.01518e-05
1.42739e-06
-2.05417e-05
4.89527e-06
-5.38074e-05
9.65814e-06
-7.98976e-05
1.50433e-05
-9.9117e-05
2.04981e-05
-0.000111868
2.56236e-05
-0.000118814
3.01818e-05
-0.000120857
3.40774e-05
-0.000119021
3.73215e-05
-0.000114323
3.99909e-05
-0.000107671
4.21918e-05
-9.98055e-05
4.40328e-05
-9.1285e-05
4.56092e-05
-8.25044e-05
4.69958e-05
-7.37239e-05
4.82464e-05
-6.51031e-05
4.9396e-05
-5.67315e-05
5.04653e-05
-4.86528e-05
5.14648e-05
-4.08822e-05
5.23983e-05
-3.34173e-05
5.32657e-05
-2.62462e-05
5.40649e-05
-1.93507e-05
5.47931e-05
-1.27088e-05
5.54471e-05
-6.2961e-06
5.60239e-05
-8.55563e-08
5.65203e-05
5.95186e-06
5.69332e-05
1.1849e-05
5.72584e-05
1.76414e-05
5.74906e-05
2.33674e-05
5.76226e-05
2.90678e-05
5.7645e-05
3.47858e-05
5.7545e-05
4.05664e-05
5.73061e-05
4.64567e-05
5.69079e-05
5.25064e-05
5.63263e-05
5.87696e-05
5.55349e-05
6.53085e-05
5.45086e-05
7.21994e-05
5.32301e-05
7.95379e-05
5.16989e-05
8.744e-05
4.99436e-05
9.60247e-05
4.80293e-05
0.000105361
4.60534e-05
0.000115359
4.4117e-05
0.000125612
4.22708e-05
0.000135227
4.04554e-05
0.000142762
3.84786e-05
0.000146397
3.60672e-05
0.000144375
3.29836e-05
0.000135556
2.91431e-05
0.000119793
2.46608e-05
9.79161e-05
1.98127e-05
7.13935e-05
1.49477e-05
4.19195e-05
1.04039e-05
1.11827e-05
6.45364e-06
-1.91229e-05
3.27068e-06
-4.71946e-05
9.44204e-07
-7.09567e-05
-5.02876e-07
-8.79645e-05
-1.10962e-06
-9.54589e-05
-9.98974e-07
-9.04612e-05
-4.50566e-07
-6.98548e-05
-3.06024e-05
1.41494e-06
-2.19566e-05
4.79707e-06
-5.71895e-05
9.36332e-06
-8.44639e-05
1.44249e-05
-0.000104179
1.94376e-05
-0.000116881
2.40308e-05
-0.000123408
2.80064e-05
-0.000124833
3.13106e-05
-0.000122325
3.39901e-05
-0.000117003
3.61469e-05
-0.000109828
3.79007e-05
-0.000101559
3.93638e-05
-9.27481e-05
4.0628e-05
-8.37687e-05
4.17605e-05
-7.48564e-05
4.28054e-05
-6.6148e-05
4.37883e-05
-5.77143e-05
4.47213e-05
-4.95859e-05
4.56082e-05
-4.1769e-05
4.64475e-05
-3.42566e-05
4.72355e-05
-2.70343e-05
4.7968e-05
-2.00832e-05
4.86409e-05
-1.33817e-05
4.92508e-05
-6.90596e-06
4.97948e-05
-6.29596e-07
5.02708e-05
5.47595e-06
5.06763e-05
1.14434e-05
5.10089e-05
1.73088e-05
5.12651e-05
2.31112e-05
5.144e-05
2.88929e-05
5.15267e-05
3.46991e-05
5.15154e-05
4.05776e-05
5.13932e-05
4.65789e-05
5.11434e-05
5.27562e-05
5.07457e-05
5.91673e-05
5.01773e-05
6.58769e-05
4.94158e-05
7.29609e-05
4.84446e-05
8.05091e-05
4.72615e-05
8.86231e-05
4.58891e-05
9.73971e-05
4.43823e-05
0.000106867
4.2826e-05
0.000116915
4.13116e-05
0.000127127
3.98916e-05
0.000136647
3.85248e-05
0.000144129
3.705e-05
0.000147872
3.52203e-05
0.000146205
3.27989e-05
0.000137978
2.96673e-05
0.000122925
2.58821e-05
0.000101701
2.16566e-05
7.5619e-05
1.72898e-05
4.62863e-05
1.30861e-05
1.53864e-05
9.29624e-06
-1.5333e-05
6.07843e-06
-4.39768e-05
3.51197e-06
-6.83902e-05
1.62564e-06
-8.60782e-05
4.21449e-07
-9.42547e-05
-1.33013e-07
-8.99068e-05
-1.65534e-07
-6.98223e-05
-3.07679e-05
1.39132e-06
-2.33479e-05
4.6611e-06
-6.04593e-05
8.99672e-06
-8.87995e-05
1.37022e-05
-0.000108884
1.82498e-05
-0.000121428
2.2303e-05
-0.000127461
2.57063e-05
-0.000128236
2.84469e-05
-0.000125066
3.06039e-05
-0.00011916
3.22995e-05
-0.000111524
3.36622e-05
-0.000102922
3.48038e-05
-9.38896e-05
3.58091e-05
-8.4774e-05
3.67352e-05
-7.57826e-05
3.76158e-05
-6.70285e-05
3.84663e-05
-5.85649e-05
3.92909e-05
-5.04104e-05
4.00866e-05
-4.25648e-05
4.08477e-05
-3.50177e-05
4.15674e-05
-2.7754e-05
4.22397e-05
-2.07555e-05
4.28599e-05
-1.40019e-05
4.34246e-05
-7.47064e-06
4.39315e-05
-1.13645e-06
4.4379e-05
5.02845e-06
4.4766e-05
1.10564e-05
4.50911e-05
1.69837e-05
4.53523e-05
2.285e-05
4.55464e-05
2.86988e-05
4.56683e-05
3.45772e-05
4.57105e-05
4.05355e-05
4.56624e-05
4.66269e-05
4.55102e-05
5.29084e-05
4.52362e-05
5.94412e-05
4.48205e-05
6.62926e-05
4.42429e-05
7.35385e-05
4.34879e-05
8.12641e-05
4.25523e-05
8.95587e-05
4.14546e-05
9.84948e-05
4.02424e-05
0.00010808
3.89915e-05
0.000118166
3.77869e-05
0.000128331
3.66845e-05
0.00013775
3.56623e-05
0.000145151
3.45915e-05
0.000148943
3.32568e-05
0.00014754
3.14327e-05
0.000139802
2.89795e-05
0.000125378
2.59051e-05
0.000104776
2.23629e-05
7.91612e-05
1.85968e-05
5.00524e-05
1.48671e-05
1.91161e-05
1.13894e-05
-1.18553e-05
8.2942e-06
-4.08816e-05
5.64119e-06
-6.57372e-05
3.45836e-06
-8.38954e-05
1.78073e-06
-9.2577e-05
6.56727e-07
-8.87828e-05
1.01506e-07
-6.92671e-05
-3.06664e-05
1.35731e-06
-2.47053e-05
4.49079e-06
-6.35928e-05
8.56654e-06
-9.28752e-05
1.289e-05
-0.000113208
1.69571e-05
-0.000125495
2.04704e-05
-0.000130974
2.33185e-05
-0.000131084
2.55279e-05
-0.000127275
2.72061e-05
-0.000120838
2.84911e-05
-0.000112809
2.95154e-05
-0.000103946
3.03863e-05
-9.47605e-05
3.11792e-05
-8.55668e-05
3.19398e-05
-7.65432e-05
3.26903e-05
-6.7779e-05
3.34367e-05
-5.93112e-05
3.4175e-05
-5.11488e-05
3.48968e-05
-4.32866e-05
3.55922e-05
-3.57131e-05
3.62522e-05
-2.84139e-05
3.68695e-05
-2.13728e-05
3.7439e-05
-1.45714e-05
3.79575e-05
-7.98912e-06
3.84233e-05
-1.60221e-06
3.88355e-05
4.61617e-06
3.91941e-05
1.06979e-05
3.94985e-05
1.66793e-05
3.97477e-05
2.26007e-05
3.99397e-05
2.85069e-05
4.00705e-05
3.44465e-05
4.0134e-05
4.0472e-05
4.01211e-05
4.66397e-05
4.00197e-05
5.30098e-05
3.98142e-05
5.96468e-05
3.94864e-05
6.66204e-05
3.90179e-05
7.4007e-05
3.83944e-05
8.18876e-05
3.76124e-05
9.03406e-05
3.66883e-05
9.9419e-05
3.56652e-05
0.000109103
3.4613e-05
0.000119218
3.3614e-05
0.00012933
3.27297e-05
0.000138634
3.19579e-05
0.000145923
3.12024e-05
0.000149698
3.02825e-05
0.00014846
2.89916e-05
0.000141093
2.71798e-05
0.00012719
2.48167e-05
0.000107139
2.20009e-05
8.1977e-05
1.89186e-05
5.31346e-05
1.57774e-05
2.22573e-05
1.27454e-05
-8.82325e-06
9.91378e-06
-3.805e-05
7.3144e-06
-6.31378e-05
4.96901e-06
-8.155e-05
2.94035e-06
-9.05484e-05
1.34953e-06
-8.7192e-05
3.42056e-07
-6.82596e-05
-3.03243e-05
1.31374e-06
-2.6019e-05
4.28962e-06
-6.65687e-05
8.08069e-06
-9.66663e-05
1.20019e-05
-0.000117129
1.55796e-05
-0.000129073
1.85592e-05
-0.000133954
2.08735e-05
-0.000133398
2.25859e-05
-0.000128988
2.38284e-05
-0.000122081
2.475e-05
-0.000113731
2.5483e-05
-0.000104679
2.61273e-05
-9.54047e-05
2.67467e-05
-8.61863e-05
2.7375e-05
-7.71715e-05
2.80229e-05
-6.8427e-05
2.86872e-05
-5.99755e-05
2.93566e-05
-5.18183e-05
3.00177e-05
-4.39476e-05
3.06573e-05
-3.63526e-05
3.12643e-05
-2.9021e-05
3.18308e-05
-2.19393e-05
3.23514e-05
-1.5092e-05
3.28231e-05
-8.46083e-06
3.32448e-05
-2.02389e-06
3.36163e-05
4.24465e-06
3.39381e-05
1.03761e-05
3.42103e-05
1.6407e-05
3.44326e-05
2.23784e-05
3.46034e-05
2.83361e-05
3.47194e-05
3.43305e-05
3.47751e-05
4.04164e-05
3.47621e-05
4.66527e-05
3.4669e-05
5.31029e-05
3.44814e-05
5.98344e-05
3.41822e-05
6.69196e-05
3.37545e-05
7.44347e-05
3.3185e-05
8.24571e-05
3.2471e-05
9.10547e-05
3.16281e-05
0.000100262
3.06977e-05
0.000110033
2.97477e-05
0.000120168
2.88607e-05
0.000130217
2.81066e-05
0.000139388
2.75034e-05
0.000146526
2.69875e-05
0.000150214
2.64136e-05
0.000149033
2.55989e-05
0.000141907
2.43924e-05
0.000128396
2.27348e-05
0.000108796
2.0676e-05
8.40358e-05
1.83441e-05
5.54666e-05
1.58861e-05
2.47153e-05
1.34119e-05
-6.34907e-06
1.09636e-05
-3.56017e-05
8.539e-06
-6.07133e-05
6.15107e-06
-7.91621e-05
3.887e-06
-8.82843e-05
1.93281e-06
-8.52378e-05
5.50032e-07
-6.68768e-05
-2.97743e-05
1.26144e-06
-2.72804e-05
4.06088e-06
-6.93681e-05
7.54642e-06
-0.000100152
1.10502e-05
-0.000120633
1.41346e-05
-0.000132157
1.65905e-05
-0.00013641
1.83944e-05
-0.000135202
1.96439e-05
-0.000130237
2.0491e-05
-0.000122928
2.10914e-05
-0.000114331
2.15737e-05
-0.000105162
2.20277e-05
-9.58587e-05
2.25051e-05
-8.66637e-05
2.30268e-05
-7.76932e-05
2.3593e-05
-6.89931e-05
2.41914e-05
-6.05739e-05
2.48047e-05
-5.24316e-05
2.54149e-05
-4.45578e-05
2.60061e-05
-3.69438e-05
2.65658e-05
-2.95807e-05
2.70851e-05
-2.24586e-05
2.75587e-05
-1.55656e-05
2.79837e-05
-8.88587e-06
2.83594e-05
-2.39961e-06
2.86861e-05
3.91798e-06
2.89644e-05
1.00978e-05
2.9195e-05
1.61765e-05
2.93774e-05
2.21959e-05
2.95103e-05
2.82032e-05
2.95903e-05
3.42505e-05
2.96118e-05
4.03949e-05
2.95665e-05
4.6698e-05
2.94431e-05
5.32263e-05
2.92275e-05
6.00501e-05
2.89032e-05
6.72438e-05
2.84544e-05
7.48836e-05
2.78691e-05
8.30425e-05
2.71459e-05
9.17779e-05
2.63017e-05
0.000101106
2.53786e-05
0.000110956
2.44458e-05
0.000121101
2.35901e-05
0.000131073
2.2892e-05
0.000140086
2.23908e-05
0.000147027
2.20542e-05
0.000150551
2.17724e-05
0.000149315
2.1389e-05
0.000142291
2.07583e-05
0.000129027
1.98005e-05
0.000109754
1.85219e-05
8.53144e-05
1.69922e-05
5.69963e-05
1.5292e-05
2.64154e-05
1.3464e-05
-4.52103e-06
1.14935e-05
-3.36312e-05
9.34188e-06
-5.85616e-05
7.01339e-06
-7.68336e-05
4.6185e-06
-8.58894e-05
2.40078e-06
-8.302e-05
7.21952e-07
-6.5198e-05
-2.90524e-05
1.20116e-06
-2.84816e-05
3.80747e-06
-7.19744e-05
6.96992e-06
-0.000103314
1.00449e-05
-0.000123708
1.26357e-05
-0.000134748
1.45803e-05
-0.000138354
1.58979e-05
-0.00013652
1.67167e-05
-0.000131056
1.72044e-05
-0.000123415
1.75197e-05
-0.000114646
1.77845e-05
-0.000105426
1.8077e-05
-9.61512e-05
1.84359e-05
-8.70225e-05
1.88698e-05
-7.81272e-05
1.93688e-05
-6.9492e-05
1.99128e-05
-6.11179e-05
2.04789e-05
-5.29977e-05
2.10452e-05
-4.51242e-05
2.15936e-05
-3.74922e-05
2.21103e-05
-3.00974e-05
2.25859e-05
-2.29342e-05
2.30146e-05
-1.59943e-05
2.33938e-05
-9.26507e-06
2.37227e-05
-2.72857e-06
2.40018e-05
3.63892e-06
2.42317e-05
9.86795e-06
2.44127e-05
1.59955e-05
2.45443e-05
2.20643e-05
2.46246e-05
2.81229e-05
2.46496e-05
3.42254e-05
2.46133e-05
4.04312e-05
2.45067e-05
4.68047e-05
2.43179e-05
5.3415e-05
2.40326e-05
6.03354e-05
2.36349e-05
6.76415e-05
2.31095e-05
7.5409e-05
2.24461e-05
8.37058e-05
2.16456e-05
9.25783e-05
2.07279e-05
0.000102024
1.97384e-05
0.000111946
1.87511e-05
0.000122089
1.78603e-05
0.000131964
1.71596e-05
0.000140787
1.67104e-05
0.000147476
1.65107e-05
0.00015075
1.64848e-05
0.000149341
1.65033e-05
0.000142272
1.64303e-05
0.0001291
1.61706e-05
0.000110014
1.56913e-05
8.57937e-05
1.50029e-05
5.76847e-05
1.41145e-05
2.73039e-05
1.29947e-05
-3.4012e-06
1.15687e-05
-3.22052e-05
9.76254e-06
-5.67554e-05
7.57521e-06
-7.46462e-05
5.14068e-06
-8.34549e-05
2.75275e-06
-8.06321e-05
8.56289e-07
-6.33015e-05
-2.81961e-05
1.13352e-06
-2.96151e-05
3.53177e-06
-7.43727e-05
6.35619e-06
-0.000106139
8.99387e-06
-0.000126345
1.1093e-05
-0.000136847
1.25397e-05
-0.000139801
1.33941e-05
-0.000137374
1.3811e-05
-0.000131473
1.39705e-05
-0.000123575
1.40301e-05
-0.000114706
1.41032e-05
-0.0001055
1.42553e-05
-9.63034e-05
1.45121e-05
-8.72792e-05
1.48707e-05
-7.84857e-05
1.53116e-05
-6.9933e-05
1.58081e-05
-6.16144e-05
1.63324e-05
-5.35219e-05
1.68595e-05
-4.56513e-05
1.73692e-05
-3.8002e-05
1.78466e-05
-3.05747e-05
1.82814e-05
-2.3369e-05
1.86678e-05
-1.63806e-05
1.90027e-05
-9.59992e-06
1.9285e-05
-3.01093e-06
1.95149e-05
3.40903e-06
1.96926e-05
9.6903e-06
1.98177e-05
1.58703e-05
1.98892e-05
2.19929e-05
1.9904e-05
2.81081e-05
1.98573e-05
3.42721e-05
1.97418e-05
4.05467e-05
1.95475e-05
4.6999e-05
1.92616e-05
5.37009e-05
1.88693e-05
6.07277e-05
1.83546e-05
6.81563e-05
1.77032e-05
7.60603e-05
1.69071e-05
8.45019e-05
1.59706e-05
9.35149e-05
1.4918e-05
0.000103076
1.38013e-05
0.000113062
1.2702e-05
0.000123188
1.17253e-05
0.00013294
1.09807e-05
0.000141531
1.05518e-05
0.000147905
1.04659e-05
0.000150836
1.06791e-05
0.000149128
1.10883e-05
0.000141863
1.15683e-05
0.00012862
1.2012e-05
0.00010957
1.23486e-05
8.54571e-05
1.25279e-05
5.75054e-05
1.24829e-05
2.73489e-05
1.21051e-05
-3.02339e-06
1.12607e-05
-3.13609e-05
9.84598e-06
-5.53407e-05
7.86093e-06
-7.26612e-05
5.46399e-06
-8.10579e-05
2.99135e-06
-7.81595e-05
9.52912e-07
-6.12631e-05
-2.72432e-05
1.05902e-06
-3.06741e-05
3.2356e-06
-7.65493e-05
5.70891e-06
-0.000108612
7.90272e-06
-0.000128539
9.51347e-06
-0.000138458
1.04755e-05
-0.000140763
1.08876e-05
-0.000137786
1.09278e-05
-0.000131513
1.07842e-05
-0.000123431
1.06109e-05
-0.000114532
1.05109e-05
-0.0001054
1.05366e-05
-9.63291e-05
1.0701e-05
-8.74437e-05
1.09907e-05
-7.87754e-05
1.1378e-05
-7.03203e-05
1.18301e-05
-6.20665e-05
1.23152e-05
-5.4007e-05
1.28055e-05
-4.61417e-05
1.32792e-05
-3.84757e-05
1.37201e-05
-3.10156e-05
1.41173e-05
-2.37662e-05
1.44639e-05
-1.67273e-05
1.47564e-05
-9.8924e-06
1.4993e-05
-3.2476e-06
1.51731e-05
3.22895e-06
1.52959e-05
9.56749e-06
1.53602e-05
1.5806e-05
1.53634e-05
2.19896e-05
1.53014e-05
2.81701e-05
1.51679e-05
3.44056e-05
1.49539e-05
4.07606e-05
1.46482e-05
4.73048e-05
1.42366e-05
5.41124e-05
1.37036e-05
6.12607e-05
1.30334e-05
6.88265e-05
1.2213e-05
7.68807e-05
1.12373e-05
8.54776e-05
1.01153e-05
9.46369e-05
8.87818e-06
0.000104314
7.58652e-06
0.000114354
6.33311e-06
0.000124441
5.23696e-06
0.000134036
4.42544e-06
0.000142343
4.00503e-06
0.000148326
4.03052e-06
0.000150811
4.48666e-06
0.000148672
5.29398e-06
0.000141056
6.33694e-06
0.000127577
7.49626e-06
0.000108411
8.66229e-06
8.42911e-05
9.72105e-06
5.64466e-05
1.05266e-05
2.65433e-05
1.08947e-05
-3.39147e-06
1.0639e-05
-3.11052e-05
9.63626e-06
-5.43379e-05
7.89547e-06
-7.09204e-05
5.60043e-06
-7.87629e-05
3.12088e-06
-7.56799e-05
1.01251e-06
-5.91547e-05
-2.62307e-05
9.77942e-07
-3.16521e-05
2.92015e-06
-7.84915e-05
5.03058e-06
-0.000110722
6.77512e-06
-0.000130284
7.9011e-06
-0.000139584
8.39088e-06
-0.000141253
8.37886e-06
-0.000137774
8.06297e-06
-0.000131197
7.63585e-06
-0.000123004
7.24574e-06
-0.000114142
6.98408e-06
-0.000105138
6.89058e-06
-9.62356e-05
6.96636e-06
-8.75194e-05
7.18845e-06
-7.89975e-05
7.52208e-06
-7.06539e-05
7.92944e-06
-6.24739e-05
8.37526e-06
-5.44528e-05
8.82956e-06
-4.6596e-05
9.26872e-06
-3.89148e-05
9.67529e-06
-3.14222e-05
1.00372e-05
-2.41281e-05
1.03467e-05
-1.70367e-05
1.0599e-05
-1.01447e-05
1.07913e-05
-3.43989e-06
1.09215e-05
3.09872e-06
1.09876e-05
9.5014e-06
1.09868e-05
1.58069e-05
1.09149e-05
2.20615e-05
1.0766e-05
2.83189e-05
1.0532e-05
3.46397e-05
1.02021e-05
4.10905e-05
9.76336e-06
4.77436e-05
9.20038e-06
5.46754e-05
8.49689e-06
6.19642e-05
7.63752e-06
6.96858e-05
6.61135e-06
7.79068e-05
5.41711e-06
8.66719e-05
4.07017e-06
9.59839e-05
2.6107e-06
0.000105773
1.11081e-06
0.000115854
-3.22602e-07
0.000125875
-1.55361e-06
0.000135267
-2.43519e-06
0.000143225
-2.83819e-06
0.000148729
-2.68276e-06
0.000150655
-1.95916e-06
0.000147948
-7.27449e-07
0.000139824
9.02561e-07
0.000125947
2.79521e-06
0.000106518
4.798e-06
8.22883e-05
6.72996e-06
5.45147e-05
8.36616e-06
2.49071e-05
9.45313e-06
-4.47844e-06
9.7646e-06
-3.14167e-05
9.17154e-06
-5.37449e-05
7.70089e-06
-6.94498e-05
5.56141e-06
-7.66234e-05
3.14603e-06
-7.32646e-05
1.03615e-06
-5.70448e-05
-2.51945e-05
8.90433e-07
-3.25425e-05
2.58608e-06
-8.01871e-05
4.32261e-06
-0.000112459
5.61308e-06
-0.000131574
6.25776e-06
-0.000140229
6.28606e-06
-0.000141281
5.86522e-06
-0.000137354
5.20918e-06
-0.000130541
4.51222e-06
-0.000122307
3.91491e-06
-0.000113545
3.49674e-06
-0.00010472
3.28509e-06
-9.6024e-05
3.27043e-06
-8.75048e-05
3.42151e-06
-7.91486e-05
3.69758e-06
-7.093e-05
4.05674e-06
-6.28331e-05
4.46086e-06
-5.48569e-05
4.87792e-06
-4.7013e-05
5.28264e-06
-3.93195e-05
5.65609e-06
-3.17957e-05
5.98477e-06
-2.44568e-05
6.25938e-06
-1.73113e-05
6.47359e-06
-1.03589e-05
6.62289e-06
-3.5892e-06
6.70345e-06
3.01815e-06
6.7113e-06
9.49355e-06
6.64169e-06
1.58765e-05
6.48846e-06
2.22148e-05
6.24355e-06
2.85638e-05
5.89668e-06
3.49865e-05
5.43512e-06
4.1552e-05
4.84398e-06
4.83347e-05
4.10676e-06
5.54126e-05
3.20677e-06
6.28642e-05
2.12965e-06
7.0763e-05
8.67325e-07
7.91692e-05
-5.76231e-07
8.81154e-05
-2.17736e-06
9.7585e-05
-3.88438e-06
0.00010748
-5.61054e-06
0.00011758
-7.2316e-06
0.000127496
-8.59237e-06
0.000136628
-9.52555e-06
0.000144158
-9.88055e-06
0.000149084
-9.55567e-06
0.000150331
-8.521e-06
0.000146914
-6.82285e-06
0.000138126
-4.5716e-06
0.000123695
-1.92608e-06
0.000103873
9.11195e-07
7.9451e-05
3.68767e-06
5.17382e-05
6.10504e-06
2.24898e-05
7.85373e-06
-6.22714e-06
8.6854e-06
-3.22483e-05
8.48148e-06
-5.3541e-05
7.29481e-06
-6.82631e-05
5.35674e-06
-7.46853e-05
3.07133e-06
-7.09791e-05
1.02504e-06
-5.49985e-05
-2.41695e-05
7.96473e-07
-3.3339e-05
2.23359e-06
-8.16242e-05
3.58562e-06
-0.000113811
4.41743e-06
-0.000132406
4.58374e-06
-0.000140395
4.15962e-06
-0.000140857
3.3419e-06
-0.000136536
2.3571e-06
-0.000129556
1.39843e-06
-0.000121349
5.97463e-07
-0.000112744
2.18373e-08
-0.000104144
-3.12477e-07
-9.56897e-05
-4.2438e-07
-8.73929e-05
-3.5202e-07
-7.9221e-05
-1.4095e-07
-7.11411e-05
1.63632e-07
-6.31377e-05
5.21241e-07
-5.52145e-05
8.97985e-07
-4.73898e-05
1.26687e-06
-3.96884e-05
1.60723e-06
-3.2136e-05
1.90369e-06
-2.47532e-05
2.14497e-06
-1.75526e-05
2.32265e-06
-1.05366e-05
2.43e-06
-3.69655e-06
2.46089e-06
2.98727e-06
2.40897e-06
9.54547e-06
2.26709e-06
1.60184e-05
2.02669e-06
2.24552e-05
1.67729e-06
2.89132e-05
1.20625e-06
3.54576e-05
5.98702e-07
4.21596e-05
-1.6203e-07
4.90955e-05
-1.09346e-06
5.63441e-05
-2.21209e-06
6.39828e-05
-3.53033e-06
7.20812e-05
-5.052e-06
8.06908e-05
-6.76585e-06
8.98293e-05
-8.63761e-06
9.94568e-05
-1.06014e-05
0.000109444
-1.25531e-05
0.000119532
-1.43488e-05
0.000129291
-1.58124e-05
0.000138092
-1.67565e-05
0.000145102
-1.7011e-05
0.000149338
-1.64568e-05
0.000149776
-1.50503e-05
0.000145507
-1.28319e-05
0.000135908
-9.92164e-06
0.000120785
-6.5109e-06
0.000100462
-2.8598e-06
7.57999e-05
7.06579e-07
4.81718e-05
3.8249e-06
1.93714e-05
6.1506e-06
-8.55283e-06
7.43536e-06
-3.35331e-05
7.58734e-06
-5.36929e-05
6.69095e-06
-6.73667e-05
4.995e-06
-7.29894e-05
2.90124e-06
-6.88854e-05
9.80477e-07
-5.30778e-05
-2.3189e-05
6.95932e-07
-3.40349e-05
1.86258e-06
-8.27909e-05
2.81972e-06
-0.000114768
3.18831e-06
-0.000132774
2.87852e-06
-0.000140085
2.00921e-06
-0.000139987
8.03452e-07
-0.00013533
-5.03043e-07
-0.00012825
-1.72058e-06
-0.000120131
-2.72737e-06
-0.000111737
-3.46697e-06
-0.000103404
-3.93356e-06
-9.52231e-05
-4.15395e-06
-8.71725e-05
-4.17187e-06
-7.92031e-05
-4.03661e-06
-7.12763e-05
-3.79588e-06
-6.33784e-05
-3.49207e-06
-5.55183e-05
-3.16082e-06
-4.7721e-05
-2.83099e-06
-4.00183e-05
-2.52529e-06
-3.24417e-05
-2.26138e-06
-2.50171e-05
-2.05303e-06
-1.7761e-05
-1.9113e-06
-1.06783e-05
-1.84567e-06
-3.76217e-06
-1.8651e-06
3.0067e-06
-1.97875e-06
9.65912e-06
-2.19657e-06
1.62362e-05
-2.52988e-06
2.27885e-05
-2.99179e-06
2.93752e-05
-3.59741e-06
3.60632e-05
-4.36366e-06
4.29258e-05
-5.30866e-06
5.00405e-05
-6.45036e-06
5.74858e-05
-7.80418e-06
6.53366e-05
-9.3794e-06
7.36564e-05
-1.11739e-05
8.24853e-05
-1.31669e-05
9.18223e-05
-1.53111e-05
0.000101601
-1.75235e-05
0.000111656
-1.96801e-05
0.000121688
-2.16152e-05
0.000131226
-2.31318e-05
0.000139608
-2.40229e-05
0.000145993
-2.41029e-05
0.000149418
-2.32413e-05
0.000148915
-2.13886e-05
0.000143654
-1.85902e-05
0.000133109
-1.49876e-05
0.000117183
-1.08159e-05
9.62903e-05
-6.39833e-06
7.13823e-05
-2.12747e-06
4.39009e-05
1.58322e-06
1.56607e-05
4.37928e-06
-1.13489e-05
6.0368e-06
-3.51906e-05
6.50492e-06
-5.41611e-05
5.90152e-06
-6.67633e-05
4.48515e-06
-7.1573e-05
2.64096e-06
-6.70412e-05
9.0415e-07
-5.1341e-05
-2.22848e-05
5.8861e-07
-3.46235e-05
1.47282e-06
-8.36751e-05
2.02483e-06
-0.00011532
1.9257e-06
-0.000132675
1.1415e-06
-0.000139301
-1.67321e-07
-0.000138679
-1.75492e-06
-0.000133743
-3.38049e-06
-0.000126624
-4.85925e-06
-0.000118652
-6.07906e-06
-0.000110517
-6.99383e-06
-0.00010249
-7.60657e-06
-9.46103e-05
-7.95055e-06
-8.68285e-05
-8.07379e-06
-7.90798e-05
-8.02821e-06
-7.13219e-05
-7.86335e-06
-6.35433e-05
-7.62313e-06
-5.57586e-05
-7.3449e-06
-4.79992e-05
-7.05949e-06
-4.03037e-05
-6.79201e-06
-3.27092e-05
-6.56283e-06
-2.52463e-05
-6.3887e-06
-1.79351e-05
-6.28383e-06
-1.07832e-05
-6.26095e-06
-3.78506e-06
-6.33229e-06
3.07804e-06
-6.51027e-06
9.8371e-06
-6.80795e-06
1.65339e-05
-7.23963e-06
2.32201e-05
-7.82121e-06
2.99567e-05
-8.57018e-06
3.68122e-05
-9.50531e-06
4.38609e-05
-1.06456e-05
5.11808e-05
-1.20087e-05
5.88489e-05
-1.36078e-05
6.69357e-05
-1.54472e-05
7.54959e-05
-1.75168e-05
8.45549e-05
-1.97841e-05
9.40896e-05
-2.21855e-05
0.000104002
-2.46187e-05
0.00011409
-2.69374e-05
0.000124007
-2.89533e-05
0.000133242
-3.04489e-05
0.000141104
-3.12007e-05
0.000146745
-3.10127e-05
0.00014923
-2.97505e-05
0.000147653
-2.737e-05
0.000141274
-2.39343e-05
0.000129673
-1.96203e-05
0.000112869
-1.47175e-05
9.13875e-05
-9.6135e-06
6.62783e-05
-4.75654e-06
3.9044e-05
-5.85062e-07
1.14893e-05
2.56106e-06
-1.4495e-05
4.50602e-06
-3.71356e-05
5.2496e-06
-5.49046e-05
4.94104e-06
-6.64547e-05
3.83884e-06
-7.04708e-05
2.29751e-06
-6.54999e-05
7.98402e-07
-4.98419e-05
-2.14864e-05
4.74293e-07
-3.50978e-05
1.06408e-06
-8.42649e-05
1.20102e-06
-0.000115457
6.29948e-07
-0.000132104
-6.26845e-07
-0.000138044
-2.37053e-06
-0.000136935
-4.33724e-06
-0.000131776
-6.28344e-06
-0.000124678
-8.03002e-06
-0.000116906
-9.4742e-06
-0.000109073
-1.05794e-05
-0.000101385
-1.1356e-05
-9.38337e-05
-1.18422e-05
-8.63422e-05
-1.20891e-05
-7.8833e-05
-1.21501e-05
-7.12609e-05
-1.20759e-05
-6.36174e-05
-1.19117e-05
-5.59228e-05
-1.16964e-05
-4.82145e-05
-1.14631e-05
-4.0537e-05
-1.12396e-05
-3.29327e-05
-1.10493e-05
-2.54366e-05
-1.09125e-05
-1.80719e-05
-1.0847e-05
-1.08487e-05
-1.08693e-05
-3.76279e-06
-1.09952e-05
3.20398e-06
-1.12408e-05
1.00827e-05
-1.16225e-05
1.69156e-05
-1.21577e-05
2.37553e-05
-1.2865e-05
3.0664e-05
-1.37642e-05
3.77113e-05
-1.48752e-05
4.4972e-05
-1.62175e-05
5.25231e-05
-1.7807e-05
6.04383e-05
-1.9653e-05
6.87817e-05
-2.17531e-05
7.7596e-05
-2.40868e-05
8.68885e-05
-2.66067e-05
9.66095e-05
-2.92309e-05
0.000106627
-3.18349e-05
0.000116693
-3.42489e-05
0.000126421
-3.62624e-05
0.000135256
-3.76394e-05
0.000142481
-3.81448e-05
0.00014725
-3.75793e-05
0.000148665
-3.58151e-05
0.000145888
-3.28263e-05
0.000138285
-2.87089e-05
0.000125556
-2.36893e-05
0.000107849
-1.8118e-05
8.58163e-05
-1.24421e-05
6.06024e-05
-7.14538e-06
3.37472e-05
-2.66152e-06
7.0054e-06
7.11584e-07
-1.78681e-05
2.86139e-06
-3.92854e-05
3.84289e-06
-5.58861e-05
3.83071e-06
-6.64426e-05
3.07295e-06
-6.97131e-05
1.88097e-06
-6.43079e-05
6.66602e-07
-4.86275e-05
-2.08198e-05
3.52808e-07
-3.54506e-05
6.36368e-07
-8.45484e-05
3.4895e-07
-0.00011517
-6.97031e-07
-0.000131058
-2.42432e-06
-0.000136317
-4.60015e-06
-0.000134759
-6.94627e-06
-0.00012943
-9.21764e-06
-0.000122407
-1.12418e-05
-0.000114882
-1.29251e-05
-0.00010739
-1.42394e-05
-0.00010007
-1.5201e-05
-9.28722e-05
-1.58514e-05
-8.56918e-05
-1.62433e-05
-7.84411e-05
-1.64306e-05
-7.10735e-05
-1.64648e-05
-6.35833e-05
-1.63917e-05
-5.59958e-05
-1.62521e-05
-4.83542e-05
-1.60812e-05
-4.07079e-05
-1.59099e-05
-3.31041e-05
-1.57651e-05
-2.55813e-05
-1.5671e-05
-1.8166e-05
-1.56493e-05
-1.08703e-05
-1.57207e-05
-3.69141e-06
-1.59051e-05
3.38835e-06
-1.62222e-05
1.03998e-05
-1.6692e-05
1.73854e-05
-1.73351e-05
2.43984e-05
-1.81725e-05
3.15015e-05
-1.92257e-05
3.87646e-05
-2.05156e-05
4.62619e-05
-2.20604e-05
5.40678e-05
-2.38731e-05
6.2251e-05
-2.59573e-05
7.08659e-05
-2.83015e-05
7.99402e-05
-3.08717e-05
8.94588e-05
-3.36036e-05
9.93414e-05
-3.63938e-05
0.000109417
-3.90944e-05
0.000119394
-4.1512e-05
0.000128839
-4.34153e-05
0.000137159
-4.45544e-05
0.00014362
-4.46893e-05
0.000147385
-4.36274e-05
0.000147603
-4.12601e-05
0.000143521
-3.75947e-05
0.00013462
-3.27757e-05
0.000120737
-2.70895e-05
0.000102163
-2.09491e-05
7.96759e-05
-1.48465e-05
5.44998e-05
-9.27443e-06
2.81751e-05
-4.63115e-06
2.36211e-06
-1.14827e-06
-2.1351e-05
1.13252e-06
-4.15662e-05
2.31867e-06
-5.70723e-05
2.60229e-06
-6.67262e-05
2.21166e-06
-6.93224e-05
1.40529e-06
-6.35015e-05
5.13371e-07
-4.77356e-05
-2.03065e-05
2.24092e-07
-3.56747e-05
1.90192e-07
-8.45145e-05
-5.29246e-07
-0.00011445
-2.05166e-06
-0.000129536
-4.24782e-06
-0.000134121
-6.8546e-06
-0.000132152
-9.58162e-06
-0.000126703
-1.21847e-05
-0.000119804
-1.44988e-05
-0.000112567
-1.64389e-05
-0.00010545
-1.79839e-05
-9.85253e-05
-1.91543e-05
-9.17018e-05
-1.99935e-05
-8.48525e-05
-2.05544e-05
-7.78803e-05
-2.08908e-05
-7.07372e-05
-2.10537e-05
-6.34204e-05
-2.109e-05
-5.59596e-05
-2.10416e-05
-4.84025e-05
-2.09464e-05
-4.08031e-05
-2.08384e-05
-3.3212e-05
-2.07485e-05
-2.56713e-05
-2.07047e-05
-1.82098e-05
-2.07334e-05
-1.08416e-05
-2.08595e-05
-3.56531e-06
-2.11072e-05
3.63604e-06
-2.15002e-05
1.07928e-05
-2.20618e-05
1.7947e-05
-2.28156e-05
2.51521e-05
-2.37848e-05
3.24707e-05
-2.4992e-05
3.99717e-05
-2.64575e-05
4.77274e-05
-2.81974e-05
5.58077e-05
-3.02199e-05
6.42735e-05
-3.25204e-05
7.31664e-05
-3.50758e-05
8.24956e-05
-3.78361e-05
9.22191e-05
-4.07171e-05
0.000102222
-4.35926e-05
0.000112292
-4.62904e-05
0.000122092
-4.85948e-05
0.000131143
-5.02579e-05
0.000138822
-5.10221e-05
0.000144384
-5.06524e-05
0.000147015
-4.89747e-05
0.000145925
-4.59145e-05
0.000140461
-4.15282e-05
0.000130233
-3.60215e-05
0.00011523
-2.97465e-05
9.5888e-05
-2.317e-05
7.30993e-05
-1.6807e-05
4.81368e-05
-1.11283e-05
2.24965e-05
-6.46978e-06
-2.29643e-06
-2.98145e-06
-2.48393e-05
-6.32677e-07
-4.3915e-05
7.27602e-07
-5.84326e-05
1.30027e-06
-6.72989e-05
1.28733e-06
-6.93095e-05
8.88622e-07
-6.31028e-05
3.44593e-07
-4.71916e-05
-1.99619e-05
8.83071e-08
-3.5763e-05
-2.73002e-07
-8.41532e-05
-1.43004e-06
-0.000113293
-3.4295e-06
-0.000127536
-6.09257e-06
-0.000131458
-9.12876e-06
-0.000129116
-1.22389e-05
-0.000123592
-1.51817e-05
-0.000116861
-1.77999e-05
-0.000109949
-2.00164e-05
-0.000103233
-2.18156e-05
-9.67261e-05
-2.32207e-05
-9.02966e-05
-2.42756e-05
-8.37977e-05
-2.50318e-05
-7.7124e-05
-2.55422e-05
-7.02268e-05
-2.58572e-05
-6.31054e-05
-2.60237e-05
-5.5793e-05
-2.60853e-05
-4.83409e-05
-2.60823e-05
-4.08061e-05
-2.60518e-05
-3.32425e-05
-2.60288e-05
-2.56944e-05
-2.60457e-05
-1.81929e-05
-2.61334e-05
-1.07539e-05
-2.63214e-05
-3.37736e-06
-2.66381e-05
3.95275e-06
-2.71111e-05
1.12658e-05
-2.77671e-05
1.8603e-05
-2.8632e-05
2.60171e-05
-2.97307e-05
3.35694e-05
-3.10859e-05
4.13269e-05
-3.27162e-05
4.93577e-05
-3.46335e-05
5.77251e-05
-3.68392e-05
6.64792e-05
-3.93183e-05
7.56455e-05
-4.2033e-05
8.52103e-05
-4.49152e-05
9.51013e-05
-4.78586e-05
0.000105166
-5.07132e-05
0.000115147
-5.32839e-05
0.000124663
-5.5336e-05
0.000133195
-5.66111e-05
0.000140098
-5.68531e-05
0.000144626
-5.58437e-05
0.000146006
-5.3442e-05
0.000143523
-4.96229e-05
0.000136642
-4.45059e-05
0.000125116
-3.83657e-05
0.00010909
-3.16163e-05
8.91387e-05
-2.4761e-05
6.62441e-05
-1.83098e-05
4.16855e-05
-1.26827e-05
1.68694e-05
-8.13369e-06
-6.84549e-06
-4.72629e-06
-2.82467e-05
-2.36404e-06
-4.62772e-05
-8.61912e-07
-5.99347e-05
-1.80042e-08
-6.81428e-05
3.40191e-07
-6.96677e-05
3.52902e-07
-6.31155e-05
1.67251e-07
-4.70059e-05
-1.97946e-05
-5.40745e-08
-3.57089e-05
-7.50785e-07
-8.34565e-05
-2.34908e-06
-0.000111695
-4.82441e-06
-0.000125061
-7.9507e-06
-0.000128332
-1.1414e-05
-0.000125653
-1.49096e-05
-0.000120097
-1.82007e-05
-0.00011357
-2.11379e-05
-0.000107012
-2.36513e-05
-0.00010072
-2.57293e-05
-9.46481e-05
-2.73962e-05
-8.86298e-05
-2.86946e-05
-8.24993e-05
-2.96741e-05
-7.61445e-05
-3.03856e-05
-6.95153e-05
-3.08782e-05
-6.26129e-05
-3.11987e-05
-5.54724e-05
-3.1392e-05
-4.81476e-05
-3.15005e-05
-4.06976e-05
-3.15649e-05
-3.31782e-05
-3.16237e-05
-2.56355e-05
-3.17141e-05
-1.81025e-05
-3.18714e-05
-1.05966e-05
-3.21295e-05
-3.11923e-06
-3.25212e-05
4.34446e-06
-3.30776e-05
1.18222e-05
-3.38283e-05
1.93537e-05
-3.48011e-05
2.69899e-05
-3.60215e-05
3.47897e-05
-3.75109e-05
4.28163e-05
-3.92848e-05
5.11316e-05
-4.13492e-05
5.97895e-05
-4.36959e-05
6.88259e-05
-4.62971e-05
7.82467e-05
-4.90981e-05
8.80113e-05
-5.20102e-05
9.80135e-05
-5.49046e-05
0.00010806
-5.7608e-05
0.00011785
-5.99051e-05
0.00012696
-6.15483e-05
0.000134838
-6.22774e-05
0.000140827
-6.18495e-05
0.000144198
-6.00769e-05
0.000144233
-5.68669e-05
0.000140314
-5.22581e-05
0.000132033
-4.64418e-05
0.0001193
-3.97615e-05
0.00010241
-3.26803e-05
8.20574e-05
-2.5713e-05
5.92768e-05
-1.93353e-05
3.53079e-05
-1.38942e-05
1.14283e-05
-9.55333e-06
-1.11863e-05
-6.29533e-06
-3.15047e-05
-3.9694e-06
-4.86031e-05
-2.36574e-06
-6.15383e-05
-1.2852e-06
-6.92233e-05
-5.83506e-07
-7.03694e-05
-1.76984e-07
-6.3522e-05
-1.08316e-08
-4.71721e-05
-1.98054e-05
-2.02159e-07
-3.55068e-05
-1.24014e-06
-8.24185e-05
-3.28067e-06
-0.000109654
-6.22775e-06
-0.000122114
-9.81133e-06
-0.000124748
-1.36979e-05
-0.000121766
-1.75803e-05
-0.000116215
-2.12278e-05
-0.000109922
-2.44988e-05
-0.000103741
-2.73294e-05
-9.78892e-05
-2.97105e-05
-9.2267e-05
-3.16661e-05
-8.66742e-05
-3.32363e-05
-8.0929e-05
-3.44679e-05
-7.49129e-05
-3.54087e-05
-6.85745e-05
-3.61062e-05
-6.19154e-05
-3.66067e-05
-5.49719e-05
-3.69558e-05
-4.77985e-05
-3.71981e-05
-4.04553e-05
-3.73771e-05
-3.29991e-05
-3.75354e-05
-2.54772e-05
-3.77141e-05
-1.79238e-05
-3.79529e-05
-1.03578e-05
-3.82901e-05
-2.78204e-06
-3.87622e-05
4.81658e-06
-3.94035e-05
1.24635e-05
-4.02457e-05
2.01959e-05
-4.13177e-05
2.80619e-05
-4.26444e-05
3.61164e-05
-4.42446e-05
4.44165e-05
-4.61286e-05
5.30157e-05
-4.82942e-05
6.19551e-05
-5.07217e-05
7.12534e-05
-5.33679e-05
8.08929e-05
-5.61593e-05
9.08027e-05
-5.89859e-05
0.00010084
-6.16963e-05
0.000110771
-6.40969e-05
0.000120251
-6.59578e-05
0.000128821
-6.70263e-05
0.000135907
-6.70519e-05
0.000140852
-6.58185e-05
0.000142965
-6.31838e-05
0.000141599
-5.91172e-05
0.000136247
-5.37303e-05
0.000126646
-4.72883e-05
0.000112858
-4.01936e-05
9.53151e-05
-3.29366e-05
7.48003e-05
-2.6016e-05
5.23562e-05
-1.98486e-05
2.91405e-05
-1.46962e-05
6.27585e-06
-1.06356e-05
-1.52469e-05
-7.58114e-06
-3.45591e-05
-5.34118e-06
-5.08431e-05
-3.68877e-06
-6.31908e-05
-2.42713e-06
-7.04849e-05
-1.43398e-06
-7.13625e-05
-6.74755e-07
-6.42813e-05
-1.81566e-07
-4.76652e-05
-1.9987e-05
-3.54766e-07
-3.5152e-05
-1.7372e-06
-8.10361e-05
-4.21733e-06
-0.000107174
-7.62856e-06
-0.000118703
-1.16605e-05
-0.000120716
-1.59643e-05
-0.000117462
-2.02331e-05
-0.000111946
-2.42434e-05
-0.000105912
-2.78612e-05
-0.000100123
-3.10276e-05
-9.47228e-05
-3.37347e-05
-8.95599e-05
-3.60046e-05
-8.44043e-05
-3.78741e-05
-7.90596e-05
-3.93859e-05
-7.34012e-05
-4.05844e-05
-6.73759e-05
-4.15149e-05
-6.09849e-05
-4.22226e-05
-5.42641e-05
-4.27535e-05
-4.72676e-05
-4.31537e-05
-4.00551e-05
-4.34694e-05
-3.26835e-05
-4.37463e-05
-2.52003e-05
-4.40294e-05
-1.76407e-05
-4.43624e-05
-1.00249e-05
-4.47871e-05
-2.35732e-06
-4.53433e-05
5.37284e-06
-4.60677e-05
1.31879e-05
-4.69933e-05
2.11215e-05
-4.81487e-05
2.92174e-05
-4.95569e-05
3.75246e-05
-5.12323e-05
4.6092e-05
-5.31783e-05
5.49616e-05
-5.53821e-05
6.4159e-05
-5.78105e-05
7.36818e-05
-6.0403e-05
8.34854e-05
-6.30666e-05
9.34663e-05
-6.56701e-05
0.000103444
-6.80422e-05
0.000113143
-6.99738e-05
0.000122182
-7.12279e-05
0.000130075
-7.15583e-05
0.000136237
-7.07366e-05
0.00014003
-6.85881e-05
0.000140816
-6.50293e-05
0.00013804
-6.01018e-05
0.000131319
-5.39931e-05
0.000120537
-4.70348e-05
0.0001059
-3.96699e-05
8.79502e-05
-3.23898e-05
6.75202e-05
-2.56516e-05
4.5618e-05
-1.97976e-05
2.32865e-05
-1.50035e-05
1.48174e-06
-1.12721e-05
-1.89783e-05
-8.46643e-06
-3.73648e-05
-6.36653e-06
-5.2943e-05
-4.73306e-06
-6.48242e-05
-3.36768e-06
-7.18503e-05
-2.16035e-06
-7.25699e-05
-1.11375e-06
-6.53279e-05
-3.36875e-07
-4.84421e-05
-2.03239e-05
-5.10444e-07
-3.46416e-05
-2.23708e-06
-7.93094e-05
-5.14995e-06
-0.000104261
-9.01362e-06
-0.000114839
-1.34815e-05
-0.000116248
-1.81932e-05
-0.000112751
-2.28451e-05
-0.000107294
-2.72216e-05
-0.000101536
-3.11965e-05
-9.61483e-05
-3.47143e-05
-9.1205e-05
-3.77672e-05
-8.65071e-05
-4.03742e-05
-8.17973e-05
-4.25677e-05
-7.6866e-05
-4.43859e-05
-7.1583e-05
-4.58694e-05
-6.58925e-05
-4.70602e-05
-5.97941e-05
-4.80025e-05
-5.33219e-05
-4.87416e-05
-4.65285e-05
-4.93246e-05
-3.94721e-05
-4.97997e-05
-3.22084e-05
-5.02151e-05
-2.47849e-05
-5.06189e-05
-1.72369e-05
-5.10578e-05
-9.58594e-06
-5.15767e-05
-1.83842e-06
-5.22176e-05
6.01378e-06
-5.30185e-05
1.39887e-05
-5.40124e-05
2.21154e-05
-5.52265e-05
3.04315e-05
-5.66801e-05
3.89782e-05
-5.83816e-05
4.77935e-05
-6.03251e-05
5.69051e-05
-6.24859e-05
6.63198e-05
-6.48153e-05
7.60111e-05
-6.72351e-05
8.59052e-05
-6.96328e-05
9.5864e-05
-7.18584e-05
0.000105669
-7.37253e-05
0.000115009
-7.50164e-05
0.000123474
-7.54978e-05
0.000130556
-7.49418e-05
0.000135681
-7.31567e-05
0.000138245
-7.00219e-05
0.000137682
-6.55228e-05
0.000133541
-5.97769e-05
0.000125574
-5.30423e-05
0.000113803
-4.57009e-05
9.85583e-05
-3.82122e-05
8.04615e-05
-3.10433e-05
6.03513e-05
-2.45907e-05
3.91654e-05
-1.91173e-05
1.78132e-05
-1.47223e-05
-2.91329e-06
-1.13523e-05
-2.23483e-05
-8.8367e-06
-3.98804e-05
-6.93775e-06
-5.4842e-05
-5.40578e-06
-6.63562e-05
-4.03451e-06
-7.32216e-05
-2.71368e-06
-7.38907e-05
-1.46798e-06
-6.65735e-05
-4.68823e-07
-4.94413e-05
-2.07927e-05
-6.67356e-07
-3.39742e-05
-2.73396e-06
-7.72428e-05
-6.06797e-06
-0.000100927
-1.03677e-05
-0.000110539
-1.52547e-05
-0.000111361
-2.03611e-05
-0.000107644
-2.53887e-05
-0.000102266
-3.0131e-05
-9.67932e-05
-3.44686e-05
-9.18107e-05
-3.83487e-05
-8.73248e-05
-4.17624e-05
-8.30934e-05
-4.47247e-05
-7.8835e-05
-4.72631e-05
-7.43277e-05
-4.94103e-05
-6.94357e-05
-5.12027e-05
-6.41001e-05
-5.26791e-05
-5.83177e-05
-5.38812e-05
-5.21198e-05
-5.48536e-05
-4.55561e-05
-5.56434e-05
-3.86822e-05
-5.62998e-05
-3.15521e-05
-5.68725e-05
-2.42121e-05
-5.74117e-05
-1.66978e-05
-5.79661e-05
-9.03151e-06
-5.85825e-05
-1.22208e-06
-5.93038e-05
6.73509e-06
-6.01679e-05
1.48528e-05
-6.12066e-05
2.31542e-05
-6.24442e-05
3.16691e-05
-6.38944e-05
4.04284e-05
-6.55579e-05
4.9457e-05
-6.74181e-05
5.87653e-05
-6.94367e-05
6.83384e-05
-7.15492e-05
7.81236e-05
-7.366e-05
8.8016e-05
-7.56394e-05
9.78433e-05
-7.73229e-05
0.000107353
-7.85155e-05
0.000116202
-7.90014e-05
0.000123959
-7.8562e-05
0.000130117
-7.70013e-05
0.000134121
-7.41764e-05
0.000135421
-7.00314e-05
0.000133537
-6.46247e-05
0.000128134
-5.81457e-05
0.000119095
-5.09097e-05
0.000106567
-4.3327e-05
9.09756e-05
-3.58486e-05
7.29831e-05
-2.88965e-05
5.33991e-05
-2.27976e-05
3.30665e-05
-1.77407e-05
1.27563e-05
-1.37642e-05
-6.88975e-06
-1.07779e-05
-2.53346e-05
-8.59285e-06
-4.20655e-05
-6.96232e-06
-5.64725e-05
-5.62641e-06
-6.76921e-05
-4.36354e-06
-7.44845e-05
-3.04954e-06
-7.52047e-05
-1.7133e-06
-6.79098e-05
-5.69867e-07
-5.05847e-05
-2.13626e-05
-8.23334e-07
-3.31509e-05
-3.22123e-06
-7.48449e-05
-6.95966e-06
-9.71889e-05
-1.16741e-05
-0.000105825
-1.69585e-05
-0.000106077
-2.24415e-05
-0.000102161
-2.78324e-05
-9.68754e-05
-3.29344e-05
-9.16913e-05
-3.76345e-05
-8.71106e-05
-4.18818e-05
-8.30775e-05
-4.5665e-05
-7.93102e-05
-4.89946e-05
-7.55054e-05
-5.18923e-05
-7.14299e-05
-5.43856e-05
-6.69424e-05
-5.65059e-05
-6.19798e-05
-5.82883e-05
-5.65353e-05
-5.97718e-05
-5.06363e-05
-6.09992e-05
-4.43287e-05
-6.20167e-05
-3.76647e-05
-6.28731e-05
-3.06957e-05
-6.36188e-05
-2.34664e-05
-6.43045e-05
-1.60121e-05
-6.49797e-05
-8.35636e-06
-6.56913e-05
-5.10437e-07
-6.6482e-05
7.52576e-06
-6.7388e-05
1.57588e-05
-6.84383e-05
2.42045e-05
-6.96524e-05
3.28832e-05
-7.10373e-05
4.18132e-05
-7.25841e-05
5.10038e-05
-7.42646e-05
6.04458e-05
-7.60267e-05
7.01005e-05
-7.77904e-05
7.98874e-05
-7.9445e-05
8.96706e-05
-8.08476e-05
9.92459e-05
-8.18258e-05
0.000108331
-8.2185e-05
0.000116561
-8.17219e-05
0.000123496
-8.02454e-05
0.00012864
-7.76031e-05
0.000131478
-7.37113e-05
0.000131529
-6.85826e-05
0.000128408
-6.23465e-05
0.000121898
-5.52527e-05
0.000112001
-4.76541e-05
9.89681e-05
-3.99662e-05
8.32877e-05
-3.26095e-05
6.56264e-05
-2.59483e-05
4.67379e-05
-2.02405e-05
2.73587e-05
-1.56124e-05
8.12825e-06
-1.20607e-05
-1.04415e-05
-9.47518e-06
-2.79201e-05
-7.66174e-06
-4.38789e-05
-6.371e-06
-5.77632e-05
-5.33268e-06
-6.87304e-05
-4.30296e-06
-7.55142e-05
-3.13024e-06
-7.63774e-05
-1.82824e-06
-6.92118e-05
-6.32996e-07
-5.17799e-05
-2.19956e-05
-9.75963e-07
-3.21749e-05
-3.69181e-06
-7.21291e-05
-7.81257e-06
-9.30682e-05
-1.29149e-05
-0.000100723
-1.85698e-05
-0.000100422
-2.44057e-05
-9.63253e-05
-3.01414e-05
-9.11397e-05
-3.55902e-05
-8.62424e-05
-4.06454e-05
-8.20555e-05
-4.52569e-05
-7.8466e-05
-4.94103e-05
-7.51568e-05
-5.31111e-05
-7.18046e-05
-5.6375e-05
-6.81661e-05
-5.92236e-05
-6.40937e-05
-6.16836e-05
-5.95199e-05
-6.37857e-05
-5.44331e-05
-6.55657e-05
-4.88564e-05
-6.70637e-05
-4.28307e-05
-6.83239e-05
-3.64045e-05
-6.93938e-05
-2.96258e-05
-7.03226e-05
-2.25376e-05
-7.116e-05
-1.51746e-05
-7.19547e-05
-7.56169e-06
-7.27522e-05
2.87114e-07
-7.35929e-05
8.36649e-06
-7.451e-05
1.66759e-05
-7.5528e-05
2.52225e-05
-7.66601e-05
3.40153e-05
-7.7905e-05
4.30582e-05
-7.92439e-05
5.23427e-05
-8.06363e-05
6.18382e-05
-8.2017e-05
7.14811e-05
-8.32928e-05
8.11633e-05
-8.43419e-05
9.07196e-05
-8.50141e-05
9.99182e-05
-8.51374e-05
0.000108454
-8.45277e-05
0.000115951
-8.30057e-05
0.000121974
-8.04191e-05
0.000126054
-7.66685e-05
0.000127728
-7.17339e-05
0.000126594
-6.56958e-05
0.00012237
-5.87446e-05
0.000114947
-5.11739e-05
0.00010443
-4.33521e-05
9.11464e-05
-3.56783e-05
7.56139e-05
-2.8528e-05
5.84761e-05
-2.22036e-05
4.04134e-05
-1.69012e-05
2.20564e-05
-1.27005e-05
3.92754e-06
-9.57325e-06
-1.35688e-05
-7.40399e-06
-3.00894e-05
-6.00297e-06
-4.52799e-05
-5.12335e-06
-5.86429e-05
-4.48485e-06
-6.93689e-05
-3.81638e-06
-7.61827e-05
-2.9268e-06
-7.7267e-05
-1.79489e-06
-7.03437e-05
-6.5188e-07
-5.2923e-05
-2.26474e-05
-1.1227e-06
-3.10522e-05
-4.13842e-06
-6.91134e-05
-8.61414e-06
-8.85925e-05
-1.40722e-05
-9.52646e-05
-2.0065e-05
-9.4429e-05
-2.62237e-05
-9.01666e-05
-3.22786e-05
-8.50849e-05
-3.80536e-05
-8.04674e-05
-4.34477e-05
-7.66614e-05
-4.84113e-05
-7.35024e-05
-5.29264e-05
-7.06416e-05
-5.69927e-05
-6.77383e-05
-6.06198e-05
-6.4539e-05
-6.38236e-05
-6.08899e-05
-6.66255e-05
-5.6718e-05
-6.90519e-05
-5.20067e-05
-7.11346e-05
-4.67737e-05
-7.29103e-05
-4.1055e-05
-7.44201e-05
-3.48947e-05
-7.57085e-05
-2.83373e-05
-7.68223e-05
-2.14238e-05
-7.78085e-05
-1.41884e-05
-7.87129e-05
-6.65726e-06
-7.9578e-05
1.15219e-06
-8.04399e-05
9.22845e-06
-8.13273e-05
1.75632e-05
-8.22586e-05
2.61538e-05
-8.32395e-05
3.49962e-05
-8.42599e-05
4.40786e-05
-8.52904e-05
5.33732e-05
-8.62795e-05
6.28272e-05
-8.71508e-05
7.23524e-05
-8.78018e-05
8.18143e-05
-8.81047e-05
9.10225e-05
-8.79101e-05
9.97237e-05
-8.70554e-05
0.0001076
-8.53775e-05
0.000114274
-8.27314e-05
0.000119328
-7.90123e-05
0.000122335
-7.41789e-05
0.000122894
-6.82744e-05
0.00012069
-6.14392e-05
0.000115535
-5.39107e-05
0.000107418
-4.60062e-05
9.65255e-05
-3.80898e-05
8.32299e-05
-3.05278e-05
6.80519e-05
-2.36433e-05
5.15916e-05
-1.76801e-05
3.44502e-05
-1.2784e-05
1.71604e-05
-9.00296e-06
1.4647e-07
-6.29882e-06
-1.62729e-05
-4.56121e-06
-3.1827e-05
-3.6117e-06
-4.62294e-05
-3.21028e-06
-5.90443e-05
-3.06838e-06
-6.95108e-05
-2.8852e-06
-7.63658e-05
-2.42064e-06
-7.77316e-05
-1.59984e-06
-7.11645e-05
-6.21115e-07
-5.39017e-05
-2.32686e-05
-1.26101e-06
-2.97912e-05
-4.55407e-06
-6.58203e-05
-9.35235e-06
-8.37942e-05
-1.51287e-05
-8.94883e-05
-2.14208e-05
-8.81369e-05
-2.78655e-05
-8.37219e-05
-3.4206e-05
-7.87445e-05
-4.02775e-05
-7.43958e-05
-4.59847e-05
-7.09542e-05
-5.12781e-05
-6.8209e-05
-5.61356e-05
-6.57842e-05
-6.05509e-05
-6.33229e-05
-6.45274e-05
-6.05625e-05
-6.80752e-05
-5.73421e-05
-7.12102e-05
-5.3583e-05
-7.39543e-05
-4.92626e-05
-7.63349e-05
-4.43931e-05
-7.83843e-05
-3.90056e-05
-8.01396e-05
-3.31394e-05
-8.16412e-05
-2.68358e-05
-8.29314e-05
-2.01336e-05
-8.40531e-05
-1.30668e-05
-8.50473e-05
-5.66303e-06
-8.59514e-05
2.05629e-06
-8.6796e-05
1.0073e-05
-8.76032e-05
1.83705e-05
-8.83846e-05
2.69352e-05
-8.91375e-05
3.57491e-05
-8.98426e-05
4.47837e-05
-9.04611e-05
5.39917e-05
-9.09323e-05
6.32983e-05
-9.1172e-05
7.25922e-05
-9.10737e-05
8.17159e-05
-9.05104e-05
9.04592e-05
-8.93417e-05
9.85549e-05
-8.74237e-05
0.000105681
-8.46237e-05
0.000111474
-8.08391e-05
0.000115544
-7.60173e-05
0.000117513
-7.01752e-05
0.000117052
-6.34131e-05
0.000113927
-5.59191e-05
0.000108041
-4.79602e-05
9.94594e-05
-3.9859e-05
8.84243e-05
-3.19587e-05
7.53296e-05
-2.45835e-05
6.06768e-05
-1.80039e-05
4.5012e-05
-1.24128e-05
2.88591e-05
-7.91833e-06
1.26659e-05
-4.54971e-06
-3.22215e-06
-2.2698e-06
-1.85528e-05
-9.80004e-07
-3.31168e-05
-5.17998e-07
-4.66914e-05
-6.54238e-07
-5.8908e-05
-1.09492e-06
-6.90702e-05
-1.51017e-06
-7.59506e-05
-1.6052e-06
-7.76365e-05
-1.23517e-06
-7.15345e-05
-5.36568e-07
-5.46003e-05
-2.38051e-05
-1.38859e-06
-2.84026e-05
-4.93251e-06
-6.22764e-05
-1.00166e-05
-7.87101e-05
-1.60688e-05
-8.3436e-05
-2.26158e-05
-8.15899e-05
-2.93024e-05
-7.70353e-05
-3.58862e-05
-7.21607e-05
-4.22147e-05
-6.80674e-05
-4.81985e-05
-6.49704e-05
-5.3788e-05
-6.26195e-05
-5.89571e-05
-6.06151e-05
-6.36934e-05
-5.85866e-05
-6.79938e-05
-5.62621e-05
-7.18624e-05
-5.34736e-05
-7.53097e-05
-5.01356e-05
-7.83526e-05
-4.62197e-05
-8.10136e-05
-4.17321e-05
-8.33203e-05
-3.66989e-05
-8.53045e-05
-3.11551e-05
-8.70013e-05
-2.5139e-05
-8.84473e-05
-1.86876e-05
-8.96794e-05
-1.18347e-05
-9.07324e-05
-4.61006e-06
-9.16368e-05
2.96068e-06
-9.2416e-05
1.08522e-05
-9.3085e-05
1.90395e-05
-9.3647e-05
2.74972e-05
-9.40913e-05
3.61934e-05
-9.43902e-05
4.50826e-05
-9.4497e-05
5.40985e-05
-9.43449e-05
6.31462e-05
-9.38468e-05
7.20941e-05
-9.28978e-05
8.07669e-05
-9.13795e-05
8.89409e-05
-8.91684e-05
9.63438e-05
-8.61476e-05
0.000102661
-8.22221e-05
0.000107548
-7.73358e-05
0.000110657
-7.14888e-05
0.000111666
-6.47514e-05
0.000110315
-5.72708e-05
0.000106447
-4.9268e-05
0.000100038
-4.10228e-05
9.12141e-05
-3.28473e-05
8.02488e-05
-2.50534e-05
6.75357e-05
-1.79205e-05
5.35439e-05
-1.16706e-05
3.87621e-05
-6.45596e-06
2.36444e-05
-2.35875e-06
8.56871e-06
6.00104e-07
-6.181e-06
2.45007e-06
-2.04028e-05
3.27417e-06
-3.39409e-05
3.21607e-06
-4.66333e-05
2.49207e-06
-5.8184e-05
1.39746e-06
-6.79755e-05
2.87656e-07
-7.48408e-05
-4.87089e-07
-7.68618e-05
-6.99423e-07
-7.13222e-05
-3.95775e-07
-5.49039e-05
-2.42009e-05
-1.50356e-06
-2.6899e-05
-5.26886e-06
-5.85111e-05
-1.05984e-05
-7.33806e-05
-1.688e-05
-7.71544e-05
-2.36316e-05
-7.48383e-05
-3.05084e-05
-7.01585e-05
-3.7284e-05
-6.53851e-05
-4.38192e-05
-6.15322e-05
-5.00314e-05
-5.87582e-05
-5.58715e-05
-5.67794e-05
-6.13095e-05
-5.51772e-05
-6.63268e-05
-5.35693e-05
-7.09138e-05
-5.16751e-05
-7.50682e-05
-4.93192e-05
-7.87948e-05
-4.6409e-05
-8.21051e-05
-4.29094e-05
-8.50163e-05
-3.88209e-05
-8.75506e-05
-3.41646e-05
-8.97339e-05
-2.89718e-05
-9.15949e-05
-2.3278e-05
-9.31634e-05
-1.7119e-05
-9.4469e-05
-1.05291e-05
-9.55389e-05
-3.5402e-06
-9.63955e-05
3.81727e-06
-9.70541e-05
1.15109e-05
-9.75216e-05
1.95069e-05
-9.7793e-05
2.77687e-05
-9.78499e-05
3.62503e-05
-9.76578e-05
4.48904e-05
-9.71649e-05
5.36056e-05
-9.63024e-05
6.22837e-05
-9.49854e-05
7.07771e-05
-9.31169e-05
7.88984e-05
-9.0594e-05
8.6418e-05
-8.73173e-05
9.30671e-05
-8.32031e-05
9.85465e-05
-7.81977e-05
0.000102543
-7.22923e-05
0.000104752
-6.55359e-05
0.000104909
-5.80434e-05
0.000102822
-4.99966e-05
9.83999e-05
-4.16344e-05
9.16757e-05
-3.32348e-05
8.28146e-05
-2.50888e-05
7.21028e-05
-1.74723e-05
5.99192e-05
-1.06216e-05
4.66932e-05
-4.7177e-06
3.28582e-05
1.1746e-07
1.88092e-05
3.81701e-06
4.86916e-06
6.3613e-06
-8.72529e-06
7.76963e-06
-2.18111e-05
8.10819e-06
-3.42795e-05
7.5012e-06
-4.60264e-05
6.14959e-06
-5.68324e-05
4.34591e-06
-6.61719e-05
2.46577e-06
-7.29606e-05
9.12132e-07
-7.53082e-05
1.49711e-09
-7.04116e-05
-1.98336e-07
-5.47041e-05
-2.43992e-05
-1.60471e-06
-2.52943e-05
-5.56018e-06
-5.45556e-05
-1.10928e-05
-6.7848e-05
-1.75535e-05
-7.06937e-05
-2.44542e-05
-6.79376e-05
-3.14618e-05
-6.31508e-05
-3.83678e-05
-5.84792e-05
-4.50481e-05
-5.4852e-05
-5.14284e-05
-5.23778e-05
-5.74612e-05
-5.07465e-05
-6.31132e-05
-4.95252e-05
-6.83599e-05
-4.83225e-05
-7.31848e-05
-4.68503e-05
-7.75789e-05
-4.49251e-05
-8.15407e-05
-4.24471e-05
-8.50758e-05
-3.93744e-05
-8.81953e-05
-3.57014e-05
-9.09155e-05
-3.14445e-05
-9.32558e-05
-2.66315e-05
-9.5238e-05
-2.12959e-05
-9.68842e-05
-1.54728e-05
-9.82159e-05
-9.19738e-06
-9.92517e-05
-2.50441e-06
-0.000100005
4.57099e-06
-0.000100484
1.19893e-05
-0.000100685
1.97085e-05
-0.000100598
2.76812e-05
-0.000100196
3.58488e-05
-9.94418e-05
4.41357e-05
-9.82807e-05
5.24445e-05
-9.66464e-05
6.06494e-05
-9.44616e-05
6.85924e-05
-9.16432e-05
7.608e-05
-8.81096e-05
8.28844e-05
-8.37905e-05
8.8748e-05
-7.86386e-05
9.33946e-05
-7.26421e-05
9.65463e-05
-6.58363e-05
9.79462e-05
-5.83119e-05
9.73851e-05
-5.02181e-05
9.47285e-05
-4.17579e-05
8.99397e-05
-3.31752e-05
8.3093e-05
-2.47359e-05
7.43752e-05
-1.67039e-05
6.40708e-05
-9.31887e-06
5.25342e-05
-2.77904e-06
4.01533e-05
2.76552e-06
2.73136e-05
7.21349e-06
1.43613e-05
1.05067e-05
1.57591e-06
1.26234e-05
-1.0842e-05
1.35726e-05
-2.27603e-05
1.34044e-05
-3.41112e-05
1.22241e-05
-4.48461e-05
1.02161e-05
-5.48244e-05
7.66581e-06
-6.36216e-05
4.9622e-06
-7.0257e-05
2.55544e-06
-7.29014e-05
8.52244e-07
-6.87084e-05
5.34334e-08
-5.39053e-05
-2.43458e-05
-1.69178e-06
-2.36026e-05
-5.80616e-06
-5.04412e-05
-1.14986e-05
-6.21555e-05
-1.8086e-05
-6.41064e-05
-2.50751e-05
-6.09484e-05
-3.21464e-05
-5.60795e-05
-3.91113e-05
-5.15143e-05
-4.58631e-05
-4.81002e-05
-5.23384e-05
-4.59025e-05
-5.84932e-05
-4.45917e-05
-6.42921e-05
-4.37264e-05
-6.97052e-05
-4.29094e-05
-7.47091e-05
-4.18463e-05
-7.92875e-05
-4.03467e-05
-8.34316e-05
-3.8303e-05
-8.714e-05
-3.5666e-05
-9.04173e-05
-3.24241e-05
-9.32728e-05
-2.85889e-05
-9.57191e-05
-2.41852e-05
-9.77704e-05
-1.92446e-05
-9.94409e-05
-1.38022e-05
-0.000100744
-7.89454e-06
-0.000101689
-1.55935e-06
-0.000102281
5.16341e-06
-0.00010252
1.22277e-05
-0.000102395
1.95838e-05
-0.000101889
2.71748e-05
-0.000100971
3.49312e-05
-9.96014e-05
4.27662e-05
-9.77286e-05
5.05716e-05
-9.52922e-05
5.82131e-05
-9.22272e-05
6.55273e-05
-8.84689e-05
7.23217e-05
-8.39611e-05
7.83766e-05
-7.86652e-05
8.34521e-05
-7.25707e-05
8.73e-05
-6.57049e-05
8.96804e-05
-5.81411e-05
9.03824e-05
-5.0003e-05
8.92469e-05
-4.14626e-05
8.61882e-05
-3.27328e-05
8.12098e-05
-2.40527e-05
7.44129e-05
-1.56694e-05
6.59919e-05
-7.81815e-06
5.62195e-05
-7.05598e-07
4.54217e-05
5.49885e-06
3.39489e-05
1.06674e-05
2.21451e-05
1.47129e-05
1.03157e-05
1.75828e-05
-1.29399e-06
1.92513e-05
-1.25104e-05
1.97185e-05
-2.32276e-05
1.90212e-05
-3.34138e-05
1.7248e-05
-4.30729e-05
1.45667e-05
-5.21431e-05
1.12517e-05
-6.03066e-05
7.69726e-06
-6.67026e-05
4.39157e-06
-6.95957e-05
1.82818e-06
-6.6145e-05
3.53755e-07
-5.24309e-05
-2.3992e-05
-1.76574e-06
-2.18368e-05
-6.0096e-06
-4.61974e-05
-1.18198e-05
-5.63452e-05
-1.84799e-05
-5.74463e-05
-2.54924e-05
-5.39359e-05
-3.25527e-05
-4.90192e-05
-3.94945e-05
-4.45725e-05
-4.62319e-05
-4.13627e-05
-5.27158e-05
-3.94186e-05
-5.89085e-05
-3.8399e-05
-6.47748e-05
-3.78601e-05
-7.02806e-05
-3.74036e-05
-7.53955e-05
-3.67314e-05
-8.00953e-05
-3.56469e-05
-8.43629e-05
-3.40354e-05
-8.81885e-05
-3.18404e-05
-9.15687e-05
-2.90439e-05
-9.4505e-05
-2.56526e-05
-9.70022e-05
-2.1688e-05
-9.90668e-05
-1.71801e-05
-0.000100705
-1.21639e-05
-0.000101922
-6.67776e-06
-0.000102719
-7.62333e-07
-0.000103093
5.53789e-06
-0.000103037
1.21711e-05
-0.000102534
1.9081e-05
-0.000101562
2.62027e-05
-0.000100089
3.34582e-05
-9.80757e-05
4.0753e-05
-9.54761e-05
4.7972e-05
-9.22402e-05
5.49772e-05
-8.83187e-05
6.16058e-05
-8.36687e-05
6.76717e-05
-7.8261e-05
7.29689e-05
-7.20887e-05
7.72798e-05
-6.51755e-05
8.03869e-05
-5.75829e-05
8.20878e-05
-4.94149e-05
8.22144e-05
-4.08182e-05
8.06503e-05
-3.19781e-05
7.7348e-05
-2.3108e-05
7.23397e-05
-1.44356e-05
6.57405e-05
-6.18638e-06
5.77427e-05
1.43092e-06
4.86022e-05
8.23454e-06
3.8618e-05
1.40765e-05
2.8107e-05
1.8846e-05
1.73756e-05
2.24661e-05
6.69562e-06
2.48871e-05
-3.71495e-06
2.60798e-05
-1.37031e-05
2.60388e-05
-2.31866e-05
2.47908e-05
-3.21658e-05
2.24119e-05
-4.0694e-05
1.90541e-05
-4.87853e-05
1.49774e-05
-5.62299e-05
1.05731e-05
-6.22984e-05
6.35549e-06
-6.53781e-05
2.8963e-06
-6.26858e-05
6.93288e-07
-5.02279e-05
-2.32988e-05
-1.82899e-06
-2.00078e-05
-6.17687e-06
-4.18495e-05
-1.20654e-05
-5.04567e-05
-1.87441e-05
-5.07677e-05
-2.57111e-05
-4.69689e-05
-3.26781e-05
-4.20522e-05
-3.95043e-05
-3.77464e-05
-4.61288e-05
-3.47382e-05
-5.2521e-05
-3.30265e-05
-5.86539e-05
-3.2266e-05
-6.44956e-05
-3.20185e-05
-7.00095e-05
-3.18897e-05
-7.51593e-05
-3.15816e-05
-7.99121e-05
-3.08941e-05
-8.42412e-05
-2.97062e-05
-8.8127e-05
-2.79546e-05
-9.15562e-05
-2.56147e-05
-9.45209e-05
-2.26879e-05
-9.70171e-05
-1.91918e-05
-9.90428e-05
-1.51543e-05
-0.000100596
-1.06103e-05
-0.000101675
-5.59916e-06
-0.000102273
-1.64238e-07
-0.000102381
5.64611e-06
-0.000101986
1.17755e-05
-0.000101067
1.81624e-05
-9.96002e-05
2.47358e-05
-9.75542e-05
3.14123e-05
-9.48939e-05
3.80927e-05
-9.15816e-05
4.46597e-05
-8.75803e-05
5.0976e-05
-8.28589e-05
5.68844e-05
-7.73972e-05
6.221e-05
-7.11931e-05
6.67647e-05
-6.4269e-05
7.03558e-05
-5.66787e-05
7.27965e-05
-4.85113e-05
7.39205e-05
-3.98933e-05
7.35964e-05
-3.09863e-05
7.17432e-05
-2.198e-05
6.83418e-05
-1.30824e-05
6.34421e-05
-4.50608e-06
5.71642e-05
3.54328e-06
4.96934e-05
1.08769e-05
4.12686e-05
1.73322e-05
3.21627e-05
2.27789e-05
2.26603e-05
2.71187e-05
1.30358e-05
3.02816e-05
3.53271e-06
3.22204e-05
-5.65374e-06
3.29054e-05
-1.43881e-05
3.23292e-05
-2.26104e-05
3.05142e-05
-3.03508e-05
2.75276e-05
-3.77074e-05
2.35076e-05
-4.47652e-05
1.8697e-05
-5.14194e-05
1.34753e-05
-5.70766e-05
8.36892e-06
-6.02717e-05
4.01484e-06
-5.83317e-05
1.0595e-06
-4.72725e-05
-2.22393e-05
-1.88551e-06
-1.81223e-05
-6.31786e-06
-3.74171e-05
-1.22494e-05
-4.45251e-05
-1.8893e-05
-4.41241e-05
-2.5742e-05
-4.01198e-05
-3.25262e-05
-3.5268e-05
-3.9134e-05
-3.11386e-05
-4.55343e-05
-2.83379e-05
-5.17207e-05
-2.684e-05
-5.76822e-05
-2.63045e-05
-6.33942e-05
-2.63065e-05
-6.88208e-05
-2.64631e-05
-7.39208e-05
-2.64816e-05
-7.86533e-05
-2.61616e-05
-8.29809e-05
-2.53786e-05
-8.68723e-05
-2.40632e-05
-9.03022e-05
-2.21848e-05
-9.32514e-05
-1.97387e-05
-9.57053e-05
-1.67379e-05
-9.76522e-05
-1.32074e-05
-9.90821e-05
-9.18041e-06
-9.99848e-05
-4.69653e-06
-0.000100348
1.99322e-07
-0.000100158
5.45622e-06
-9.93978e-05
1.10148e-05
-9.80453e-05
1.68099e-05
-9.60764e-05
2.27669e-05
-9.34638e-05
2.87997e-05
-9.01791e-05
3.4808e-05
-8.61953e-05
4.06759e-05
-8.14906e-05
4.62712e-05
-7.60524e-05
5.14463e-05
-6.98832e-05
5.60408e-05
-6.30058e-05
5.98873e-05
-5.54685e-05
6.28185e-05
-4.73496e-05
6.46776e-05
-3.87593e-05
6.53302e-05
-2.98393e-05
6.46764e-05
-2.07584e-05
6.26623e-05
-1.17053e-05
5.92888e-05
-2.87846e-06
5.46152e-05
5.52305e-06
4.87627e-05
1.33081e-05
4.19083e-05
2.03044e-05
3.42724e-05
2.63658e-05
2.61013e-05
3.13754e-05
1.76506e-05
3.52448e-05
9.16638e-06
3.79102e-05
8.67326e-07
3.93283e-05
-7.07176e-06
3.94729e-05
-1.45327e-05
3.83401e-05
-2.14776e-05
3.5953e-05
-2.79637e-05
3.23747e-05
-3.41291e-05
2.77312e-05
-4.01217e-05
2.22449e-05
-4.59331e-05
1.62739e-05
-5.11056e-05
1.03421e-05
-5.43399e-05
5.13446e-06
-5.31241e-05
1.43662e-06
-4.35747e-05
-2.08026e-05
-1.94084e-06
-1.61815e-05
-6.44528e-06
-3.29127e-05
-1.23889e-05
-3.85815e-05
-1.8944e-05
-3.7569e-05
-2.55988e-05
-3.3465e-05
-3.21037e-05
-2.87631e-05
-3.83806e-05
-2.48618e-05
-4.44339e-05
-2.22846e-05
-5.02875e-05
-2.09864e-05
-5.59521e-05
-2.06399e-05
-6.1416e-05
-2.08427e-05
-6.66479e-05
-2.12312e-05
-7.16045e-05
-2.15249e-05
-7.62376e-05
-2.15286e-05
-8.04991e-05
-2.11171e-05
-8.43447e-05
-2.02177e-05
-8.77353e-05
-1.87942e-05
-9.06378e-05
-1.68362e-05
-9.30246e-05
-1.4351e-05
-9.48728e-05
-1.13592e-05
-9.61625e-05
-7.89071e-06
-9.68756e-05
-3.98344e-06
-9.69944e-05
3.18146e-07
-9.65008e-05
4.96257e-06
-9.53756e-05
9.88963e-06
-9.35983e-05
1.50326e-05
-9.11476e-05
2.03161e-05
-8.80019e-05
2.5654e-05
-8.41422e-05
3.09482e-05
-7.95539e-05
3.60876e-05
-7.4231e-05
4.09483e-05
-6.81798e-05
4.53951e-05
-6.14238e-05
4.92848e-05
-5.40076e-05
5.24712e-05
-4.60013e-05
5.48121e-05
-3.75021e-05
5.61784e-05
-2.86353e-05
5.64634e-05
-1.95516e-05
5.55927e-05
-1.0422e-05
5.35327e-05
-1.43005e-06
5.02968e-05
7.23369e-06
4.59515e-05
1.53796e-05
4.06167e-05
2.28298e-05
3.44581e-05
2.94266e-05
2.76756e-05
3.50374e-05
2.04905e-05
3.95566e-05
1.31314e-05
4.29047e-05
5.81825e-06
4.50257e-05
-1.25364e-06
4.58836e-05
-7.92961e-06
4.54616e-05
-1.41107e-05
4.37647e-05
-1.97807e-05
4.08222e-05
-2.50212e-05
3.66965e-05
-3.00034e-05
3.15019e-05
-3.49271e-05
2.54362e-05
-3.98674e-05
1.88261e-05
-4.44954e-05
1.21761e-05
-4.769e-05
6.2e-06
-4.71479e-05
1.80639e-06
-3.91811e-05
-1.89962e-05
-2.00155e-06
-1.41799e-05
-6.57252e-06
-2.83417e-05
-1.25001e-05
-3.2654e-05
-1.89116e-05
-3.11574e-05
-2.52915e-05
-2.70851e-05
-3.1414e-05
-2.26406e-05
-3.72394e-05
-1.90364e-05
-4.28134e-05
-1.67107e-05
-4.81962e-05
-1.56035e-05
-5.34268e-05
-1.54093e-05
-5.85119e-05
-1.57576e-05
-6.34297e-05
-1.63134e-05
-6.81384e-05
-1.68162e-05
-7.25848e-05
-1.70821e-05
-7.67113e-05
-1.69907e-05
-8.04602e-05
-1.64688e-05
-8.37775e-05
-1.54769e-05
-8.66145e-05
-1.39992e-05
-8.89283e-05
-1.20372e-05
-9.0682e-05
-9.60546e-06
-9.1844e-05
-6.72878e-06
-9.23866e-05
-3.4408e-06
-9.22856e-05
2.17142e-07
-9.15189e-05
4.19588e-06
-9.00665e-05
8.43718e-06
-8.79097e-05
1.28758e-05
-8.50318e-05
1.74383e-05
-8.14195e-05
2.20417e-05
-7.70641e-05
2.65929e-05
-7.19649e-05
3.09884e-05
-6.61319e-05
3.51152e-05
-5.95894e-05
3.88526e-05
-5.23798e-05
4.20752e-05
-4.45667e-05
4.46582e-05
-3.62376e-05
4.6483e-05
-2.75042e-05
4.74451e-05
-1.85019e-05
4.7461e-05
-9.38583e-06
4.64766e-05
-3.25718e-07
4.44726e-05
8.498e-06
4.14731e-05
1.68999e-05
3.75495e-05
2.47003e-05
3.28164e-05
3.17337e-05
2.74247e-05
3.78552e-05
2.1554e-05
4.29446e-05
1.54012e-05
4.69075e-05
9.16856e-06
4.96754e-05
3.05032e-06
5.1204e-05
-2.78218e-06
5.14701e-05
-8.19579e-06
5.04727e-05
-1.31133e-05
4.8231e-05
-1.75391e-05
4.47847e-05
-2.15749e-05
4.01973e-05
-2.5416e-05
3.45696e-05
-2.92994e-05
2.80688e-05
-3.33666e-05
2.09781e-05
-3.74048e-05
1.37661e-05
-4.0478e-05
7.15296e-06
-4.05348e-05
2.14917e-06
-3.41773e-05
-1.68471e-05
-2.074e-06
-1.21059e-05
-6.70904e-06
-2.37067e-05
-1.259e-05
-2.6773e-05
-1.8797e-05
-2.49504e-05
-2.4814e-05
-2.10681e-05
-3.04447e-05
-1.70098e-05
-3.56928e-05
-1.37883e-05
-4.06499e-05
-1.17536e-05
-4.54183e-05
-1.08351e-05
-5.00705e-05
-1.07572e-05
-5.4637e-05
-1.1191e-05
-5.91107e-05
-1.18398e-05
-6.34554e-05
-1.24714e-05
-6.76168e-05
-1.29207e-05
-7.15297e-05
-1.30777e-05
-7.51253e-05
-1.28732e-05
-7.83348e-05
-1.22674e-05
-8.10933e-05
-1.12407e-05
-8.33413e-05
-9.78924e-06
-8.50259e-05
-7.92083e-06
-8.61012e-05
-5.6535e-06
-8.65278e-05
-3.01421e-06
-8.62725e-05
-3.81574e-08
-8.53078e-05
3.23119e-06
-8.36117e-05
6.74106e-06
-8.11671e-05
1.04312e-05
-7.79623e-05
1.42335e-05
-7.39921e-05
1.80715e-05
-6.92592e-05
2.186e-05
-6.37766e-05
2.55057e-05
-5.75698e-05
2.89085e-05
-5.06801e-05
3.19629e-05
-4.3167e-05
3.4562e-05
-3.51102e-05
3.66014e-05
-2.66113e-05
3.79841e-05
-1.77931e-05
3.86269e-05
-8.79766e-06
3.84656e-05
2.17797e-07
3.74612e-05
9.08297e-06
3.56074e-05
1.76185e-05
3.29376e-05
2.56458e-05
2.95223e-05
3.29952e-05
2.5467e-05
3.95132e-05
2.09068e-05
4.50675e-05
1.59997e-05
4.9551e-05
1.09177e-05
5.28834e-05
5.83618e-06
5.50118e-05
9.21869e-07
5.59096e-05
-3.67994e-06
5.55737e-05
-7.85992e-06
5.40242e-05
-1.15638e-05
5.12995e-05
-1.48143e-05
4.74513e-05
-1.77267e-05
4.25434e-05
-2.0508e-05
3.66584e-05
-2.34145e-05
2.99243e-05
-2.66325e-05
2.2568e-05
-3.00486e-05
1.50031e-05
-3.29131e-05
7.93364e-06
-3.34653e-05
2.44525e-06
-2.86889e-05
-1.44018e-05
-2.1613e-06
-9.94464e-06
-6.85135e-06
-1.90166e-05
-1.26415e-05
-2.09828e-05
-1.8568e-05
-1.90239e-05
-2.4123e-05
-1.55132e-05
-2.91465e-05
-1.19863e-05
-3.36903e-05
-9.24447e-06
-3.78957e-05
-7.54823e-06
-4.19094e-05
-6.8214e-06
-4.58406e-05
-6.82589e-06
-4.97479e-05
-7.28378e-06
-5.36422e-05
-7.94546e-06
-5.74978e-05
-8.61588e-06
-6.12628e-05
-9.15572e-06
-6.48692e-05
-9.47131e-06
-6.82399e-05
-9.50252e-06
-7.12946e-05
-9.21261e-06
-7.39541e-05
-8.58128e-06
-7.61429e-05
-7.60044e-06
-7.77918e-05
-6.27187e-06
-7.88392e-05
-4.60611e-06
-7.92316e-05
-2.62181e-06
-7.89242e-05
-3.45572e-07
-7.7881e-05
2.18801e-06
-7.60753e-05
4.9353e-06
-7.34889e-05
7.84486e-06
-7.01132e-05
1.08578e-05
-6.59494e-05
1.39077e-05
-6.101e-05
1.69206e-05
-5.53201e-05
1.98159e-05
-4.89197e-05
2.2508e-05
-4.1865e-05
2.49082e-05
-3.42306e-05
2.69276e-05
-2.61104e-05
2.84811e-05
-1.76176e-05
2.94914e-05
-8.88422e-06
2.98934e-05
-5.70432e-08
2.96385e-05
8.70267e-06
2.87015e-05
1.72222e-05
2.70879e-05
2.53259e-05
2.48339e-05
3.28428e-05
2.20054e-05
3.9614e-05
1.86958e-05
4.54985e-05
1.50222e-05
5.03789e-05
1.11193e-05
5.41647e-05
7.1319e-06
5.6795e-05
3.20587e-06
5.82388e-05
-5.21957e-07
5.84941e-05
-3.93524e-06
5.75849e-05
-6.95074e-06
5.55572e-05
-9.53613e-06
5.24703e-05
-1.17274e-05
4.83874e-05
-1.36438e-05
4.33679e-05
-1.54885e-05
3.74692e-05
-1.75158e-05
3.07691e-05
-1.99324e-05
2.34242e-05
-2.27037e-05
1.57741e-05
-2.52629e-05
8.48142e-06
-2.61727e-05
2.67558e-06
-2.28831e-05
-1.17262e-05
-2.25708e-06
-7.68755e-06
-6.96623e-06
-1.43075e-05
-1.25868e-05
-1.53622e-05
-1.81268e-05
-1.3484e-05
-2.31016e-05
-1.05384e-05
-2.73972e-05
-7.69067e-06
-3.11167e-05
-5.52503e-06
-3.44499e-05
-4.21497e-06
-3.75869e-05
-3.68436e-06
-4.06728e-05
-3.74007e-06
-4.37935e-05
-4.16304e-06
-4.69803e-05
-4.7587e-06
-5.022e-05
-5.37608e-06
-5.3468e-05
-5.90781e-06
-5.66576e-05
-6.28166e-06
-5.97094e-05
-6.45072e-06
-6.25369e-05
-6.38515e-06
-6.50513e-05
-6.06684e-06
-6.71656e-05
-5.48615e-06
-6.8797e-05
-4.64048e-06
-6.98694e-05
-3.53372e-06
-7.0315e-05
-2.1762e-06
-7.00758e-05
-5.84825e-07
-6.91044e-05
1.21662e-06
-6.73655e-05
3.19644e-06
-6.48361e-05
5.31545e-06
-6.1506e-05
7.52769e-06
-5.73786e-05
9.78033e-06
-5.24721e-05
1.20141e-05
-4.68205e-05
1.41642e-05
-4.04743e-05
1.61618e-05
-3.35018e-05
1.79358e-05
-2.599e-05
1.94158e-05
-1.80442e-05
2.05353e-05
-9.78787e-06
2.12351e-05
-1.35991e-06
2.14655e-05
7.08622e-06
2.11923e-05
1.53844e-05
2.04033e-05
2.33628e-05
1.91095e-05
3.0851e-05
1.73457e-05
3.76874e-05
1.5169e-05
4.37255e-05
1.26578e-05
4.884e-05
9.90766e-06
5.29326e-05
7.02679e-06
5.59351e-05
4.12942e-06
5.78123e-05
1.32859e-06
5.8562e-05
-1.27165e-06
5.82128e-05
-3.586e-06
5.68199e-05
-5.55784e-06
5.44566e-05
-7.17282e-06
5.12018e-05
-8.47267e-06
4.71258e-05
-9.56776e-06
4.22771e-05
-1.06397e-05
3.66786e-05
-1.19173e-05
3.03476e-05
-1.36013e-05
2.33565e-05
-1.57126e-05
1.59526e-05
-1.7859e-05
8.72939e-06
-1.89495e-05
2.82022e-06
-1.69739e-05
-8.90602e-06
-2.33174e-06
-5.35581e-06
-6.95995e-06
-9.67926e-06
-1.22627e-05
-1.00595e-05
-1.72558e-05
-8.49082e-06
-2.15033e-05
-6.29089e-06
-2.49473e-05
-4.24671e-06
-2.77409e-05
-2.73142e-06
-3.01159e-05
-1.84e-06
-3.22962e-05
-1.50407e-06
-3.44544e-05
-1.58188e-06
-3.66986e-05
-1.91882e-06
-3.9077e-05
-2.3803e-06
-4.15895e-05
-2.86356e-06
-4.42007e-05
-3.29658e-06
-4.68509e-05
-3.63144e-06
-4.94647e-05
-3.83697e-06
-5.1957e-05
-3.89288e-06
-5.4238e-05
-3.78585e-06
-5.62166e-05
-3.50747e-06
-5.78038e-05
-3.05332e-06
-5.89146e-05
-2.42291e-06
-5.94709e-05
-1.6199e-06
-5.94032e-05
-6.52492e-07
-5.86528e-05
4.66206e-07
-5.71736e-05
1.71722e-06
-5.49336e-05
3.07542e-06
-5.1916e-05
4.51016e-06
-4.81208e-05
5.98516e-06
-4.35655e-05
7.45877e-06
-3.8286e-05
8.88472e-06
-3.23374e-05
1.02133e-05
-2.57946e-05
1.13929e-05
-1.87514e-05
1.23726e-05
-1.13206e-05
1.31045e-05
-3.6318e-06
1.35463e-05
4.17013e-06
1.36636e-05
1.19269e-05
1.34355e-05
1.94722e-05
1.2858e-05
2.66388e-05
1.1943e-05
3.3265e-05
1.07194e-05
3.92022e-05
9.23183e-06
4.43206e-05
7.53935e-06
4.8516e-05
5.71226e-06
5.17146e-05
3.82822e-06
5.38764e-05
1.96755e-06
5.49972e-05
2.07837e-07
5.5107e-05
-1.3815e-06
5.42669e-05
-2.74586e-06
5.25615e-05
-3.85246e-06
5.00875e-05
-4.69882e-06
4.69376e-05
-5.32276e-06
4.31821e-05
-5.81227e-06
3.88514e-05
-6.30897e-06
3.39274e-05
-6.99334e-06
2.836e-05
-8.03393e-06
2.21291e-05
-9.48176e-06
1.53731e-05
-1.1103e-05
8.58521e-06
-1.21616e-05
2.8495e-06
-1.12382e-05
-6.05651e-06
-2.30767e-06
-3.04813e-06
-6.62283e-06
-5.36411e-06
-1.13319e-05
-5.35044e-06
-1.5529e-05
-4.29376e-06
-1.88617e-05
-2.95815e-06
-2.13357e-05
-1.77273e-06
-2.31436e-05
-9.23469e-07
-2.45396e-05
-4.44055e-07
-2.57603e-05
-2.83332e-07
-2.69872e-05
-3.54972e-07
-2.83362e-05
-5.69871e-07
-2.98633e-05
-8.53121e-07
-3.15777e-05
-1.14923e-06
-3.34538e-05
-1.42045e-06
-3.54429e-05
-1.64231e-06
-3.74808e-05
-1.79913e-06
-3.94931e-05
-1.88052e-06
-4.13997e-05
-1.87927e-06
-4.31171e-05
-1.79012e-06
-4.4561e-05
-1.60942e-06
-4.56487e-05
-1.33514e-06
-4.63014e-05
-9.67255e-07
-4.64458e-05
-5.08045e-07
-4.60172e-05
3.75757e-08
-4.49614e-05
6.61401e-07
-4.32374e-05
1.35148e-06
-4.08195e-05
2.09224e-06
-3.76988e-05
2.86444e-06
-3.38851e-05
3.64512e-06
-2.94084e-05
4.40796e-06
-2.43191e-05
5.12395e-06
-1.86887e-05
5.76254e-06
-1.26092e-05
6.29315e-06
-6.19172e-06
6.68702e-06
4.36135e-07
6.91842e-06
7.1318e-06
6.9679e-06
1.37418e-05
6.82548e-06
2.01089e-05
6.49086e-06
2.60786e-05
5.97328e-06
3.15062e-05
5.29186e-06
3.62631e-05
4.47493e-06
4.02438e-05
3.55862e-06
4.33713e-05
2.58477e-06
4.56011e-05
1.59839e-06
4.6924e-05
6.44725e-07
4.73655e-05
-2.33662e-07
4.69843e-05
-1.00027e-06
4.5866e-05
-1.62765e-06
4.41145e-05
-2.10093e-06
4.1838e-05
-2.42227e-06
3.91321e-05
-2.61685e-06
3.60591e-05
-2.73935e-06
3.26277e-05
-2.87752e-06
2.87802e-05
-3.14582e-06
2.44047e-05
-3.65846e-06
1.93929e-05
-4.46999e-06
1.37669e-05
-5.47697e-06
7.88513e-06
-6.27983e-06
2.70412e-06
-6.05717e-06
-3.35241e-06
-2.00776e-06
-1.04038e-06
-5.53451e-06
-1.83735e-06
-9.15609e-06
-1.72887e-06
-1.21695e-05
-1.28032e-06
-1.43518e-05
-7.75902e-07
-1.57673e-05
-3.57187e-07
-1.66162e-05
-7.45768e-08
-1.71324e-05
7.21086e-08
-1.7524e-05
1.0827e-07
-1.79467e-05
6.77455e-08
-1.84989e-05
-1.76306e-08
-1.92292e-05
-1.22891e-07
-2.01477e-05
-2.3072e-07
-2.1238e-05
-3.3009e-07
-2.24661e-05
-4.14282e-07
-2.3786e-05
-4.79159e-07
-2.51446e-05
-5.21987e-07
-2.64831e-05
-5.40713e-07
-2.77396e-05
-5.33597e-07
-2.885e-05
-4.99116e-07
-2.97491e-05
-4.36035e-07
-3.03727e-05
-3.43586e-07
-3.06591e-05
-2.2165e-07
-3.05507e-05
-7.08785e-08
-2.99963e-05
1.0708e-07
-2.89542e-05
3.09329e-07
-2.73936e-05
5.31602e-07
-2.52974e-05
7.68241e-07
-2.26643e-05
1.01206e-06
-1.95106e-05
1.25432e-06
-1.58716e-05
1.48493e-06
-1.18019e-05
1.69286e-06
-7.37553e-06
1.86675e-06
-2.68415e-06
1.99564e-06
2.16408e-06
2.0702e-06
7.04786e-06
2.08412e-06
1.18393e-05
2.03407e-06
1.64099e-05
1.92021e-06
2.06365e-05
1.74672e-06
2.44071e-05
1.5213e-06
2.76272e-05
1.25479e-06
3.02252e-05
9.6057e-07
3.21564e-05
6.53597e-07
3.34053e-05
3.49457e-07
3.39868e-05
6.32812e-08
3.39443e-05
-1.91175e-07
3.33467e-05
-4.02687e-07
3.22822e-05
-5.63161e-07
3.08498e-05
-6.6852e-07
2.91477e-05
-7.20114e-07
2.72578e-05
-7.26981e-07
2.52272e-05
-7.08781e-07
2.30479e-05
-6.98193e-07
2.06422e-05
-7.40172e-07
1.78678e-05
-8.83978e-07
1.45608e-05
-1.16302e-06
1.06418e-05
-1.55801e-06
6.30068e-06
-1.93868e-06
2.24399e-06
-2.00045e-06
-1.10841e-06
-1.04038e-06
-2.87773e-06
-4.6066e-06
-5.88692e-06
-6.66282e-06
-7.02001e-06
-7.09458e-06
-7.02247e-06
-6.9142e-06
-6.84645e-06
-6.86408e-06
-6.98697e-06
-7.21769e-06
-7.54778e-06
-7.96206e-06
-8.44122e-06
-8.96321e-06
-9.50392e-06
-1.00375e-05
-1.05366e-05
-1.09727e-05
-1.13163e-05
-1.15379e-05
-1.16088e-05
-1.15017e-05
-1.11924e-05
-1.06608e-05
-9.89253e-06
-8.88047e-06
-7.62616e-06
-6.14123e-06
-4.44837e-06
-2.58162e-06
-5.8597e-07
1.48423e-06
3.56835e-06
5.60241e-06
7.52263e-06
9.26936e-06
1.07907e-05
1.20454e-05
1.3006e-05
1.36596e-05
1.40091e-05
1.40723e-05
1.38812e-05
1.34785e-05
1.29153e-05
1.22468e-05
1.15267e-05
1.07997e-05
1.00909e-05
9.39274e-06
8.65257e-06
7.7686e-06
6.60557e-06
5.04756e-06
3.10888e-06
1.10842e-06
)
;

boundaryField
{
    bottomwall
    {
        type            calculated;
        value           uniform 0;
    }
    topwall
    {
        type            calculated;
        value           nonuniform List<scalar> 
60
(
0
0
0
0
0
5.29396e-23
0
0
0
0
0
0
0
0
0
-1.05879e-22
0
0
0
0
0
0
0
0
0
0
-1.05879e-22
0
-1.05879e-22
0
0
0
0
0
0
1.05879e-22
0
0
0
0
-1.05879e-22
0
0
0
0
0
0
-5.29396e-23
0
0
0
-6.61744e-24
0
0
0
0
2.11758e-22
0
-4.23516e-22
0
)
;
    }
    coldwall
    {
        type            calculated;
        value           nonuniform List<scalar> 
48
(
0
0
0
0
0
0
0
0
0
0
0
0
0
0
0
0
0
0
0
0
0
0
0
0
0
0
0
0
0
0
0
0
0
0
0
0
0
0
-8.47033e-22
0
0
0
0
0
0
0
0
0
)
;
    }
    radinlet
    {
        type            calculated;
        value           uniform 0;
    }
    hotwall
    {
        type            calculated;
        value           nonuniform List<scalar> 
60
(
0
0
1.05879e-22
0
0
-1.05879e-22
0
0
0
0
0
0
-2.11758e-22
0
2.11758e-22
0
0
0
4.23516e-22
0
0
0
0
0
0
0
0
0
0
4.23516e-22
0
0
-4.23516e-22
0
0
0
0
0
0
0
0
-8.47033e-22
0
8.47033e-22
0
0
0
0
0
0
0
0
0
0
0
-1.69407e-21
0
0
0
0
)
;
    }
    frontAndback
    {
        type            empty;
    }
}


// ************************************************************************* //
