/*--------------------------------*- C++ -*----------------------------------*\
| =========                 |                                                 |
| \\      /  F ield         | OpenFOAM: The Open Source CFD Toolbox           |
|  \\    /   O peration     | Version:  2406                                  |
|   \\  /    A nd           | Website:  www.openfoam.com                      |
|    \\/     M anipulation  |                                                 |
\*---------------------------------------------------------------------------*/
FoamFile
{
    version     2.0;
    format      ascii;
    arch        "LSB;label=32;scalar=64";
    class       volVectorField;
    location    "5000";
    object      U;
}
// * * * * * * * * * * * * * * * * * * * * * * * * * * * * * * * * * * * * * //

dimensions      [0 1 -1 0 0 0 0];

internalField   nonuniform List<vector> 
3600
(
(0.000694559 -0.000682401 0)
(0.00239756 -0.000636955 0)
(0.00421322 -0.000433392 0)
(0.00581305 -0.000341493 0)
(0.00743763 -0.000345177 0)
(0.00918662 -0.000394307 0)
(0.0110973 -0.000452222 0)
(0.0131508 -0.000497555 0)
(0.0152931 -0.000520104 0)
(0.0174533 -0.000516683 0)
(0.0195557 -0.000488389 0)
(0.0215293 -0.000438859 0)
(0.0233131 -0.000373074 0)
(0.0248597 -0.000296469 0)
(0.0261362 -0.00021428 0)
(0.0271241 -0.000131102 0)
(0.0278176 -5.06581e-05 0)
(0.0282219 2.42679e-05 0)
(0.0283505 9.1788e-05 0)
(0.0282233 0.000150728 0)
(0.0278647 0.00020053 0)
(0.0273015 0.000241285 0)
(0.0265613 0.00027333 0)
(0.0256721 0.000297181 0)
(0.024661 0.000313503 0)
(0.0235542 0.000323116 0)
(0.0223759 0.000326973 0)
(0.0211485 0.000326004 0)
(0.0198925 0.000320709 0)
(0.0186284 0.000310509 0)
(0.0173787 0.000293102 0)
(0.0161723 0.000264258 0)
(0.015047 0.000218587 0)
(0.0140497 0.000151647 0)
(0.0132299 6.3304e-05 0)
(0.0126253 -3.82515e-05 0)
(0.0122364 -0.000133111 0)
(0.0119962 -0.0001888 0)
(0.0117421 -0.000164526 0)
(0.0112054 -2.26813e-05 0)
(0.0100414 0.000253232 0)
(0.00790958 0.000641044 0)
(0.00459749 0.00107427 0)
(0.00012785 0.00145844 0)
(-0.00519578 0.00170285 0)
(-0.0108617 0.00176706 0)
(-0.0163064 0.00166045 0)
(-0.0210411 0.0014192 0)
(-0.0247114 0.00108478 0)
(-0.0270999 0.000692467 0)
(-0.0281084 0.000271396 0)
(-0.0277357 -0.000149907 0)
(-0.0260788 -0.000540065 0)
(-0.0233218 -0.000866609 0)
(-0.0197301 -0.00110215 0)
(-0.0156245 -0.00123253 0)
(-0.0113451 -0.00126585 0)
(-0.00721947 -0.00123653 0)
(-0.00338153 -0.00116211 0)
(-0.000759272 -0.000791216 0)
(0.000680899 -0.00243618 0)
(0.00323459 -0.00321922 0)
(0.00707056 -0.00313541 0)
(0.0111659 -0.00310262 0)
(0.0155614 -0.00324467 0)
(0.0202575 -0.00349035 0)
(0.0252427 -0.00374522 0)
(0.0304576 -0.00393651 0)
(0.0357993 -0.00402013 0)
(0.0411383 -0.00397643 0)
(0.046336 -0.00380421 0)
(0.0512579 -0.00351513 0)
(0.0557842 -0.00312899 0)
(0.059816 -0.00266974 0)
(0.0632786 -0.00216241 0)
(0.0661219 -0.00163074 0)
(0.0683194 -0.00109579 0)
(0.0698658 -0.000575 0)
(0.0707736 -8.20291e-05 0)
(0.0710699 0.000373006 0)
(0.070793 0.000783467 0)
(0.0699897 0.00114562 0)
(0.0687119 0.00145794 0)
(0.0670148 0.00172042 0)
(0.0649544 0.00193429 0)
(0.0625869 0.00210173 0)
(0.0599675 0.00222555 0)
(0.0571499 0.00230856 0)
(0.0541867 0.00235225 0)
(0.0511304 0.00235509 0)
(0.0480352 0.00231083 0)
(0.0449596 0.00220837 0)
(0.0419674 0.00203472 0)
(0.0391252 0.00178256 0)
(0.0364923 0.00146247 0)
(0.0340996 0.00111781 0)
(0.0319157 0.000837757 0)
(0.0298031 0.000760565 0)
(0.0274784 0.00105613 0)
(0.0244974 0.00187806 0)
(0.0203014 0.00328674 0)
(0.0143459 0.0051695 0)
(0.00630848 0.00720954 0)
(-0.00371614 0.00895461 0)
(-0.0150995 0.00996193 0)
(-0.0268258 0.0100083 0)
(-0.0377829 0.00911758 0)
(-0.0470097 0.00747709 0)
(-0.0538265 0.00533206 0)
(-0.0578549 0.00291559 0)
(-0.0589816 0.000427596 0)
(-0.0573056 -0.00195709 0)
(-0.0531148 -0.00407764 0)
(-0.0468336 -0.00578943 0)
(-0.0390069 -0.00697854 0)
(-0.030263 -0.0075811 0)
(-0.021285 -0.00759612 0)
(-0.0127949 -0.00706347 0)
(-0.00536856 -0.0059123 0)
(-0.000972162 -0.00333842 0)
(0.000384812 -0.00422953 0)
(0.00279351 -0.00699561 0)
(0.00733305 -0.00794892 0)
(0.012815 -0.00852444 0)
(0.0190393 -0.00912214 0)
(0.02582 -0.00975486 0)
(0.0330259 -0.0103207 0)
(0.0405218 -0.0107134 0)
(0.0481536 -0.010858 0)
(0.0557551 -0.0107178 0)
(0.0631581 -0.0102892 0)
(0.0702033 -0.00959435 0)
(0.0767484 -0.00867206 0)
(0.0826738 -0.00757101 0)
(0.0878859 -0.00634333 0)
(0.0923171 -0.00504003 0)
(0.0959251 -0.0037078 0)
(0.0986908 -0.00238702 0)
(0.100616 -0.00111094 0)
(0.101718 9.44275e-05 0)
(0.10203 0.00120936 0)
(0.101597 0.00222056 0)
(0.10047 0.00312033 0)
(0.0987104 0.003905 0)
(0.0963798 0.00457393 0)
(0.0935441 0.00512883 0)
(0.0902704 0.00557288 0)
(0.0866263 0.0059095 0)
(0.0826799 0.00614059 0)
(0.0784994 0.00626415 0)
(0.0741534 0.00627241 0)
(0.0697105 0.00615222 0)
(0.0652382 0.00589036 0)
(0.0607984 0.00548638 0)
(0.056439 0.00497367 0)
(0.0521754 0.00444644 0)
(0.0479614 0.00408483 0)
(0.0436492 0.00416294 0)
(0.0389479 0.00501738 0)
(0.0334046 0.00695321 0)
(0.0264439 0.0100853 0)
(0.017503 0.0141647 0)
(0.00626781 0.0184998 0)
(-0.00709612 0.0220903 0)
(-0.0217807 0.0239526 0)
(-0.0365229 0.0235888 0)
(-0.0499542 0.0210589 0)
(-0.0609254 0.0168157 0)
(-0.0686701 0.0114623 0)
(-0.0728224 0.00557947 0)
(-0.0733516 -0.000339449 0)
(-0.0704843 -0.00588293 0)
(-0.0646323 -0.0107075 0)
(-0.0563441 -0.0145289 0)
(-0.0462903 -0.0171226 0)
(-0.0352438 -0.0183409 0)
(-0.0240769 -0.0181158 0)
(-0.013775 -0.0163949 0)
(-0.00522179 -0.0129089 0)
(-0.000717658 -0.00646041 0)
(0.000166319 -0.00548623 0)
(0.00221698 -0.0105471 0)
(0.00676712 -0.0131716 0)
(0.0128016 -0.0149111 0)
(0.0200073 -0.0163417 0)
(0.0280525 -0.0175776 0)
(0.0366836 -0.0185562 0)
(0.0456759 -0.0191794 0)
(0.0548176 -0.0193719 0)
(0.0639074 -0.019099 0)
(0.072758 -0.0183661 0)
(0.081201 -0.0172113 0)
(0.0890908 -0.0156949 0)
(0.0963071 -0.0138899 0)
(0.102755 -0.011874 0)
(0.108366 -0.00972314 0)
(0.113093 -0.0075075 0)
(0.11691 -0.00528855 0)
(0.119811 -0.00311797 0)
(0.121802 -0.00103737 0)
(0.122905 0.000920817 0)
(0.123151 0.00273212 0)
(0.12258 0.00438 0)
(0.121241 0.00585448 0)
(0.119188 0.00715035 0)
(0.116478 0.008266 0)
(0.113174 0.00920222 0)
(0.109339 0.00996083 0)
(0.105041 0.0105427 0)
(0.100347 0.0109457 0)
(0.0953234 0.0111632 0)
(0.0900362 0.011185 0)
(0.0845443 0.0110044 0)
(0.0788973 0.0106334 0)
(0.073128 0.0101295 0)
(0.0672402 0.00963096 0)
(0.0611887 0.00939214 0)
(0.0548483 0.00979923 0)
(0.0479792 0.011332 0)
(0.0402041 0.0144337 0)
(0.0310357 0.0192755 0)
(0.0199921 0.0254824 0)
(0.00682283 0.0319881 0)
(-0.00825343 0.0372172 0)
(-0.0243664 0.0396145 0)
(-0.0401898 0.0384048 0)
(-0.0543084 0.0337258 0)
(-0.0655724 0.0263649 0)
(-0.0732659 0.0173521 0)
(-0.0771068 0.0076602 0)
(-0.0771533 -0.00191387 0)
(-0.0737051 -0.0107477 0)
(-0.0672058 -0.0183509 0)
(-0.0582202 -0.0243148 0)
(-0.0474368 -0.0282973 0)
(-0.0356729 -0.0300315 0)
(-0.0238912 -0.0293282 0)
(-0.0132198 -0.0260032 0)
(-0.00467579 -0.0196454 0)
(-0.000499496 -0.00902021 0)
(6.15288e-05 -0.00643601 0)
(0.00183789 -0.0138227 0)
(0.00620114 -0.0184595 0)
(0.0123674 -0.0217639 0)
(0.0200102 -0.0243553 0)
(0.0287226 -0.0264139 0)
(0.0381636 -0.0279272 0)
(0.048033 -0.0288302 0)
(0.058065 -0.029072 0)
(0.0680249 -0.0286407 0)
(0.0777098 -0.0275656 0)
(0.0869478 -0.0259107 0)
(0.0955987 -0.023763 0)
(0.103552 -0.0212224 0)
(0.110723 -0.0183915 0)
(0.117054 -0.0153696 0)
(0.122504 -0.012247 0)
(0.127053 -0.00910286 0)
(0.130691 -0.00600387 0)
(0.133422 -0.00300432 0)
(0.135259 -0.000146754 0)
(0.13622 0.00253553 0)
(0.136332 0.00501775 0)
(0.135625 0.00728327 0)
(0.134137 0.00932146 0)
(0.131908 0.0111261 0)
(0.128984 0.0126942 0)
(0.125413 0.0140243 0)
(0.121246 0.0151151 0)
(0.116537 0.0159639 0)
(0.111339 0.0165656 0)
(0.105703 0.016915 0)
(0.0996723 0.0170141 0)
(0.0932816 0.0168889 0)
(0.0865495 0.0166181 0)
(0.0794733 0.0163735 0)
(0.0720174 0.0164634 0)
(0.0640936 0.0173559 0)
(0.0555353 0.0196398 0)
(0.0460763 0.0238697 0)
(0.0353634 0.0302655 0)
(0.0230438 0.0383428 0)
(0.00895354 0.0466964 0)
(-0.0066643 0.0532203 0)
(-0.0229869 0.0558243 0)
(-0.0387683 0.0534704 0)
(-0.0526839 0.0463961 0)
(-0.0636819 0.0357451 0)
(-0.0711398 0.022984 0)
(-0.0748483 0.00946839 0)
(-0.0749036 -0.00373033 0)
(-0.0715992 -0.0158144 0)
(-0.0653355 -0.0261726 0)
(-0.0566187 -0.0342771 0)
(-0.0460877 -0.03965 0)
(-0.0345406 -0.0418693 0)
(-0.0229598 -0.0405844 0)
(-0.012529 -0.0354727 0)
(-0.00430473 -0.0260611 0)
(-0.000404286 -0.0112798 0)
(4.15571e-05 -0.00724297 0)
(0.00170626 -0.016882 0)
(0.00594082 -0.0236579 0)
(0.0121174 -0.0287447 0)
(0.0199361 -0.0327062 0)
(0.0289635 -0.0357415 0)
(0.0388074 -0.0378777 0)
(0.0491157 -0.0390922 0)
(0.0595809 -0.0393753 0)
(0.0699425 -0.0387551 0)
(0.079986 -0.0372998 0)
(0.0895409 -0.0351102 0)
(0.0984765 -0.0323077 0)
(0.106698 -0.0290223 0)
(0.114138 -0.0253829 0)
(0.120756 -0.02151 0)
(0.126528 -0.0175111 0)
(0.131442 -0.0134788 0)
(0.135499 -0.00949013 0)
(0.138704 -0.00560711 0)
(0.141067 -0.00187845 0)
(0.142602 0.00165846 0)
(0.143323 0.00497467 0)
(0.143247 0.00804906 0)
(0.142394 0.0108671 0)
(0.140784 0.0134188 0)
(0.138442 0.0156975 0)
(0.135395 0.0176985 0)
(0.131671 0.0194178 0)
(0.127301 0.0208515 0)
(0.122318 0.0219958 0)
(0.116749 0.0228497 0)
(0.110619 0.023423 0)
(0.103944 0.0237531 0)
(0.096729 0.023934 0)
(0.0889669 0.0241585 0)
(0.0806335 0.0247663 0)
(0.0716791 0.0262741 0)
(0.0620125 0.0293404 0)
(0.0514846 0.0345964 0)
(0.0398889 0.0422998 0)
(0.0270148 0.0518854 0)
(0.0127836 0.0616779 0)
(-0.00256918 0.0691293 0)
(-0.0183549 0.0716959 0)
(-0.0335036 0.0680905 0)
(-0.0468596 0.0586463 0)
(-0.0575015 0.0448408 0)
(-0.0648886 0.0285436 0)
(-0.0688386 0.0114487 0)
(-0.0694232 -0.00514713 0)
(-0.0668687 -0.0203123 0)
(-0.0614833 -0.0333382 0)
(-0.0536712 -0.0435783 0)
(-0.0439832 -0.0503988 0)
(-0.0331568 -0.053188 0)
(-0.0221471 -0.0514011 0)
(-0.0121425 -0.0445666 0)
(-0.00420616 -0.0321871 0)
(-0.000409346 -0.013416 0)
(7.14586e-05 -0.00805252 0)
(0.0017691 -0.0198874 0)
(0.00601198 -0.0288254 0)
(0.0122256 -0.0357792 0)
(0.020137 -0.041207 0)
(0.0293049 -0.0452916 0)
(0.0393105 -0.0480852 0)
(0.0497699 -0.0496086 0)
(0.0603495 -0.0499031 0)
(0.0707731 -0.0490493 0)
(0.0808225 -0.0471666 0)
(0.0903337 -0.0444031 0)
(0.0991902 -0.040921 0)
(0.107316 -0.0368849 0)
(0.114666 -0.0324507 0)
(0.121219 -0.0277594 0)
(0.126971 -0.0229332 0)
(0.131925 -0.0180744 0)
(0.136095 -0.0132657 0)
(0.139492 -0.00857264 0)
(0.14213 -0.00404534 0)
(0.144023 0.000278834 0)
(0.145179 0.00437158 0)
(0.145607 0.00821146 0)
(0.145313 0.0117833 0)
(0.144302 0.015076 0)
(0.142579 0.0180814 0)
(0.14015 0.020793 0)
(0.13702 0.0232051 0)
(0.133195 0.0253131 0)
(0.128682 0.0271136 0)
(0.123486 0.0286088 0)
(0.117607 0.0298137 0)
(0.111043 0.030773 0)
(0.103785 0.0315887 0)
(0.0958193 0.0324622 0)
(0.0871311 0.0337441 0)
(0.0777026 0.0359691 0)
(0.0675085 0.0398261 0)
(0.0565045 0.0459858 0)
(0.0446207 0.0547294 0)
(0.0317814 0.0654427 0)
(0.0179819 0.0762671 0)
(0.00342097 0.0843313 0)
(-0.0113938 0.0867428 0)
(-0.0256261 0.0819722 0)
(-0.0383263 0.0704089 0)
(-0.0487002 0.0537999 0)
(-0.0562532 0.03435 0)
(-0.0607794 0.0140317 0)
(-0.0622755 -0.00567925 0)
(-0.0608654 -0.0237441 0)
(-0.0567446 -0.039368 0)
(-0.0501993 -0.0517817 0)
(-0.0416765 -0.060176 0)
(-0.0318292 -0.0637217 0)
(-0.0215553 -0.0616484 0)
(-0.0120197 -0.0533124 0)
(-0.00428597 -0.0381786 0)
(-0.00046681 -0.0155886 0)
(0.000124083 -0.00895452 0)
(0.00194985 -0.0229809 0)
(0.00632359 -0.0340653 0)
(0.0126405 -0.0428883 0)
(0.0206378 -0.0497908 0)
(0.0298666 -0.0549217 0)
(0.0398928 -0.0583488 0)
(0.0503152 -0.0601362 0)
(0.0607875 -0.0603828 0)
(0.0710297 -0.0592316 0)
(0.0808288 -0.056863 0)
(0.0900341 -0.05348 0)
(0.0985482 -0.0492916 0)
(0.106317 -0.0444993 0)
(0.113318 -0.039287 0)
(0.119553 -0.0338149 0)
(0.125034 -0.0282172 0)
(0.129784 -0.0226026 0)
(0.133826 -0.017056 0)
(0.137183 -0.0116422 0)
(0.139875 -0.00640887 0)
(0.141917 -0.00139003 0)
(0.143318 0.00339043 0)
(0.144082 0.0079152 0)
(0.144208 0.012172 0)
(0.143691 0.0161523 0)
(0.142522 0.0198492 0)
(0.14069 0.0232573 0)
(0.138181 0.0263713 0)
(0.13498 0.0291869 0)
(0.131071 0.0317022 0)
(0.126435 0.0339209 0)
(0.121051 0.0358613 0)
(0.114897 0.0375708 0)
(0.10795 0.039153 0)
(0.100189 0.0408072 0)
(0.0916024 0.0428778 0)
(0.0821956 0.0458917 0)
(0.0719924 0.0505341 0)
(0.061032 0.0574806 0)
(0.0493574 0.06702 0)
(0.0370071 0.078519 0)
(0.0240354 0.0900256 0)
(0.0105875 0.0984729 0)
(-0.00301729 0.100723 0)
(-0.016206 0.0950209 0)
(-0.0282429 0.081736 0)
(-0.0384443 0.0627939 0)
(-0.046327 0.0406513 0)
(-0.0516239 0.0174995 0)
(-0.0542286 -0.00504051 0)
(-0.0541498 -0.0258344 0)
(-0.0514712 -0.0440038 0)
(-0.046364 -0.0586516 0)
(-0.0391683 -0.0687811 0)
(-0.0304414 -0.0733249 0)
(-0.0210038 -0.0712593 0)
(-0.0119768 -0.0617314 0)
(-0.00442087 -0.0441182 0)
(-0.000538063 -0.0178645 0)
(0.000181805 -0.00999144 0)
(0.00218136 -0.0262527 0)
(0.00676019 -0.0394604 0)
(0.0132301 -0.0501106 0)
(0.0213185 -0.0584372 0)
(0.0305614 -0.0645528 0)
(0.0405132 -0.0685393 0)
(0.050764 -0.0705077 0)
(0.0609666 -0.0706209 0)
(0.070848 -0.0690929 0)
(0.0802098 -0.0661725 0)
(0.0889221 -0.0621233 0)
(0.0969112 -0.0572043 0)
(0.104147 -0.051655 0)
(0.110631 -0.0456859 0)
(0.116384 -0.0394744 0)
(0.121437 -0.0331638 0)
(0.125826 -0.0268658 0)
(0.129586 -0.0206647 0)
(0.132747 -0.0146213 0)
(0.135335 -0.00877791 0)
(0.137367 -0.00316256 0)
(0.138855 0.00220748 0)
(0.139803 0.00732199 0)
(0.140205 0.0121747 0)
(0.140053 0.0167623 0)
(0.13933 0.0210827 0)
(0.138014 0.0251342 0)
(0.136078 0.0289147 0)
(0.133492 0.0324224 0)
(0.130223 0.0356577 0)
(0.126233 0.0386266 0)
(0.121484 0.0413486 0)
(0.115936 0.0438712 0)
(0.109553 0.0462942 0)
(0.102304 0.0488068 0)
(0.0941777 0.0517347 0)
(0.0851915 0.0555774 0)
(0.0754009 0.0609892 0)
(0.0649035 0.0686215 0)
(0.0538256 0.0787551 0)
(0.0422929 0.0907617 0)
(0.030404 0.102676 0)
(0.0182478 0.111356 0)
(0.00597198 0.113515 0)
(-0.00611093 0.107197 0)
(-0.0174743 0.0926639 0)
(-0.0275315 0.0719101 0)
(-0.0357886 0.0475568 0)
(-0.0418999 0.0219612 0)
(-0.0456472 -0.00313187 0)
(-0.0469263 -0.0264923 0)
(-0.0457218 -0.0471531 0)
(-0.0421015 -0.0640884 0)
(-0.0363048 -0.0761091 0)
(-0.0287883 -0.0818996 0)
(-0.0202808 -0.0801601 0)
(-0.0118417 -0.069787 0)
(-0.00451732 -0.0499996 0)
(-0.000600243 -0.0202415 0)
(0.000235142 -0.0111721 0)
(0.00241728 -0.0297406 0)
(0.00722655 -0.0450513 0)
(0.0138646 -0.0574637 0)
(0.0220324 -0.0671255 0)
(0.0312425 -0.0741222 0)
(0.0410378 -0.0785566 0)
(0.0510068 -0.0805937 0)
(0.0608104 -0.0804696 0)
(0.0701927 -0.0784766 0)
(0.0789792 -0.074938 0)
(0.0870669 -0.0701815 0)
(0.0944099 -0.0645164 0)
(0.101004 -0.0582187 0)
(0.106873 -0.051523 0)
(0.112056 -0.04462 0)
(0.116599 -0.0376585 0)
(0.120547 -0.0307504 0)
(0.123943 -0.023976 0)
(0.126823 -0.0173901 0)
(0.129216 -0.0110278 0)
(0.131141 -0.00490921 0)
(0.132611 0.000956175 0)
(0.13363 0.00656613 0)
(0.134195 0.0119222 0)
(0.134292 0.0170285 0)
(0.133905 0.0218896 0)
(0.133005 0.0265099 0)
(0.131561 0.030893 0)
(0.129533 0.0350419 0)
(0.126878 0.038961 0)
(0.123546 0.0426591 0)
(0.119486 0.0461574 0)
(0.114647 0.0495016 0)
(0.10898 0.0527849 0)
(0.102447 0.0561815 0)
(0.0950316 0.05999 0)
(0.0867548 0.0646697 0)
(0.0776882 0.0708246 0)
(0.0679637 0.0790596 0)
(0.0577607 0.0896339 0)
(0.0472643 0.101939 0)
(0.0366036 0.11406 0)
(0.0258205 0.122883 0)
(0.0149173 0.125058 0)
(0.00398536 0.118467 0)
(-0.00666175 0.103172 0)
(-0.016524 0.0811327 0)
(-0.0250908 0.0550445 0)
(-0.0319381 0.0273843 0)
(-0.0367429 9.65613e-06 0)
(-0.0392989 -0.0257498 0)
(-0.0395057 -0.0488274 0)
(-0.0373452 -0.0680709 0)
(-0.0329643 -0.0821032 0)
(-0.0267202 -0.0893601 0)
(-0.0192399 -0.0882518 0)
(-0.0115022 -0.077385 0)
(-0.00452066 -0.0557474 0)
(-0.00064278 -0.022675 0)
(0.000280416 -0.012486 0)
(0.00263169 -0.0334438 0)
(0.00766024 -0.0508386 0)
(0.0144489 -0.0649342 0)
(0.0226607 -0.0758179 0)
(0.0317788 -0.0835638 0)
(0.0413352 -0.0883087 0)
(0.0509227 -0.090284 0)
(0.0602185 -0.0898092 0)
(0.0689929 -0.0872628 0)
(0.0771025 -0.0830469 0)
(0.0844769 -0.0775535 0)
(0.0911005 -0.0711407 0)
(0.0969951 -0.0641172 0)
(0.102205 -0.0567366 0)
(0.106784 -0.0491985 0)
(0.110789 -0.0416533 0)
(0.114272 -0.0342091 0)
(0.11728 -0.0269399 0)
(0.119849 -0.0198928 0)
(0.122009 -0.0130944 0)
(0.123781 -0.00655653 0)
(0.125176 -0.00028039 0)
(0.126199 0.00573971 0)
(0.126847 0.0115136 0)
(0.127108 0.0170533 0)
(0.126965 0.0223711 0)
(0.126391 0.0274789 0)
(0.125351 0.0323875 0)
(0.123804 0.0371064 0)
(0.121703 0.0416456 0)
(0.118994 0.0460184 0)
(0.115618 0.0502479 0)
(0.111517 0.0543784 0)
(0.106635 0.0584956 0)
(0.100927 0.0627563 0)
(0.094372 0.0674286 0)
(0.0869866 0.072924 0)
(0.0788467 0.079785 0)
(0.0700982 0.0885546 0)
(0.0609474 0.0994593 0)
(0.051613 0.111919 0)
(0.0422429 0.12411 0)
(0.0328456 0.133023 0)
(0.0233125 0.135328 0)
(0.0135597 0.128771 0)
(0.00371104 0.113189 0)
(-0.0058438 0.09036 0)
(-0.0145787 0.0629932 0)
(-0.0220016 0.0336379 0)
(-0.0277023 0.00425613 0)
(-0.0313869 -0.0237174 0)
(-0.0328827 -0.0491042 0)
(-0.0321036 -0.0706304 0)
(-0.0291141 -0.0867409 0)
(-0.0241775 -0.0956328 0)
(-0.0178141 -0.0954224 0)
(-0.0109044 -0.0843974 0)
(-0.00440591 -0.0612471 0)
(-0.000662069 -0.0251006 0)
(0.000317327 -0.0139142 0)
(0.00281348 -0.0373383 0)
(0.00802743 -0.0567939 0)
(0.0149252 -0.0724831 0)
(0.0231257 -0.0844578 0)
(0.0320802 -0.0928023 0)
(0.0413129 -0.0977053 0)
(0.0504263 -0.0994802 0)
(0.0591225 -0.0985416 0)
(0.0672053 -0.0953612 0)
(0.0745683 -0.0904217 0)
(0.0811766 -0.0841783 0)
(0.0870457 -0.0770331 0)
(0.0922221 -0.0693214 0)
(0.0967676 -0.0613104 0)
(0.100748 -0.0532026 0)
(0.104226 -0.0451452 0)
(0.107257 -0.0372396 0)
(0.109886 -0.0295513 0)
(0.112151 -0.0221181 0)
(0.114077 -0.014958 0)
(0.115683 -0.00807438 0)
(0.116981 -0.00146061 0)
(0.117975 0.00489624 0)
(0.11866 0.0110137 0)
(0.119029 0.016911 0)
(0.119063 0.0226083 0)
(0.11874 0.0281253 0)
(0.118026 0.0334803 0)
(0.116884 0.0386905 0)
(0.115266 0.0437725 0)
(0.113118 0.0487454 0)
(0.110383 0.0536355 0)
(0.106998 0.0584864 0)
(0.102905 0.063377 0)
(0.098056 0.0684474 0)
(0.0924225 0.0739342 0)
(0.0860166 0.0801995 0)
(0.0789088 0.0877187 0)
(0.071244 0.0969654 0)
(0.0632345 0.108125 0)
(0.0551115 0.120644 0)
(0.0470317 0.132819 0)
(0.0389837 0.141796 0)
(0.030785 0.144324 0)
(0.0222209 0.138058 0)
(0.0132593 0.122586 0)
(0.00417014 0.0994443 0)
(-0.00454727 0.0712212 0)
(-0.0123413 0.0405307 0)
(-0.0187332 0.00942412 0)
(-0.023358 -0.0205545 0)
(-0.0259825 -0.0481058 0)
(-0.0264683 -0.0718383 0)
(-0.0248086 -0.0900338 0)
(-0.0211818 -0.100667 0)
(-0.0160021 -0.101567 0)
(-0.0100382 -0.0906883 0)
(-0.004167 -0.0663696 0)
(-0.000657651 -0.0274474 0)
(0.000347023 -0.0154359 0)
(0.00295992 -0.0413878 0)
(0.00831315 -0.0628712 0)
(0.0152635 -0.0800528 0)
(0.0233842 -0.0929752 0)
(0.0320963 -0.101756 0)
(0.0409209 -0.106659 0)
(0.0494778 -0.108096 0)
(0.0575007 -0.106589 0)
(0.064833 -0.102708 0)
(0.071409 -0.0970171 0)
(0.0772304 -0.0900293 0)
(0.0823424 -0.0821842 0)
(0.0868132 -0.0738369 0)
(0.0907185 -0.0652606 0)
(0.0941317 -0.0566553 0)
(0.0971177 -0.0481604 0)
(0.0997306 -0.0398676 0)
(0.102013 -0.0318319 0)
(0.103998 -0.0240816 0)
(0.105708 -0.0166256 0)
(0.107158 -0.00945973 0)
(0.108357 -0.00257035 0)
(0.109309 0.00406177 0)
(0.110008 0.0104604 0)
(0.110448 0.0166512 0)
(0.110614 0.0226611 0)
(0.110485 0.0285169 0)
(0.110034 0.0342444 0)
(0.109226 0.0398684 0)
(0.108018 0.0454129 0)
(0.106362 0.0509032 0)
(0.104202 0.0563699 0)
(0.10148 0.0618578 0)
(0.0981363 0.0674402 0)
(0.0941221 0.0732424 0)
(0.0894056 0.079472 0)
(0.0839916 0.0864427 0)
(0.0779408 0.0945636 0)
(0.0713875 0.104236 0)
(0.0645351 0.115597 0)
(0.0576117 0.128122 0)
(0.0507743 0.140231 0)
(0.0440033 0.149255 0)
(0.0370753 0.152074 0)
(0.0296876 0.146287 0)
(0.0216847 0.131241 0)
(0.0132205 0.108184 0)
(0.00473478 0.0795248 0)
(-0.00320709 0.0478444 0)
(-0.0100666 0.0153018 0)
(-0.0154222 -0.0164499 0)
(-0.0189905 -0.0459862 0)
(-0.0205939 -0.0718014 0)
(-0.0201669 -0.0920297 0)
(-0.0178143 -0.104444 0)
(-0.0138508 -0.106605 0)
(-0.00892408 -0.0961347 0)
(-0.0038098 -0.0709893 0)
(-0.000630367 -0.0296454 0)
(0.000370901 -0.0170311 0)
(0.00307186 -0.0455514 0)
(0.00851265 -0.0690151 0)
(0.0154514 -0.0875758 0)
(0.0234174 -0.101293 0)
(0.0318071 -0.110344 0)
(0.0401453 -0.11509 0)
(0.0480764 -0.116062 0)
(0.0553726 -0.113897 0)
(0.0619208 -0.109269 0)
(0.0676973 -0.102817 0)
(0.0727393 -0.0951096 0)
(0.0771185 -0.0866135 0)
(0.0809206 -0.0776952 0)
(0.0842309 -0.0686267 0)
(0.0871256 -0.0595997 0)
(0.0896683 -0.0507421 0)
(0.0919091 -0.0421333 0)
(0.0938856 -0.0338169 0)
(0.0956246 -0.0258112 0)
(0.0971444 -0.018117 0)
(0.0984559 -0.010723 0)
(0.0995648 -0.00360994 0)
(0.100472 0.00324654 0)
(0.101174 0.00987492 0)
(0.101663 0.0163061 0)
(0.101928 0.0225723 0)
(0.101951 0.0287065 0)
(0.10171 0.034741 0)
(0.101176 0.0407078 0)
(0.100312 0.0466379 0)
(0.0990752 0.0525634 0)
(0.0974174 0.05852 0)
(0.0952846 0.0645545 0)
(0.0926224 0.0707372 0)
(0.0893817 0.0771814 0)
(0.0855291 0.0840687 0)
(0.0810629 0.091669 0)
(0.0760324 0.100328 0)
(0.0705555 0.110377 0)
(0.0648183 0.121905 0)
(0.0590348 0.134406 0)
(0.0533567 0.146422 0)
(0.0477636 0.155482 0)
(0.0420187 0.158625 0)
(0.0357693 0.153439 0)
(0.0287675 0.139052 0)
(0.0210602 0.116402 0)
(0.0130085 0.0876659 0)
(0.00515389 0.0553525 0)
(-0.00194375 0.0216677 0)
(-0.00781134 -0.0116093 0)
(-0.0121231 -0.0429234 0)
(-0.0146724 -0.0706577 0)
(-0.015348 -0.0928137 0)
(-0.014195 -0.106985 0)
(-0.0114388 -0.110493 0)
(-0.0076035 -0.100641 0)
(-0.00334839 -0.0749969 0)
(-0.000581826 -0.0316302 0)
(0.000390061 -0.0186813 0)
(0.0031511 -0.0497868 0)
(0.00862594 -0.0751661 0)
(0.0154862 -0.0949804 0)
(0.0232224 -0.109333 0)
(0.0312139 -0.118489 0)
(0.0389978 -0.122932 0)
(0.0462507 -0.123325 0)
(0.0527882 -0.120434 0)
(0.058543 -0.115032 0)
(0.0635327 -0.107833 0)
(0.0678266 -0.099448 0)
(0.0715187 -0.090363 0)
(0.074707 -0.0809469 0)
(0.0774811 -0.0714632 0)
(0.0799163 -0.0620906 0)
(0.0820715 -0.0529421 0)
(0.0839907 -0.0440833 0)
(0.0857045 -0.035546 0)
(0.0872335 -0.0273391 0)
(0.0885902 -0.0194557 0)
(0.0897816 -0.011879 0)
(0.0908102 -0.00458521 0)
(0.0916751 0.00245389 0)
(0.0923725 0.00927007 0)
(0.0928954 0.0158979 0)
(0.0932346 0.022374 0)
(0.0933764 0.0287357 0)
(0.0933025 0.0350212 0)
(0.0929896 0.0412683 0)
(0.0924084 0.0475148 0)
(0.0915233 0.053799 0)
(0.0902923 0.0601625 0)
(0.0886689 0.066655 0)
(0.0866039 0.0733458 0)
(0.0840515 0.0803388 0)
(0.0809782 0.0877943 0)
(0.0773769 0.0959436 0)
(0.0732857 0.105076 0)
(0.0688045 0.115455 0)
(0.0640974 0.127123 0)
(0.0593587 0.139586 0)
(0.0547308 0.151498 0)
(0.0501977 0.160583 0)
(0.0455287 0.164055 0)
(0.0403525 0.159529 0)
(0.0343595 0.145948 0)
(0.0275019 0.123947 0)
(0.0200521 0.0954395 0)
(0.0125009 0.0628129 0)
(0.00539834 0.0282945 0)
(-0.000758508 -0.00624495 0)
(-0.00560372 -0.039112 0)
(-0.0089082 -0.0685713 0)
(-0.0105285 -0.0925057 0)
(-0.0104637 -0.108354 0)
(-0.00886379 -0.113229 0)
(-0.0061321 -0.10415 0)
(-0.00280307 -0.0783077 0)
(-0.000514438 -0.033347 0)
(0.000405189 -0.0203695 0)
(0.00319927 -0.054052 0)
(0.00865517 -0.0812641 0)
(0.0153713 -0.102196 0)
(0.0228065 -0.117022 0)
(0.0303327 -0.126124 0)
(0.0375083 -0.13013 0)
(0.0440485 -0.129853 0)
(0.0498163 -0.126189 0)
(0.0547905 -0.120011 0)
(0.059027 -0.112099 0)
(0.0626229 -0.103093 0)
(0.0656886 -0.0934912 0)
(0.068329 -0.0836551 0)
(0.0706336 -0.0738338 0)
(0.0726727 -0.0641882 0)
(0.0744981 -0.0548149 0)
(0.0761456 -0.0457648 0)
(0.0776385 -0.0370584 0)
(0.0789906 -0.0286958 0)
(0.0802092 -0.0206642 0)
(0.0812971 -0.012942 0)
(0.0822541 -0.00550228 0)
(0.0830781 0.00168557 0)
(0.0837649 0.00865548 0)
(0.0843085 0.0154445 0)
(0.0847014 0.0220922 0)
(0.084933 0.0286394 0)
(0.0849895 0.0351287 0)
(0.0848527 0.0416029 0)
(0.0844996 0.0481055 0)
(0.0839015 0.0546809 0)
(0.083024 0.0613761 0)
(0.0818275 0.068245 0)
(0.0802694 0.0753569 0)
(0.078308 0.0828097 0)
(0.0759111 0.0907463 0)
(0.0730678 0.0993651 0)
(0.0698062 0.108905 0)
(0.066209 0.11957 0)
(0.0624176 0.131355 0)
(0.058604 0.143775 0)
(0.0548997 0.155581 0)
(0.051296 0.164678 0)
(0.0475811 0.168461 0)
(0.0433897 0.164599 0)
(0.0383778 0.151898 0)
(0.0324203 0.13071 0)
(0.0256979 0.102672 0)
(0.0186323 0.0700142 0)
(0.0117405 0.0349483 0)
(0.00551913 -0.000577955 0)
(0.0003563 -0.0347568 0)
(-0.00349814 -0.0657271 0)
(-0.00588327 -0.0912556 0)
(-0.00676445 -0.10865 0)
(-0.0062314 -0.114852 0)
(-0.00457346 -0.106642 0)
(-0.00219862 -0.0808672 0)
(-0.0004315 -0.0347531 0)
(0.000416646 -0.0220796 0)
(0.00321777 -0.0583062 0)
(0.00860371 -0.0872514 0)
(0.0151139 -0.109156 0)
(0.0221842 -0.124295 0)
(0.0291892 -0.133195 0)
(0.0357174 -0.136649 0)
(0.0415285 -0.135633 0)
(0.0465347 -0.131175 0)
(0.0507591 -0.12424 0)
(0.054292 -0.115663 0)
(0.0572525 -0.106107 0)
(0.0597616 -0.0960667 0)
(0.0619256 -0.0858896 0)
(0.0638294 -0.0758049 0)
(0.0655354 -0.0659534 0)
(0.0670864 -0.0564136 0)
(0.0685091 -0.0472225 0)
(0.0698189 -0.0383899 0)
(0.0710232 -0.0299088 0)
(0.0721245 -0.0217613 0)
(0.0731221 -0.0139232 0)
(0.0740139 -0.00636531 0)
(0.0747967 0.000944279 0)
(0.0754664 0.00804053 0)
(0.0760178 0.014962 0)
(0.0764454 0.0217501 0)
(0.0767412 0.0284483 0)
(0.0768951 0.0351022 0)
(0.0768934 0.041759 0)
(0.0767185 0.048467 0)
(0.0763481 0.0552759 0)
(0.0757543 0.0622379 0)
(0.0749043 0.0694114 0)
(0.0737617 0.0768672 0)
(0.0722896 0.0846993 0)
(0.0704578 0.093037 0)
(0.0682533 0.102051 0)
(0.0656958 0.111938 0)
(0.0628529 0.122847 0)
(0.0598444 0.134731 0)
(0.0568213 0.147106 0)
(0.0539036 0.158805 0)
(0.0510918 0.167897 0)
(0.0482009 0.171954 0)
(0.0448886 0.168724 0)
(0.0408 0.156911 0)
(0.035752 0.136625 0)
(0.0298393 0.109229 0)
(0.0234032 0.0767742 0)
(0.0169103 0.04142 0)
(0.0108359 0.00516659 0)
(0.00557297 -0.0300762 0)
(0.00138308 -0.0623227 0)
(-0.00157073 -0.0892362 0)
(-0.00323247 -0.108005 0)
(-0.00364491 -0.115442 0)
(-0.00299324 -0.108138 0)
(-0.00156234 -0.082653 0)
(-0.000337132 -0.0358203 0)
(0.000424605 -0.0237964 0)
(0.00320795 -0.0625106 0)
(0.00847595 -0.0930738 0)
(0.0147241 -0.115802 0)
(0.0213744 -0.131098 0)
(0.027815 -0.139661 0)
(0.0336719 -0.14247 0)
(0.0387536 -0.14067 0)
(0.0430217 -0.135418 0)
(0.0465408 -0.127766 0)
(0.0494302 -0.11859 0)
(0.0518247 -0.10856 0)
(0.0538501 -0.098162 0)
(0.0556092 -0.087721 0)
(0.0571789 -0.077442 0)
(0.0586112 -0.0674439 0)
(0.0599383 -0.0577874 0)
(0.0611778 -0.0484963 0)
(0.0623373 -0.0395717 0)
(0.0634183 -0.0310007 0)
(0.0644192 -0.0227624 0)
(0.0653366 -0.0148308 0)
(0.0661668 -0.00717607 0)
(0.0669064 0.000234178 0)
(0.0675516 0.00743509 0)
(0.0680982 0.014466 0)
(0.0685423 0.0213693 0)
(0.0688786 0.0281903 0)
(0.0690996 0.0349771 0)
(0.0691956 0.04178 0)
(0.0691534 0.0486516 0)
(0.0689556 0.0556462 0)
(0.0685802 0.062821 0)
(0.0680002 0.0702389 0)
(0.0671845 0.077973 0)
(0.066101 0.0861153 0)
(0.0647218 0.0947845 0)
(0.0630328 0.104129 0)
(0.0610476 0.114308 0)
(0.0588209 0.125424 0)
(0.0564545 0.137389 0)
(0.0540802 0.149718 0)
(0.0518083 0.161311 0)
(0.0496495 0.170378 0)
(0.0474496 0.174658 0)
(0.0449009 0.171993 0)
(0.0416559 0.161028 0)
(0.0374936 0.141666 0)
(0.0324329 0.115019 0)
(0.0267328 0.0829441 0)
(0.0207962 0.0475227 0)
(0.0150606 0.0107803 0)
(0.00990655 -0.0252874 0)
(0.0055945 -0.0585729 0)
(0.00227656 -0.0866345 0)
(1.58441e-05 -0.106575 0)
(-0.00119712 -0.115109 0)
(-0.00145361 -0.108696 0)
(-0.000921731 -0.0836743 0)
(-0.00023601 -0.0365355 0)
(0.000429169 -0.0255051 0)
(0.00317124 -0.0666289 0)
(0.00827717 -0.0986821 0)
(0.0142139 -0.122081 0)
(0.0203991 -0.137387 0)
(0.0262441 -0.145496 0)
(0.0314195 -0.147589 0)
(0.035785 -0.144982 0)
(0.0393504 -0.13896 0)
(0.0422176 -0.130646 0)
(0.0445286 -0.120945 0)
(0.0464283 -0.110525 0)
(0.0480415 -0.0998493 0)
(0.0494636 -0.0892169 0)
(0.0507603 -0.0788056 0)
(0.0519718 -0.0687118 0)
(0.0531194 -0.0589794 0)
(0.0542113 -0.0496208 0)
(0.055248 -0.0406298 0)
(0.0562257 -0.0319901 0)
(0.0571394 -0.0236791 0)
(0.0579838 -0.0156703 0)
(0.0587544 -0.00793451 0)
(0.0594477 -0.000439514 0)
(0.0600606 0.00684933 0)
(0.0605901 0.0139715 0)
(0.0610338 0.02097 0)
(0.0613883 0.0278914 0)
(0.0616487 0.0347856 0)
(0.0618081 0.0417057 0)
(0.0618567 0.0487075 0)
(0.061781 0.0558497 0)
(0.0615635 0.0631942 0)
(0.0611816 0.070808 0)
(0.0606091 0.0787674 0)
(0.0598176 0.0871632 0)
(0.0587816 0.0961066 0)
(0.0574869 0.105727 0)
(0.0559426 0.116152 0)
(0.0541937 0.127443 0)
(0.0523274 0.139474 0)
(0.0504601 0.151754 0)
(0.0486948 0.163237 0)
(0.0470534 0.172255 0)
(0.0454146 0.176699 0)
(0.0435115 0.174511 0)
(0.0410184 0.164312 0)
(0.0376939 0.145842 0)
(0.0334959 0.119986 0)
(0.0286041 0.088409 0)
(0.0233515 0.053095 0)
(0.0181245 0.0160712 0)
(0.0132739 -0.0205954 0)
(0.0090424 -0.0546831 0)
(0.00556169 -0.0836514 0)
(0.00288869 -0.104531 0)
(0.00103454 -0.113984 0)
(-8.89404e-06 -0.108403 0)
(-0.000302151 -0.0839684 0)
(-0.000132914 -0.036901 0)
(0.000430441 -0.027192 0)
(0.00310935 -0.0706275 0)
(0.00801337 -0.104033 0)
(0.0135964 -0.127949 0)
(0.0192808 -0.143128 0)
(0.0245106 -0.150684 0)
(0.0290058 -0.152011 0)
(0.0326786 -0.1486 0)
(0.0355845 -0.141848 0)
(0.0378572 -0.132942 0)
(0.0396559 -0.122798 0)
(0.0411294 -0.112071 0)
(0.042397 -0.101196 0)
(0.0435431 -0.0904386 0)
(0.0446204 -0.0799493 0)
(0.0456567 -0.0698023 0)
(0.046662 -0.0600264 0)
(0.0476357 -0.0506244 0)
(0.0485719 -0.0415857 0)
(0.0494623 -0.0328918 0)
(0.0502992 -0.0245202 0)
(0.051076 -0.0164455 0)
(0.0517877 -0.00863948 0)
(0.0524314 -0.00107124 0)
(0.0530046 0.00629315 0)
(0.0535056 0.0134929 0)
(0.0539333 0.0205712 0)
(0.0542859 0.0275756 0)
(0.0545603 0.0345576 0)
(0.0547517 0.0415724 0)
(0.0548528 0.048679 0)
(0.0548529 0.0559398 0)
(0.0547374 0.063421 0)
(0.0544874 0.0711939 0)
(0.0540799 0.0793378 0)
(0.0534898 0.0879436 0)
(0.0526937 0.0971161 0)
(0.0516778 0.106969 0)
(0.0504485 0.117603 0)
(0.0490439 0.129041 0)
(0.0475405 0.141125 0)
(0.0460434 0.153353 0)
(0.0446518 0.164719 0)
(0.0434 0.173658 0)
(0.0422001 0.178198 0)
(0.0408293 0.176384 0)
(0.0389933 0.166839 0)
(0.0364456 0.149182 0)
(0.0330984 0.124103 0)
(0.0290603 0.0930841 0)
(0.0245922 0.0580016 0)
(0.0200197 0.0208676 0)
(0.015648 -0.0161923 0)
(0.0116852 -0.0508505 0)
(0.00823084 -0.0804754 0)
(0.00532513 -0.102048 0)
(0.00299241 -0.112218 0)
(0.00129651 -0.107365 0)
(0.000274386 -0.0835958 0)
(-3.23041e-05 -0.0369326 0)
(0.000428552 -0.0288441 0)
(0.00302416 -0.074476 0)
(0.00769092 -0.109087 0)
(0.0128848 -0.133374 0)
(0.0180418 -0.148301 0)
(0.0226463 -0.155223 0)
(0.0264717 -0.155756 0)
(0.0294823 -0.151559 0)
(0.0317757 -0.144136 0)
(0.033512 -0.134716 0)
(0.0348617 -0.124215 0)
(0.035972 -0.113264 0)
(0.0369529 -0.102262 0)
(0.0378757 -0.0914394 0)
(0.0387789 -0.0809186 0)
(0.0396772 -0.0707529 0)
(0.0405703 -0.0609581 0)
(0.0414494 -0.0515304 0)
(0.0423027 -0.0424562 0)
(0.0431184 -0.0337172 0)
(0.0438867 -0.0252926 0)
(0.0446 -0.0171587 0)
(0.0452535 -0.0092896 0)
(0.0458445 -0.00165582 0)
(0.0463717 0.00577546 0)
(0.0468342 0.0130429 0)
(0.0472321 0.0201899 0)
(0.0475647 0.0272646 0)
(0.0478303 0.0343199 0)
(0.0480253 0.0414134 0)
(0.0481441 0.0486065 0)
(0.0481776 0.0559653 0)
(0.0481132 0.0635599 0)
(0.0479342 0.0714658 0)
(0.0476198 0.0797654 0)
(0.0471473 0.0885499 0)
(0.0464953 0.097919 0)
(0.0456508 0.107973 0)
(0.0446189 0.118787 0)
(0.0434335 0.130352 0)
(0.0421645 0.142477 0)
(0.0409103 0.154645 0)
(0.0397697 0.165883 0)
(0.0387911 0.174708 0)
(0.03792 0.179269 0)
(0.0369787 0.177714 0)
(0.03571 0.168689 0)
(0.0338751 0.151729 0)
(0.0313543 0.127364 0)
(0.0281957 0.0969088 0)
(0.0245897 0.0621319 0)
(0.0207941 0.0250204 0)
(0.0170542 -0.0122502 0)
(0.0135274 -0.0472557 0)
(0.0102699 -0.0772849 0)
(0.00729718 -0.0992926 0)
(0.00464163 -0.109958 0)
(0.00243087 -0.105705 0)
(0.000790371 -0.0826359 0)
(6.17307e-05 -0.0366576 0)
(0.000423667 -0.0304493 0)
(0.00291765 -0.0781475 0)
(0.00731617 -0.113814 0)
(0.0120919 -0.138325 0)
(0.0167025 -0.152889 0)
(0.0206794 -0.159116 0)
(0.0238516 -0.158847 0)
(0.0262346 -0.153902 0)
(0.0279632 -0.145876 0)
(0.0292187 -0.136026 0)
(0.0301769 -0.125256 0)
(0.0309795 -0.114161 0)
(0.0317241 -0.103098 0)
(0.032467 -0.0922639 0)
(0.0332323 -0.0817505 0)
(0.0340223 -0.0715935 0)
(0.0348265 -0.0617984 0)
(0.035629 -0.0523567 0)
(0.0364131 -0.0432546 0)
(0.037164 -0.0344757 0)
(0.0378702 -0.0260017 0)
(0.0385236 -0.0178122 0)
(0.0391195 -0.00988381 0)
(0.0396559 -0.00218903 0)
(0.0401319 0.00530373 0)
(0.0405478 0.0126325 0)
(0.0409041 0.0198407 0)
(0.0412011 0.0269775 0)
(0.0414376 0.0340969 0)
(0.0416109 0.0412586 0)
(0.0417158 0.0485268 0)
(0.0417443 0.0559707 0)
(0.0416845 0.0636644 0)
(0.0415207 0.0716873 0)
(0.0412339 0.0801247 0)
(0.0408026 0.0890681 0)
(0.0402072 0.0986128 0)
(0.0394357 0.108846 0)
(0.0384936 0.119821 0)
(0.0374134 0.131497 0)
(0.0362619 0.143651 0)
(0.0351355 0.15575 0)
(0.0341365 0.166842 0)
(0.0333295 0.17551 0)
(0.0326927 0.180011 0)
(0.0320931 0.178592 0)
(0.0313141 0.169937 0)
(0.0301328 0.153529 0)
(0.0284108 0.129773 0)
(0.026146 0.0998407 0)
(0.0234616 0.0653971 0)
(0.020543 0.0284043 0)
(0.0175627 -0.00891732 0)
(0.014613 -0.0440563 0)
(0.0116982 -0.0742381 0)
(0.00880356 -0.0964196 0)
(0.00596808 -0.10735 0)
(0.00337641 -0.103548 0)
(0.00123381 -0.0811784 0)
(0.00014597 -0.0361123 0)
(0.00041597 -0.0319968 0)
(0.00279175 -0.0816179 0)
(0.00689504 -0.118186 0)
(0.0112292 -0.142784 0)
(0.0152804 -0.156887 0)
(0.0186331 -0.162374 0)
(0.0211731 -0.16131 0)
(0.022964 -0.155669 0)
(0.0241738 -0.147118 0)
(0.0249991 -0.136927 0)
(0.0256165 -0.125974 0)
(0.026158 -0.11481 0)
(0.026707 -0.103748 0)
(0.0273042 -0.0929472 0)
(0.0279595 -0.0824737 0)
(0.0286631 -0.072347 0)
(0.0293958 -0.0625649 0)
(0.0301351 -0.0531171 0)
(0.0308603 -0.0439912 0)
(0.031554 -0.0351743 0)
(0.0322036 -0.0266522 0)
(0.0328005 -0.0184081 0)
(0.0333401 -0.0104218 0)
(0.0338207 -0.00266791 0)
(0.0342422 0.00488376 0)
(0.0346049 0.0122706 0)
(0.0349101 0.0195364 0)
(0.0351581 0.026731 0)
(0.0353479 0.03391 0)
(0.0354769 0.041135 0)
(0.0355397 0.048473 0)
(0.0355283 0.0559965 0)
(0.0354308 0.0637832 0)
(0.0352319 0.0719162 0)
(0.0349129 0.0804834 0)
(0.0344535 0.0895765 0)
(0.0338354 0.0992858 0)
(0.0330486 0.109687 0)
(0.0320999 0.12081 0)
(0.031023 0.132585 0)
(0.0298858 0.144757 0)
(0.0287868 0.156774 0)
(0.0278358 0.167693 0)
(0.0271158 0.176155 0)
(0.0266374 0.180507 0)
(0.0263109 0.179091 0)
(0.0259607 0.170644 0)
(0.0253861 0.154624 0)
(0.0244394 0.131341 0)
(0.0230778 0.101849 0)
(0.0213615 0.0677268 0)
(0.0193987 0.0309174 0)
(0.0172788 -0.00631438 0)
(0.0150173 -0.0413816 0)
(0.0125608 -0.0714674 0)
(0.00986386 -0.0935628 0)
(0.00697354 -0.104526 0)
(0.00412618 -0.101016 0)
(0.00159803 -0.0793181 0)
(0.000218331 -0.0353384 0)
(0.000405642 -0.0334766 0)
(0.00264824 -0.0848659 0)
(0.00643275 -0.122179 0)
(0.0103063 -0.146734 0)
(0.0137902 -0.160292 0)
(0.0165259 -0.16501 0)
(0.0184561 -0.163176 0)
(0.0196899 -0.1569 0)
(0.0204231 -0.147909 0)
(0.0208626 -0.137467 0)
(0.0211813 -0.126414 0)
(0.0214994 -0.115251 0)
(0.0218842 -0.104244 0)
(0.022361 -0.0935161 0)
(0.022926 -0.0831093 0)
(0.0235586 -0.0730299 0)
(0.0242316 -0.0632705 0)
(0.0249172 -0.0538214 0)
(0.0255909 -0.0446736 0)
(0.0262335 -0.035819 0)
(0.026831 -0.0272482 0)
(0.0273748 -0.0189489 0)
(0.02786 -0.010904 0)
(0.028285 -0.00309087 0)
(0.0286498 0.00451962 0)
(0.028955 0.0119643 0)
(0.0292014 0.0192873 0)
(0.0293892 0.0265394 0)
(0.0295171 0.0337779 0)
(0.0295817 0.0410665 0)
(0.0295771 0.0484751 0)
(0.0294942 0.0560793 0)
(0.0293208 0.0639605 0)
(0.0290409 0.0722049 0)
(0.0286358 0.0809027 0)
(0.0280859 0.0901452 0)
(0.0273745 0.100017 0)
(0.0264936 0.110582 0)
(0.0254535 0.121847 0)
(0.0242917 0.133712 0)
(0.0230804 0.145889 0)
(0.0219249 0.157804 0)
(0.0209465 0.168517 0)
(0.0202484 0.176713 0)
(0.0198733 0.180818 0)
(0.0197727 0.179268 0)
(0.0198113 0.170857 0)
(0.0198132 0.155042 0)
(0.0196281 0.132071 0)
(0.0191798 0.102908 0)
(0.0184674 0.0690668 0)
(0.0175187 0.0324826 0)
(0.0163307 -0.00453215 0)
(0.014835 -0.0393289 0)
(0.0129192 -0.0690757 0)
(0.0105114 -0.0908325 0)
(0.00767094 -0.101603 0)
(0.00468132 -0.0982261 0)
(0.0018804 -0.0771502 0)
(0.000277583 -0.0343807 0)
(0.000392842 -0.0348794 0)
(0.0024886 -0.0878728 0)
(0.00593353 -0.125775 0)
(0.00933093 -0.150164 0)
(0.0122427 -0.163105 0)
(0.0143709 -0.16704 0)
(0.0157141 -0.164472 0)
(0.0164232 -0.157634 0)
(0.0167169 -0.148288 0)
(0.0168078 -0.137684 0)
(0.0168615 -0.12661 0)
(0.0169843 -0.115512 0)
(0.0172274 -0.10461 0)
(0.0176008 -0.0939889 0)
(0.0180881 -0.0836714 0)
(0.0186592 -0.0736528 0)
(0.0192798 -0.0639236 0)
(0.0199175 -0.0544765 0)
(0.0205449 -0.0453076 0)
(0.0211409 -0.0364145 0)
(0.0216906 -0.0277936 0)
(0.0221846 -0.0194373 0)
(0.0226179 -0.011332 0)
(0.0229884 -0.00345759 0)
(0.0232959 0.00421385 0)
(0.0235403 0.0117188 0)
(0.0237221 0.0191019 0)
(0.0238406 0.026415 0)
(0.0238933 0.0337172 0)
(0.0238759 0.0410747 0)
(0.023781 0.04856 0)
(0.0235984 0.0562523 0)
(0.0233143 0.0642361 0)
(0.022912 0.0726007 0)
(0.0223723 0.0814378 0)
(0.0216762 0.0908373 0)
(0.0208087 0.100878 0)
(0.0197654 0.111608 0)
(0.0185612 0.123012 0)
(0.0172401 0.134959 0)
(0.0158826 0.147126 0)
(0.0146048 0.158912 0)
(0.0135431 0.169374 0)
(0.0128233 0.177233 0)
(0.0125193 0.180986 0)
(0.0126211 0.179153 0)
(0.0130314 0.170599 0)
(0.0135994 0.154799 0)
(0.0141755 0.131963 0)
(0.0146535 0.102998 0)
(0.0149721 0.0693775 0)
(0.0150739 0.033048 0)
(0.014858 -0.00362866 0)
(0.0141694 -0.0379609 0)
(0.0128418 -0.0671339 0)
(0.0107859 -0.0883144 0)
(0.00807921 -0.0986838 0)
(0.005048 -0.0952859 0)
(0.00208117 -0.0747677 0)
(0.000323159 -0.0332845 0)
(0.00037769 -0.0361968 0)
(0.00231394 -0.0906215 0)
(0.00540058 -0.128958 0)
(0.00830887 -0.153065 0)
(0.0106459 -0.165329 0)
(0.0121769 -0.168482 0)
(0.0129546 -0.165226 0)
(0.0131677 -0.157901 0)
(0.0130533 -0.148291 0)
(0.012825 -0.13761 0)
(0.0126388 -0.126589 0)
(0.0125857 -0.115616 0)
(0.012701 -0.10486 0)
(0.0129805 -0.0943768 0)
(0.0133964 -0.0841678 0)
(0.0139101 -0.0742217 0)
(0.0144815 -0.064529 0)
(0.0150743 -0.0550866 0)
(0.0156585 -0.0458971 0)
(0.0162113 -0.0369648 0)
(0.0167167 -0.0282921 0)
(0.0171645 -0.0198764 0)
(0.0175486 -0.0117079 0)
(0.0178665 -0.00376878 0)
(0.0181169 0.00396767 0)
(0.0182989 0.0115378 0)
(0.0184116 0.0189867 0)
(0.0184529 0.0263678 0)
(0.0184191 0.0337422 0)
(0.0183039 0.0411784 0)
(0.0180983 0.0487521 0)
(0.0177901 0.0565455 0)
(0.017364 0.0646463 0)
(0.0168019 0.0731462 0)
(0.0160843 0.0821378 0)
(0.0151929 0.0917082 0)
(0.0141151 0.101928 0)
(0.012851 0.112829 0)
(0.0114225 0.124373 0)
(0.00988285 0.136392 0)
(0.00832447 0.148527 0)
(0.00687796 0.160147 0)
(0.00569857 0.170304 0)
(0.00493623 0.177742 0)
(0.00469548 0.181024 0)
(0.0050015 0.178756 0)
(0.00579082 0.169874 0)
(0.00693524 0.15389 0)
(0.00828593 0.131006 0)
(0.0097066 0.1021 0)
(0.0110726 0.0686354 0)
(0.012237 0.0325894 0)
(0.0129987 -0.00362691 0)
(0.0131213 -0.0373038 0)
(0.012395 -0.0656815 0)
(0.0107266 -0.0860695 0)
(0.00821879 -0.0958517 0)
(0.00523468 -0.0922929 0)
(0.00220219 -0.0722592 0)
(0.000354929 -0.032095 0)
(0.00036025 -0.0374208 0)
(0.00212502 -0.0930964 0)
(0.00483607 -0.131711 0)
(0.00724389 -0.155429 0)
(0.0090047 -0.16697 0)
(0.00994855 -0.169349 0)
(0.0101802 -0.165461 0)
(0.00992181 -0.15773 0)
(0.00942411 -0.147944 0)
(0.00889849 -0.137268 0)
(0.00848909 -0.12637 0)
(0.00827126 -0.115574 0)
(0.00826507 -0.105004 0)
(0.00845329 -0.0946844 0)
(0.00879815 -0.0846011 0)
(0.00925402 -0.0747381 0)
(0.00977588 -0.065088 0)
(0.010324 -0.0556536 0)
(0.0108663 -0.0464447 0)
(0.0113781 -0.0374729 0)
(0.0118422 -0.028747 0)
(0.0122469 -0.0202694 0)
(0.012585 -0.0120342 0)
(0.0128525 -0.00402585 0)
(0.0130468 0.0037814 0)
(0.0131652 0.0114238 0)
(0.0132052 0.0189474 0)
(0.013163 0.026407 0)
(0.0130325 0.0338657 0)
(0.0128054 0.0413949 0)
(0.0124704 0.0490733 0)
(0.0120133 0.056986 0)
(0.0114169 0.0652236 0)
(0.0106617 0.0738796 0)
(0.009728 0.0830461 0)
(0.00859874 0.0928058 0)
(0.00726483 0.103219 0)
(0.00573243 0.1143 0)
(0.00403251 0.125981 0)
(0.0022308 0.138059 0)
(0.000435071 0.150134 0)
(-0.00120564 0.161542 0)
(-0.00251425 0.171322 0)
(-0.00331543 0.178242 0)
(-0.00347559 0.180925 0)
(-0.00293828 0.178059 0)
(-0.0017382 0.168662 0)
(1.41079e-05 0.152295 0)
(0.00216555 0.12918 0)
(0.00454507 0.100199 0)
(0.00696024 0.0668359 0)
(0.00917067 0.0311138 0)
(0.0108791 -0.00451307 0)
(0.0117795 -0.0373482 0)
(0.0116361 -0.0647282 0)
(0.0103678 -0.0841374 0)
(0.00810837 -0.0931767 0)
(0.00525006 -0.0893361 0)
(0.00224603 -0.0697089 0)
(0.000373 -0.0308558 0)
(0.000340526 -0.0385436 0)
(0.00192217 -0.0952826 0)
(0.0042412 -0.134022 0)
(0.00613818 -0.157251 0)
(0.00732175 -0.168032 0)
(0.00768773 -0.169657 0)
(0.00738995 -0.165197 0)
(0.00667986 -0.157143 0)
(0.00581744 -0.147266 0)
(0.00500881 -0.136674 0)
(0.00438496 -0.125961 0)
(0.00400583 -0.115392 0)
(0.0038773 -0.105043 0)
(0.00397073 -0.0949101 0)
(0.00423991 -0.0849688 0)
(0.00463333 -0.0751997 0)
(0.00510195 -0.0655992 0)
(0.00560331 -0.0561772 0)
(0.00610302 -0.0469514 0)
(0.00657478 -0.0379409 0)
(0.00699945 -0.0291611 0)
(0.00736373 -0.0206194 0)
(0.00765852 -0.0123137 0)
(0.00787793 -0.00423059 0)
(0.00801719 0.0036548 0)
(0.00807143 0.0113789 0)
(0.00803585 0.0189885 0)
(0.00790411 0.0265401 0)
(0.0076678 0.0340992 0)
(0.007316 0.0417397 0)
(0.0068349 0.0495434 0)
(0.00620783 0.0575982 0)
(0.00541566 0.0659971 0)
(0.00443796 0.0748343 0)
(0.00325514 0.0842 0)
(0.00185238 0.0941708 0)
(0.000225289 0.104794 0)
(-0.00161204 0.116062 0)
(-0.00361682 0.127876 0)
(-0.00570755 0.139992 0)
(-0.00775715 0.151967 0)
(-0.00959425 0.163102 0)
(-0.011018 0.17242 0)
(-0.011828 0.178709 0)
(-0.0118643 0.180651 0)
(-0.0110444 0.177019 0)
(-0.00938052 0.166918 0)
(-0.00697241 0.149978 0)
(-0.00398522 0.126463 0)
(-0.000634244 0.097292 0)
(0.00281151 0.0639978 0)
(0.00601817 0.0286622 0)
(0.00860441 -0.00623619 0)
(0.0102149 -0.0380518 0)
(0.0106095 -0.0642587 0)
(0.00973639 -0.0825407 0)
(0.00776347 -0.0907178 0)
(0.00510219 -0.0864971 0)
(0.00221545 -0.0671968 0)
(0.000377601 -0.0296095 0)
(0.000318464 -0.0395576 0)
(0.00170546 -0.0971657 0)
(0.00361644 -0.135879 0)
(0.00499273 -0.158526 0)
(0.005598 -0.168517 0)
(0.00539412 -0.169417 0)
(0.0045806 -0.164451 0)
(0.00343378 -0.156156 0)
(0.00221897 -0.146271 0)
(0.00113448 -0.135834 0)
(0.000297555 -0.125366 0)
(-0.000246525 -0.115066 0)
(-0.00050461 -0.104969 0)
(-0.000515056 -0.095047 0)
(-0.000330953 -0.0852637 0)
(-8.46848e-06 -0.0756002 0)
(0.000400129 -0.066058 0)
(0.000849928 -0.0566547 0)
(0.00130447 -0.0474163 0)
(0.00173542 -0.0383695 0)
(0.00212149 -0.0295361 0)
(0.00244706 -0.0209287 0)
(0.00270059 -0.0125486 0)
(0.0028736 -0.00438449 0)
(0.0029586 0.00358773 0)
(0.00294787 0.0114047 0)
(0.00283378 0.0191142 0)
(0.00260709 0.0267744 0)
(0.00225649 0.0344532 0)
(0.00176816 0.0422271 0)
(0.00112555 0.0501807 0)
(0.000309589 0.0584045 0)
(-0.000700667 0.0669928 0)
(-0.00192634 0.0760395 0)
(-0.00338585 0.0856311 0)
(-0.00509053 0.0958355 0)
(-0.00703806 0.106684 0)
(-0.00920363 0.118143 0)
(-0.0115296 0.130078 0)
(-0.0139153 0.142202 0)
(-0.016211 0.154024 0)
(-0.0182208 0.164808 0)
(-0.0197188 0.173561 0)
(-0.0204808 0.179094 0)
(-0.0203244 0.180145 0)
(-0.0191474 0.175575 0)
(-0.0169485 0.164586 0)
(-0.0138269 0.146892 0)
(-0.00997131 0.122831 0)
(-0.00565162 0.0933893 0)
(-0.00122084 0.0601721 0)
(0.00289658 0.0253116 0)
(0.00625418 -0.00871008 0)
(0.00847745 -0.0393445 0)
(0.00934629 -0.0642391 0)
(0.00885218 -0.08129 0)
(0.00719705 -0.0885262 0)
(0.00479877 -0.0838521 0)
(0.00211341 -0.0647991 0)
(0.000369049 -0.028397 0)
(0.000293956 -0.0404549 0)
(0.00147466 -0.0987314 0)
(0.00296178 -0.137267 0)
(0.00380783 -0.159247 0)
(0.00383353 -0.168431 0)
(0.00306638 -0.168639 0)
(0.00174787 -0.163235 0)
(0.000174817 -0.154779 0)
(-0.00138602 -0.144965 0)
(-0.00274595 -0.134751 0)
(-0.00380149 -0.12458 0)
(-0.00452063 -0.114589 0)
(-0.0049212 -0.104774 0)
(-0.00504957 -0.0950837 0)
(-0.00496424 -0.0854752 0)
(-0.00472493 -0.0759306 0)
(-0.00438639 -0.0664574 0)
(-0.00399563 -0.0570814 0)
(-0.00359121 -0.0478368 0)
(-0.00320382 -0.0387578 0)
(-0.00285735 -0.0298726 0)
(-0.00257029 -0.0211986 0)
(-0.00235727 -0.0127403 0)
(-0.00223002 -0.00448837 0)
(-0.00219937 0.00358054 0)
(-0.00227651 0.0115033 0)
(-0.00247237 0.0193288 0)
(-0.00279956 0.0271169 0)
(-0.00327264 0.0349376 0)
(-0.00390854 0.0428702 0)
(-0.00472656 0.0510015 0)
(-0.00574801 0.0594239 0)
(-0.00699506 0.0682324 0)
(-0.00848858 0.0775188 0)
(-0.0102447 0.0873635 0)
(-0.0122695 0.0978225 0)
(-0.0145515 0.108907 0)
(-0.0170525 0.120554 0)
(-0.0196966 0.132588 0)
(-0.0223607 0.144676 0)
(-0.0248696 0.156276 0)
(-0.027001 0.166614 0)
(-0.0285044 0.174685 0)
(-0.0291343 0.17932 0)
(-0.0286918 0.179321 0)
(-0.0270634 0.173643 0)
(-0.0242455 0.161594 0)
(-0.0203511 0.142993 0)
(-0.0156067 0.118277 0)
(-0.010349 0.0885291 0)
(-0.00501538 0.0554388 0)
(-0.000109966 0.0211783 0)
(0.00388203 -0.0118178 0)
(0.0065994 -0.0411353 0)
(0.00786792 -0.0646238 0)
(0.00773166 -0.0803899 0)
(0.00642199 -0.0866483 0)
(0.00434844 -0.0814731 0)
(0.00194361 -0.0625883 0)
(0.000347819 -0.0272576 0)
(0.000266851 -0.0412276 0)
(0.00122945 -0.0999654 0)
(0.00227698 -0.138175 0)
(0.0025835 -0.15941 0)
(0.00202816 -0.167774 0)
(0.000703225 -0.167331 0)
(-0.00111196 -0.161557 0)
(-0.00310508 -0.15302 0)
(-0.00501163 -0.143349 0)
(-0.00665296 -0.133418 0)
(-0.00793849 -0.123591 0)
(-0.00884816 -0.113946 0)
(-0.00940903 -0.10444 0)
(-0.00967377 -0.095004 0)
(-0.00970482 -0.0855884 0)
(-0.00956436 -0.0761781 0)
(-0.00930902 -0.0667873 0)
(-0.00898766 -0.0574498 0)
(-0.00864103 -0.0482079 0)
(-0.00830245 -0.0391032 0)
(-0.00799888 -0.0301695 0)
(-0.00775225 -0.0214288 0)
(-0.00758092 -0.0128888 0)
(-0.00750043 -0.00454205 0)
(-0.0075256 0.00363429 0)
(-0.00767154 0.0116773 0)
(-0.00795299 0.0196368 0)
(-0.00838626 0.0275742 0)
(-0.00898939 0.0355616 0)
(-0.00978244 0.0436804 0)
(-0.0107874 0.0520195 0)
(-0.0120272 0.0606722 0)
(-0.0135246 0.0697326 0)
(-0.0152991 0.0792884 0)
(-0.0173627 0.0894114 0)
(-0.019714 0.100142 0)
(-0.0223298 0.111467 0)
(-0.025155 0.123288 0)
(-0.0280922 0.135387 0)
(-0.0309928 0.147377 0)
(-0.0336541 0.158668 0)
(-0.0358271 0.168447 0)
(-0.0372387 0.1757 0)
(-0.0376267 0.179286 0)
(-0.0367834 0.178076 0)
(-0.0345952 0.171128 0)
(-0.0310708 0.157869 0)
(-0.0263535 0.138245 0)
(-0.0207245 0.112819 0)
(-0.014596 0.0827868 0)
(-0.00848446 0.0499219 0)
(-0.00294913 0.0164065 0)
(0.00151841 -0.0154205 0)
(0.00460132 -0.0433225 0)
(0.00619286 -0.0653629 0)
(0.0063933 -0.0798424 0)
(0.00545467 -0.0851277 0)
(0.00376282 -0.0794271 0)
(0.00171114 -0.060632 0)
(0.000314655 -0.0262283 0)
(0.000236971 -0.0418673 0)
(0.000969495 -0.100853 0)
(0.00156187 -0.138592 0)
(0.00131997 -0.159009 0)
(0.000182632 -0.166548 0)
(-0.00169484 -0.165497 0)
(-0.00400102 -0.159424 0)
(-0.0064132 -0.150878 0)
(-0.00867029 -0.141416 0)
(-0.010604 -0.131824 0)
(-0.0121358 -0.122384 0)
(-0.0132562 -0.113119 0)
(-0.0139997 -0.103948 0)
(-0.0144234 -0.094788 0)
(-0.0145922 -0.0855847 0)
(-0.0145697 -0.0763264 0)
(-0.0144139 -0.0670341 0)
(-0.0141754 -0.0577493 0)
(-0.013897 -0.0485219 0)
(-0.0136152 -0.0394 0)
(-0.0133603 -0.0304229 0)
(-0.0131584 -0.0216167 0)
(-0.013032 -0.0129922 0)
(-0.0130011 -0.00454352 0)
(-0.013085 0.00375152 0)
(-0.0133032 0.0119302 0)
(-0.0136747 0.020043 0)
(-0.0142196 0.0281527 0)
(-0.0149595 0.0363331 0)
(-0.0159175 0.0446674 0)
(-0.0171178 0.0532454 0)
(-0.0185846 0.0621604 0)
(-0.0203397 0.0715035 0)
(-0.0223997 0.0813561 0)
(-0.0247705 0.0917778 0)
(-0.0274403 0.102789 0)
(-0.030371 0.114348 0)
(-0.0334876 0.126317 0)
(-0.0366678 0.138428 0)
(-0.0397351 0.15024 0)
(-0.0424585 0.161114 0)
(-0.0445637 0.170203 0)
(-0.0457588 0.176489 0)
(-0.0457724 0.178868 0)
(-0.0443983 0.176291 0)
(-0.041537 0.167929 0)
(-0.0372264 0.153347 0)
(-0.0316594 0.132639 0)
(-0.025186 0.10651 0)
(-0.0182969 0.0762793 0)
(-0.0115721 0.0437821 0)
(-0.00559287 0.0111668 0)
(-0.000819531 -0.0193683 0)
(0.00250284 -0.0458034 0)
(0.00434575 -0.0664087 0)
(0.00486406 -0.0796499 0)
(0.00431907 -0.0840039 0)
(0.00305854 -0.0777749 0)
(0.00142328 -0.0589915 0)
(0.000270694 -0.0253426 0)
(0.00020415 -0.0423656 0)
(0.000694523 -0.101381 0)
(0.0008166 -0.138504 0)
(1.88502e-05 -0.15804 0)
(-0.00170003 -0.164757 0)
(-0.00412568 -0.163145 0)
(-0.00692086 -0.156837 0)
(-0.00975461 -0.148349 0)
(-0.0123707 -0.139157 0)
(-0.0146117 -0.129952 0)
(-0.0164103 -0.120939 0)
(-0.0177659 -0.112082 0)
(-0.0187182 -0.103273 0)
(-0.0193271 -0.0944116 0)
(-0.0196586 -0.085442 0)
(-0.0197768 -0.0763562 0)
(-0.0197403 -0.0671814 0)
(-0.0196012 -0.0579665 0)
(-0.0194049 -0.048768 0)
(-0.0191908 -0.0396398 0)
(-0.0189935 -0.0306263 0)
(-0.0188432 -0.0217573 0)
(-0.0187675 -0.0130462 0)
(-0.0187911 -0.00448888 0)
(-0.0189383 0.00393627 0)
(-0.0192335 0.0122665 0)
(-0.0196997 0.0205526 0)
(-0.0203613 0.0288583 0)
(-0.0212434 0.0372588 0)
(-0.0223715 0.045838 0)
(-0.0237716 0.0546858 0)
(-0.0254676 0.0638933 0)
(-0.0274794 0.073547 0)
(-0.0298185 0.0837185 0)
(-0.0324818 0.0944515 0)
(-0.0354445 0.105742 0)
(-0.0386501 0.117514 0)
(-0.0420002 0.129586 0)
(-0.0453453 0.141637 0)
(-0.0484796 0.153171 0)
(-0.0511445 0.1635 0)
(-0.053044 0.171752 0)
(-0.0538743 0.176912 0)
(-0.0533644 0.177928 0)
(-0.0513232 0.173841 0)
(-0.0476822 0.163954 0)
(-0.0425282 0.147986 0)
(-0.0361207 0.126198 0)
(-0.0288877 0.0994472 0)
(-0.021391 0.0691644 0)
(-0.0142483 0.0372096 0)
(-0.00802455 0.00564507 0)
(-0.00311232 -0.023516 0)
(0.000334555 -0.0484824 0)
(0.00236672 -0.067719 0)
(0.00318532 -0.0798138 0)
(0.00305 -0.0833098 0)
(0.00225881 -0.0765672 0)
(0.00109001 -0.0577185 0)
(0.000217535 -0.0246295 0)
(0.000168222 -0.0427137 0)
(0.000404435 -0.101534 0)
(4.25952e-05 -0.137902 0)
(-0.00131605 -0.156499 0)
(-0.00361526 -0.162403 0)
(-0.00658654 -0.160275 0)
(-0.00987012 -0.153793 0)
(-0.0131298 -0.145426 0)
(-0.0161162 -0.136558 0)
(-0.0186828 -0.127783 0)
(-0.0207723 -0.11923 0)
(-0.0223907 -0.110811 0)
(-0.0235814 -0.102387 0)
(-0.0244052 -0.0938475 0)
(-0.0249275 -0.0851349 0)
(-0.0252123 -0.0762444 0)
(-0.0253184 -0.0672093 0)
(-0.025299 -0.0580844 0)
(-0.025202 -0.0489321 0)
(-0.0250703 -0.0398112 0)
(-0.0249426 -0.0307704 0)
(-0.0248541 -0.0218428 0)
(-0.0248375 -0.0130443 0)
(-0.0249228 -0.0043724 0)
(-0.0251397 0.0041938 0)
(-0.0255172 0.0126911 0)
(-0.0260831 0.0211703 0)
(-0.0268654 0.0296957 0)
(-0.0278925 0.0383427 0)
(-0.0291919 0.047195 0)
(-0.0307901 0.0563408 0)
(-0.0327096 0.0658676 0)
(-0.0349662 0.0758538 0)
(-0.0375638 0.0863581 0)
(-0.0404877 0.0974037 0)
(-0.0436965 0.108958 0)
(-0.047112 0.120904 0)
(-0.0506099 0.133014 0)
(-0.0540116 0.144909 0)
(-0.0570825 0.156042 0)
(-0.0595394 0.165682 0)
(-0.0610708 0.172937 0)
(-0.0613703 0.176812 0)
(-0.0601806 0.176319 0)
(-0.0573422 0.170609 0)
(-0.0528363 0.159132 0)
(-0.0468175 0.14178 0)
(-0.0396245 0.118991 0)
(-0.0317631 0.0917721 0)
(-0.0238468 0.0616327 0)
(-0.016497 0.0304088 0)
(-0.0102234 2.25781e-05 0)
(-0.00532314 -0.0277278 0)
(-0.00185085 -0.0512777 0)
(0.0003178 -0.0692562 0)
(0.00141659 -0.0803313 0)
(0.00169482 -0.083067 0)
(0.00139403 -0.0758403 0)
(0.000724086 -0.0568517 0)
(0.000157224 -0.0241113 0)
(0.000128994 -0.042903 0)
(9.9817e-05 -0.101299 0)
(-0.000757041 -0.136777 0)
(-0.00267962 -0.154386 0)
(-0.00555751 -0.159486 0)
(-0.00907127 -0.156889 0)
(-0.0128428 -0.150292 0)
(-0.0165343 -0.142101 0)
(-0.0199044 -0.133603 0)
(-0.0228172 -0.125295 0)
(-0.025224 -0.11723 0)
(-0.0271354 -0.109273 0)
(-0.0285965 -0.101259 0)
(-0.0296671 -0.0930653 0)
(-0.0304115 -0.0846345 0)
(-0.030892 -0.0759649 0)
(-0.0311672 -0.0670943 0)
(-0.0312914 -0.0580825 0)
(-0.0313147 -0.0489964 0)
(-0.0312837 -0.039899 0)
(-0.0312414 -0.0308423 0)
(-0.0312281 -0.0218624 0)
(-0.031282 -0.0129774 0)
(-0.0314384 -0.00418637 0)
(-0.0317325 0.00453059 0)
(-0.0321984 0.0132094 0)
(-0.032868 0.0219003 0)
(-0.0337731 0.0306672 0)
(-0.0349442 0.0395847 0)
(-0.0364104 0.0487351 0)
(-0.0381969 0.0582029 0)
(-0.0403234 0.068069 0)
(-0.0427989 0.0784008 0)
(-0.0456172 0.0892398 0)
(-0.0487487 0.100584 0)
(-0.0521322 0.112367 0)
(-0.0556652 0.124429 0)
(-0.0591953 0.136487 0)
(-0.0625148 0.148111 0)
(-0.0653628 0.158701 0)
(-0.0674373 0.167492 0)
(-0.0684202 0.173585 0)
(-0.0680156 0.176024 0)
(-0.0659958 0.173901 0)
(-0.0622509 0.166496 0)
(-0.056831 0.153426 0)
(-0.0499726 0.134769 0)
(-0.0420984 0.111137 0)
(-0.0337789 0.0836628 0)
(-0.0256504 0.0538925 0)
(-0.0182997 0.0235803 0)
(-0.0121496 -0.00553632 0)
(-0.00738665 -0.0318887 0)
(-0.00397106 -0.0541202 0)
(-0.00171474 -0.0709844 0)
(-0.000364269 -0.0811889 0)
(0.000313089 -0.0832794 0)
(0.000501249 -0.0756109 0)
(0.000340702 -0.0564135 0)
(9.21729e-05 -0.023803 0)
(8.64375e-05 -0.0429253 0)
(-0.000217922 -0.100666 0)
(-0.00157813 -0.135124 0)
(-0.00406559 -0.1517 0)
(-0.00751819 -0.156011 0)
(-0.0115697 -0.152988 0)
(-0.0158285 -0.146329 0)
(-0.0199579 -0.138363 0)
(-0.0237261 -0.130274 0)
(-0.0270068 -0.122463 0)
(-0.0297583 -0.114911 0)
(-0.0319942 -0.107438 0)
(-0.033759 -0.0998552 0)
(-0.0351104 -0.0920321 0)
(-0.03611 -0.0839096 0)
(-0.0368178 -0.0754883 0)
(-0.0372918 -0.0668094 0)
(-0.0375869 -0.0579364 0)
(-0.0377553 -0.0489393 0)
(-0.037847 -0.0398842 0)
(-0.0379094 -0.0308256 0)
(-0.037988 -0.0218021 0)
(-0.0381263 -0.0128338 0)
(-0.0383651 -0.00392134 0)
(-0.0387452 0.00495388 0)
(-0.0393052 0.0138263 0)
(-0.0400809 0.0227447 0)
(-0.0411071 0.0317715 0)
(-0.042416 0.0409795 0)
(-0.0440362 0.0504472 0)
(-0.0459909 0.0602535 0)
(-0.0482939 0.0704693 0)
(-0.0509456 0.0811474 0)
(-0.0539261 0.0923078 0)
(-0.0571882 0.103919 0)
(-0.060648 0.115875 0)
(-0.0641766 0.127968 0)
(-0.0675932 0.139865 0)
(-0.0706632 0.151079 0)
(-0.0731044 0.160967 0)
(-0.0746047 0.168742 0)
(-0.074852 0.173517 0)
(-0.073576 0.174389 0)
(-0.0705967 0.170554 0)
(-0.0658724 0.161442 0)
(-0.0595371 0.14685 0)
(-0.0519161 0.127043 0)
(-0.0435081 0.102792 0)
(-0.0349248 0.0753188 0)
(-0.0267897 0.0461491 0)
(-0.0196208 0.016903 0)
(-0.0137341 -0.0108962 0)
(-0.00920548 -0.0359065 0)
(-0.00591395 -0.0569481 0)
(-0.00362182 -0.072862 0)
(-0.00206439 -0.0823573 0)
(-0.00102634 -0.0839271 0)
(-0.000377383 -0.0758712 0)
(-4.30641e-05 -0.0564065 0)
(2.50869e-05 -0.0237103 0)
(4.08143e-05 -0.0427729 0)
(-0.00054682 -0.0996264 0)
(-0.0024155 -0.132941 0)
(-0.00546528 -0.148444 0)
(-0.00948532 -0.151983 0)
(-0.0140676 -0.148577 0)
(-0.0188115 -0.141902 0)
(-0.0233844 -0.134202 0)
(-0.0275645 -0.126553 0)
(-0.0312345 -0.119263 0)
(-0.034358 -0.112243 0)
(-0.0369495 -0.105272 0)
(-0.0390516 -0.0981422 0)
(-0.0407183 -0.0907139 0)
(-0.0420073 -0.0829266 0)
(-0.0429761 -0.0747824 0)
(-0.0436809 -0.0663246 0)
(-0.0441771 -0.0576183 0)
(-0.0445185 -0.0487356 0)
(-0.0447582 -0.0397443 0)
(-0.0449478 -0.0307008 0)
(-0.0451377 -0.0216453 0)
(-0.0453766 -0.0125998 0)
(-0.0457105 -0.00356672 0)
(-0.0461853 0.00547082 0)
(-0.0468436 0.0145449 0)
(-0.0477246 0.0237021 0)
(-0.0488651 0.033002 0)
(-0.0502977 0.0425137 0)
(-0.0520493 0.0523098 0)
(-0.0541385 0.0624604 0)
(-0.0565712 0.0730236 0)
(-0.059336 0.084033 0)
(-0.0623971 0.0954827 0)
(-0.0656865 0.107307 0)
(-0.0690959 0.119357 0)
(-0.0724694 0.131375 0)
(-0.0755995 0.142975 0)
(-0.0782294 0.153624 0)
(-0.0800638 0.162645 0)
(-0.0807922 0.169241 0)
(-0.0801237 0.172558 0)
(-0.0778313 0.171769 0)
(-0.0738003 0.166196 0)
(-0.0680725 0.155434 0)
(-0.0608739 0.139466 0)
(-0.0526144 0.118736 0)
(-0.0438497 0.0941408 0)
(-0.0352002 0.0669405 0)
(-0.027242 0.0385853 0)
(-0.0203997 0.0105206 0)
(-0.014878 -0.0159553 0)
(-0.0106552 -0.0397089 0)
(-0.0075463 -0.0597034 0)
(-0.00527865 -0.0748339 0)
(-0.00358043 -0.0837827 0)
(-0.00224877 -0.0849637 0)
(-0.00119696 -0.0765867 0)
(-0.000409445 -0.0568124 0)
(-4.12763e-05 -0.0238291 0)
(-7.55847e-06 -0.0424397 0)
(-0.000884314 -0.0981744 0)
(-0.00326245 -0.130227 0)
(-0.00686752 -0.144626 0)
(-0.0114438 -0.14741 0)
(-0.0165467 -0.14366 0)
(-0.0217712 -0.137011 0)
(-0.0267911 -0.129609 0)
(-0.031395 -0.122423 0)
(-0.0354739 -0.115669 0)
(-0.0389946 -0.109196 0)
(-0.0419712 -0.102744 0)
(-0.0444426 -0.0960861 0)
(-0.0464581 -0.0890759 0)
(-0.0480708 -0.0816512 0)
(-0.0493345 -0.0738138 0)
(-0.0503036 -0.0656076 0)
(-0.0510328 -0.057098 0)
(-0.0515774 -0.0483574 0)
(-0.0519929 -0.0394541 0)
(-0.0523347 -0.0304454 0)
(-0.0526572 -0.0213729 0)
(-0.0530141 -0.0122603 0)
(-0.0534558 -0.00311174 0)
(-0.0540328 0.00608731 0)
(-0.0547908 0.0153657 0)
(-0.0557714 0.0247663 0)
(-0.0570123 0.0343447 0)
(-0.0585447 0.0441638 0)
(-0.0603921 0.054288 0)
(-0.062566 0.0647754 0)
(-0.0650624 0.0756671 0)
(-0.0678552 0.0869738 0)
(-0.0708901 0.098659 0)
(-0.0740769 0.110619 0)
(-0.077282 0.122659 0)
(-0.0803243 0.134474 0)
(-0.0829738 0.145626 0)
(-0.0849588 0.155545 0)
(-0.0859824 0.163532 0)
(-0.0857504 0.168803 0)
(-0.0840097 0.170556 0)
(-0.080594 0.168065 0)
(-0.0754693 0.160793 0)
(-0.0687696 0.148512 0)
(-0.0608109 0.131388 0)
(-0.0520723 0.110015 0)
(-0.0431374 0.0853743 0)
(-0.0346017 0.0587087 0)
(-0.0269663 0.0313466 0)
(-0.0205518 0.00453605 0)
(-0.0154611 -0.0206427 0)
(-0.0115962 -0.0432381 0)
(-0.0087264 -0.0623249 0)
(-0.00655621 -0.0768284 0)
(-0.00480644 -0.0853856 0)
(-0.00327765 -0.0863109 0)
(-0.00191181 -0.0776933 0)
(-0.000740494 -0.0575901 0)
(-0.000104278 -0.024146 0)
(-5.83018e-05 -0.0419211 0)
(-0.00122712 -0.0963082 0)
(-0.00411058 -0.126988 0)
(-0.00825879 -0.140257 0)
(-0.0133754 -0.142306 0)
(-0.0189849 -0.138247 0)
(-0.0246819 -0.131656 0)
(-0.0301488 -0.124577 0)
(-0.0351851 -0.11787 0)
(-0.0396885 -0.111663 0)
(-0.0436281 -0.105745 0)
(-0.0470156 -0.099824 0)
(-0.0498852 -0.0936549 0)
(-0.0522804 -0.0870851 0)
(-0.0542489 -0.0800495 0)
(-0.0558404 -0.0725487 0)
(-0.0571067 -0.0646253 0)
(-0.0581014 -0.0563435 0)
(-0.0588801 -0.0477746 0)
(-0.0595003 -0.0389862 0)
(-0.0600199 -0.0300356 0)
(-0.0604971 -0.0209652 0)
(-0.060989 -0.0118002 0)
(-0.0615499 -0.00254684 0)
(-0.0622337 0.00680641 0)
(-0.0630881 0.016284 0)
(-0.0641558 0.025924 0)
(-0.0654736 0.0357757 0)
(-0.0670699 0.0458938 0)
(-0.0689623 0.0563315 0)
(-0.0711535 0.0671313 0)
(-0.0736267 0.0783134 0)
(-0.0763392 0.0898617 0)
(-0.0792168 0.101705 0)
(-0.0821462 0.1137 0)
(-0.0849705 0.125605 0)
(-0.0874868 0.137069 0)
(-0.08945 0.147612 0)
(-0.0905842 0.156634 0)
(-0.0906045 0.163437 0)
(-0.0892493 0.167269 0)
(-0.0863202 0.167401 0)
(-0.0817265 0.163227 0)
(-0.0755239 0.154369 0)
(-0.0679384 0.140772 0)
(-0.0593633 0.122766 0)
(-0.0503214 0.10106 0)
(-0.0413921 0.0766683 0)
(-0.0331165 0.0507684 0)
(-0.0259055 0.0245349 0)
(-0.0199789 -0.000986214 0)
(-0.0153567 -0.0249116 0)
(-0.0118898 -0.0464433 0)
(-0.00931815 -0.0647439 0)
(-0.00733222 -0.0787548 0)
(-0.00564207 -0.0870599 0)
(-0.00403979 -0.0878613 0)
(-0.00247758 -0.0790984 0)
(-0.00101855 -0.0586766 0)
(-0.000161336 -0.0246374 0)
(-0.000110852 -0.0412143 0)
(-0.0015712 -0.0940302 0)
(-0.00495009 -0.123235 0)
(-0.00962353 -0.135353 0)
(-0.0152591 -0.136687 0)
(-0.0213564 -0.132351 0)
(-0.027513 -0.125846 0)
(-0.0334222 -0.119105 0)
(-0.0388941 -0.112883 0)
(-0.0438324 -0.107226 0)
(-0.0482068 -0.101869 0)
(-0.0520255 -0.0964868 0)
(-0.0553167 -0.0908209 0)
(-0.0581177 -0.0847116 0)
(-0.0604702 -0.0780903 0)
(-0.0624192 -0.070955 0)
(-0.0640132 -0.0633456 0)
(-0.0653039 -0.0553234 0)
(-0.0663466 -0.0469573 0)
(-0.0671992 -0.0383132 0)
(-0.0679214 -0.0294476 0)
(-0.0685736 -0.0204031 0)
(-0.0692154 -0.0112061 0)
(-0.0699035 -0.00186553 0)
(-0.0706939 0.00762641 0)
(-0.0716346 0.0172885 0)
(-0.0727678 0.0271525 0)
(-0.0741277 0.0372595 0)
(-0.075738 0.0476532 0)
(-0.0776083 0.0583725 0)
(-0.0797302 0.0694407 0)
(-0.0820724 0.0808539 0)
(-0.0845746 0.0925652 0)
(-0.0871419 0.104467 0)
(-0.0896398 0.116374 0)
(-0.0918916 0.128001 0)
(-0.0936794 0.138955 0)
(-0.0947528 0.148725 0)
(-0.0948449 0.1567 0)
(-0.093698 0.162197 0)
(-0.0910992 0.164519 0)
(-0.0869193 0.163033 0)
(-0.0811525 0.157267 0)
(-0.0739453 0.147003 0)
(-0.0656053 0.132349 0)
(-0.056581 0.113769 0)
(-0.0474087 0.092042 0)
(-0.0386337 0.0681687 0)
(-0.0307233 0.0432222 0)
(-0.0239954 0.01821 0)
(-0.018584 -0.00601253 0)
(-0.01445 -0.0287311 0)
(-0.011415 -0.0492762 0)
(-0.00920486 -0.0668828 0)
(-0.00750145 -0.0805055 0)
(-0.00599941 -0.0886768 0)
(-0.00446944 -0.0894809 0)
(-0.00285336 -0.0806827 0)
(-0.00122688 -0.0599877 0)
(-0.000209937 -0.0252706 0)
(-0.000164477 -0.0403192 0)
(-0.00191185 -0.091348 0)
(-0.00576997 -0.118986 0)
(-0.0109446 -0.129937 0)
(-0.017072 -0.130576 0)
(-0.0236321 -0.125991 0)
(-0.0302297 -0.11959 0)
(-0.0365702 -0.113195 0)
(-0.0424742 -0.107459 0)
(-0.0478506 -0.10235 0)
(-0.0526681 -0.0975519 0)
(-0.0569306 -0.0927138 0)
(-0.0606595 -0.0875622 0)
(-0.0638852 -0.081931 0)
(-0.0666434 -0.0757471 0)
(-0.0689738 -0.0690047 0)
(-0.0709209 -0.0617395 0)
(-0.0725338 -0.0540089 0)
(-0.0738662 -0.045878 0)
(-0.0749754 -0.0374101 0)
(-0.0759213 -0.02866 0)
(-0.0767649 -0.0196702 0)
(-0.0775669 -0.0104685 0)
(-0.0783845 -0.00106655 0)
(-0.0792741 0.00853865 0)
(-0.0802821 0.0183589 0)
(-0.0814484 0.0284181 0)
(-0.0828029 0.0387469 0)
(-0.0843622 0.0493755 0)
(-0.0861264 0.0603251 0)
(-0.0880745 0.0715968 0)
(-0.0901593 0.0831593 0)
(-0.0923029 0.0949328 0)
(-0.0943916 0.106772 0)
(-0.0962732 0.118451 0)
(-0.0977571 0.129647 0)
(-0.0986201 0.139931 0)
(-0.0986185 0.148778 0)
(-0.0975084 0.15558 0)
(-0.0950751 0.159691 0)
(-0.0911678 0.160489 0)
(-0.0857361 0.157453 0)
(-0.0788611 0.150251 0)
(-0.0707718 0.13882 0)
(-0.0618385 0.123406 0)
(-0.0525372 0.104568 0)
(-0.0433885 0.0831118 0)
(-0.0348812 0.0599833 0)
(-0.0274007 0.0361313 0)
(-0.0211806 0.0123981 0)
(-0.0162898 -0.0105298 0)
(-0.0126537 -0.0320789 0)
(-0.0100824 -0.0516876 0)
(-0.00830029 -0.0686573 0)
(-0.00698412 -0.0819611 0)
(-0.00580891 -0.0900908 0)
(-0.00451194 -0.0910147 0)
(-0.00300337 -0.082305 0)
(-0.0013501 -0.0614202 0)
(-0.000247591 -0.0260043 0)
(-0.000218297 -0.0392381 0)
(-0.00224388 -0.088275 0)
(-0.0065585 -0.114263 0)
(-0.0122038 -0.124038 0)
(-0.0187895 -0.124004 0)
(-0.0257814 -0.119192 0)
(-0.0327942 -0.112907 0)
(-0.0395471 -0.10686 0)
(-0.0458713 -0.101602 0)
(-0.0516797 -0.0970321 0)
(-0.0569393 -0.0927886 0)
(-0.0616484 -0.0884951 0)
(-0.0658215 -0.0838657 0)
(-0.0694817 -0.078727 0)
(-0.0726582 -0.0730008 0)
(-0.0753854 -0.0666765 0)
(-0.0777031 -0.0597844 0)
(-0.079657 -0.0523768 0)
(-0.0812979 -0.0445144 0)
(-0.0826812 -0.0362567 0)
(-0.0838653 -0.0276567 0)
(-0.08491 -0.0187563 0)
(-0.0858751 -0.00958444 0)
(-0.0868164 -0.000156241 0)
(-0.0877883 0.00952538 0)
(-0.0888341 0.0194643 0)
(-0.0899892 0.0296747 0)
(-0.0912771 0.0401747 0)
(-0.092706 0.0509783 0)
(-0.0942648 0.0620864 0)
(-0.0959189 0.0734754 0)
(-0.0976061 0.0850842 0)
(-0.0992319 0.0967994 0)
(-0.100668 0.10844 0)
(-0.101749 0.119741 0)
(-0.10228 0.13035 0)
(-0.102044 0.139817 0)
(-0.100817 0.147614 0)
(-0.0983917 0.153157 0)
(-0.0946097 0.155856 0)
(-0.0893917 0.155178 0)
(-0.0827688 0.150724 0)
(-0.0749026 0.1423 0)
(-0.0660886 0.129978 0)
(-0.056735 0.114113 0)
(-0.0473179 0.0953181 0)
(-0.0383184 0.0743867 0)
(-0.0301565 0.0521823 0)
(-0.0231384 0.0295239 0)
(-0.0174283 0.00710304 0)
(-0.013052 -0.0145363 0)
(-0.00991971 -0.034936 0)
(-0.0078436 -0.0536282 0)
(-0.00655594 -0.0699804 0)
(-0.00573172 -0.0829973 0)
(-0.00502391 -0.0911478 0)
(-0.00412675 -0.092295 0)
(-0.00289851 -0.0838069 0)
(-0.00137457 -0.0628554 0)
(-0.000271813 -0.0267889 0)
(-0.000271322 -0.0379768 0)
(-0.0025619 -0.0848299 0)
(-0.00730378 -0.109096 0)
(-0.0133829 -0.117692 0)
(-0.0203867 -0.117004 0)
(-0.027772 -0.111985 0)
(-0.0351664 -0.105824 0)
(-0.042304 -0.100118 0)
(-0.0490265 -0.0953264 0)
(-0.0552502 -0.0912818 0)
(-0.0609396 -0.0875831 0)
(-0.0660868 -0.0838314 0)
(-0.0706989 -0.0797285 0)
(-0.0747919 -0.0750936 0)
(-0.0783881 -0.0698426 0)
(-0.0815162 -0.0639588 0)
(-0.0842112 -0.0574667 0)
(-0.0865143 -0.0504128 0)
(-0.0884725 -0.0428525 0)
(-0.0901375 -0.0348413 0)
(-0.0915645 -0.0264297 0)
(-0.0928103 -0.0176591 0)
(-0.0939312 -0.00855991 0)
(-0.0949801 0.000849106 0)
(-0.0960064 0.0105579 0)
(-0.0970486 0.0205615 0)
(-0.0981359 0.0308629 0)
(-0.0992835 0.0414655 0)
(-0.10049 0.052365 0)
(-0.101732 0.0635399 0)
(-0.102963 0.0749401 0)
(-0.104105 0.0864744 0)
(-0.105053 0.0979963 0)
(-0.105667 0.109291 0)
(-0.105779 0.120066 0)
(-0.1052 0.129944 0)
(-0.103728 0.138469 0)
(-0.101173 0.145126 0)
(-0.0973778 0.149373 0)
(-0.0922483 0.15069 0)
(-0.0857797 0.148646 0)
(-0.07808 0.142961 0)
(-0.069378 0.133569 0)
(-0.0600141 0.120651 0)
(-0.0504092 0.104634 0)
(-0.0410157 0.0861514 0)
(-0.0322604 0.065952 0)
(-0.0244918 0.0448055 0)
(-0.0179469 0.0234065 0)
(-0.0127379 0.00231732 0)
(-0.00886684 -0.0180343 0)
(-0.00624458 -0.0372843 0)
(-0.00469463 -0.0550494 0)
(-0.0039642 -0.0707678 0)
(-0.00373016 -0.0834929 0)
(-0.00362367 -0.0916945 0)
(-0.00329013 -0.093149 0)
(-0.0025181 -0.0850206 0)
(-0.00128907 -0.0641623 0)
(-0.000280148 -0.0275676 0)
(-0.000322515 -0.0365437 0)
(-0.00286063 -0.0810372 0)
(-0.00799442 -0.103521 0)
(-0.0144644 -0.110939 0)
(-0.0218396 -0.109621 0)
(-0.0295726 -0.104411 0)
(-0.0373059 -0.0983754 0)
(-0.0447902 -0.0929994 0)
(-0.0518778 -0.0886562 0)
(-0.0584879 -0.0851192 0)
(-0.0645822 -0.081952 0)
(-0.0701462 -0.0787356 0)
(-0.0751793 -0.0751603 0)
(-0.0796899 -0.0710373 0)
(-0.0836938 -0.0662758 0)
(-0.0872138 -0.0608525 0)
(-0.0902794 -0.0547852 0)
(-0.0929268 -0.0481144 0)
(-0.0951978 -0.04089 0)
(-0.0971393 -0.0331634 0)
(-0.0988013 -0.0249825 0)
(-0.100236 -0.0163881 0)
(-0.101493 -0.00741238 0)
(-0.102621 0.00192147 0)
(-0.103662 0.0115956 0)
(-0.104648 0.0215955 0)
(-0.105599 0.0319115 0)
(-0.106522 0.0425307 0)
(-0.107406 0.0534289 0)
(-0.108214 0.0645612 0)
(-0.108889 0.0758506 0)
(-0.109344 0.0871767 0)
(-0.109464 0.0983632 0)
(-0.109108 0.109168 0)
(-0.108112 0.119275 0)
(-0.106302 0.128299 0)
(-0.103509 0.135791 0)
(-0.0995832 0.141264 0)
(-0.0944269 0.144232 0)
(-0.0880128 0.144256 0)
(-0.0804082 0.141008 0)
(-0.0717866 0.13432 0)
(-0.0624255 0.124233 0)
(-0.0526877 0.111008 0)
(-0.0429841 0.0951148 0)
(-0.0337274 0.0771705 0)
(-0.0252833 0.0578651 0)
(-0.0179346 0.0378717 0)
(-0.0118624 0.0177745 0)
(-0.00714358 -0.00196979 0)
(-0.00377203 -0.0210247 0)
(-0.0016684 -0.0391047 0)
(-0.000674802 -0.0559054 0)
(-0.000557873 -0.0709425 0)
(-0.00100055 -0.0833368 0)
(-0.00161515 -0.0915866 0)
(-0.00199703 -0.0934089 0)
(-0.00185144 -0.0857756 0)
(-0.00108551 -0.0652029 0)
(-0.000270281 -0.028278 0)
(-0.000370862 -0.0349505 0)
(-0.00313525 -0.0769266 0)
(-0.00862038 -0.0975802 0)
(-0.0154329 -0.103828 0)
(-0.0231265 -0.101903 0)
(-0.0311534 -0.0965174 0)
(-0.0391735 -0.0906068 0)
(-0.0469552 -0.085546 0)
(-0.0543621 -0.081629 0)
(-0.0613166 -0.0785777 0)
(-0.0677772 -0.0759251 0)
(-0.0737227 -0.0732344 0)
(-0.0791446 -0.0701847 0)
(-0.0840438 -0.0665787 0)
(-0.0884291 -0.0623182 0)
(-0.0923173 -0.0573725 0)
(-0.0957319 -0.051753 0)
(-0.0987033 -0.0454935 0)
(-0.101268 -0.0386389 0)
(-0.103465 -0.0312367 0)
(-0.10534 -0.0233322 0)
(-0.106935 -0.014966 0)
(-0.108296 -0.00617246 0)
(-0.109462 0.00302034 0)
(-0.110466 0.0125863 0)
(-0.111332 0.0225005 0)
(-0.112071 0.0327397 0)
(-0.11268 0.0432741 0)
(-0.113137 0.0540589 0)
(-0.113397 0.0650258 0)
(-0.113392 0.0760722 0)
(-0.113031 0.0870511 0)
(-0.112196 0.0977614 0)
(-0.110753 0.10794 0)
(-0.108552 0.117262 0)
(-0.105446 0.125341 0)
(-0.101303 0.131749 0)
(-0.0960258 0.136043 0)
(-0.0895772 0.137801 0)
(-0.0819955 0.13667 0)
(-0.0734103 0.132418 0)
(-0.064045 0.124977 0)
(-0.0542065 0.114469 0)
(-0.0442587 0.101209 0)
(-0.0345864 0.0856748 0)
(-0.0255534 0.0684524 0)
(-0.0174664 0.0501622 0)
(-0.0105517 0.0313881 0)
(-0.00494846 0.0126215 0)
(-0.000713002 -0.00576469 0)
(0.00215827 -0.0235036 0)
(0.00373007 -0.0403774 0)
(0.0041375 -0.0561559 0)
(0.00359226 -0.0704387 0)
(0.00240128 -0.0824333 0)
(0.000966078 -0.0906961 0)
(-0.00026272 -0.0929196 0)
(-0.000899293 -0.0859074 0)
(-0.000759715 -0.0658372 0)
(-0.000240223 -0.0288535 0)
(-0.000415476 -0.0332113 0)
(-0.00338194 -0.072532 0)
(-0.00917388 -0.0913196 0)
(-0.0162761 -0.0964136 0)
(-0.0242291 -0.0939082 0)
(-0.0324883 -0.0883628 0)
(-0.0407328 -0.0825744 0)
(-0.0487505 -0.0778112 0)
(-0.0564175 -0.0742953 0)
(-0.0636603 -0.0717045 0)
(-0.0704342 -0.0695463 0)
(-0.0767116 -0.0673685 0)
(-0.082476 -0.0648394 0)
(-0.0877204 -0.0617527 0)
(-0.0924464 -0.0580021 0)
(-0.0966641 -0.0535493 0)
(-0.100391 -0.0483986 0)
(-0.103651 -0.042578 0)
(-0.106473 -0.0361273 0)
(-0.10889 -0.0290906 0)
(-0.110939 -0.0215113 0)
(-0.112655 -0.0134302 0)
(-0.114072 -0.00488424 0)
(-0.115221 0.00409307 0)
(-0.116127 0.013467 0)
(-0.116802 0.0232023 0)
(-0.117248 0.0332617 0)
(-0.117453 0.0435983 0)
(-0.117384 0.0541474 0)
(-0.116991 0.0648186 0)
(-0.1162 0.0754866 0)
(-0.11492 0.0859825 0)
(-0.113039 0.0960865 0)
(-0.110435 0.105524 0)
(-0.106984 0.113969 0)
(-0.102571 0.12105 0)
(-0.0971107 0.12637 0)
(-0.09056 0.129537 0)
(-0.0829399 0.130199 0)
(-0.0743474 0.128087 0)
(-0.0649612 0.123055 0)
(-0.055038 0.115114 0)
(-0.0448946 0.104445 0)
(-0.0348808 0.0913883 0)
(-0.025345 0.0764108 0)
(-0.0166009 0.0600529 0)
(-0.00890165 0.0428669 0)
(-0.00242918 0.0253587 0)
(0.00270637 0.00794394 0)
(0.00645621 -0.00906787 0)
(0.00881711 -0.0254617 0)
(0.00983846 -0.0410799 0)
(0.00963099 -0.0557636 0)
(0.00838333 -0.0692026 0)
(0.00638858 -0.0807074 0)
(0.0040558 -0.0889208 0)
(0.00187504 -0.0915474 0)
(0.000324261 -0.0852641 0)
(-0.000312168 -0.0659297 0)
(-0.000188437 -0.0292257 0)
(-0.000455706 -0.0313423 0)
(-0.00359834 -0.0678901 0)
(-0.00965033 -0.0847895 0)
(-0.0169864 -0.0887529 0)
(-0.0251346 -0.0856995 0)
(-0.0335566 -0.0800134 0)
(-0.0419526 -0.0743458 0)
(-0.050132 -0.0698619 0)
(-0.0579855 -0.06672 0)
(-0.0654452 -0.0645617 0)
(-0.0724646 -0.0628743 0)
(-0.07901 -0.0611931 0)
(-0.0850568 -0.0591763 0)
(-0.0905897 -0.0566085 0)
(-0.0956026 -0.0533744 0)
(-0.100098 -0.0494279 0)
(-0.104086 -0.0447661 0)
(-0.107585 -0.0394113 0)
(-0.110615 -0.0333989 0)
(-0.113201 -0.0267701 0)
(-0.115371 -0.0195673 0)
(-0.117152 -0.011832 0)
(-0.118567 -0.00360421 0)
(-0.119637 0.0050768 0)
(-0.120375 0.0141677 0)
(-0.120785 0.0236231 0)
(-0.120858 0.033392 0)
(-0.120574 0.0434114 0)
(-0.119894 0.0535985 0)
(-0.118762 0.0638436 0)
(-0.117106 0.0740028 0)
(-0.114839 0.0838909 0)
(-0.111862 0.0932774 0)
(-0.108075 0.101886 0)
(-0.103382 0.109398 0)
(-0.0977094 0.115467 0)
(-0.0910185 0.119737 0)
(-0.0833198 0.121871 0)
(-0.0746871 0.121586 0)
(-0.0652644 0.118688 0)
(-0.0552652 0.113106 0)
(-0.0449627 0.104908 0)
(-0.0346693 0.0943109 0)
(-0.0247099 0.0816597 0)
(-0.015393 0.0673966 0)
(-0.00698489 0.0520124 0)
(0.000304851 0.0359952 0)
(0.00632534 0.0197867 0)
(0.010984 0.00374587 0)
(0.0142354 -0.0118684 0)
(0.0160677 -0.0268812 0)
(0.0165151 -0.0411875 0)
(0.0156652 -0.0546967 0)
(0.013684 -0.0671924 0)
(0.0108474 -0.0781022 0)
(0.00756489 -0.0861816 0)
(0.00435679 -0.0891886 0)
(0.00178953 -0.0837194 0)
(0.000250115 -0.0653551 0)
(-0.000114087 -0.0293272 0)
(-0.000491279 -0.0293604 0)
(-0.00378409 -0.0630391 0)
(-0.0100493 -0.0780416 0)
(-0.0175615 -0.0809082 0)
(-0.0258367 -0.0773469 0)
(-0.0343443 -0.071545 0)
(-0.0428078 -0.0660006 0)
(-0.0510612 -0.0617792 0)
(-0.0590126 -0.0589831 0)
(-0.0666023 -0.0572263 0)
(-0.0737843 -0.0559823 0)
(-0.0805196 -0.054777 0)
(-0.0867758 -0.0532602 0)
(-0.0925289 -0.0512074 0)
(-0.0977638 -0.0484941 0)
(-0.102475 -0.0450657 0)
(-0.106664 -0.0409121 0)
(-0.11034 -0.0360499 0)
(-0.113517 -0.0305107 0)
(-0.116211 -0.0243336 0)
(-0.11844 -0.0175604 0)
(-0.12022 -0.0102341 0)
(-0.121566 -0.00239825 0)
(-0.122487 0.00590206 0)
(-0.122987 0.0146153 0)
(-0.123059 0.0236864 0)
(-0.122687 0.0330521 0)
(-0.121842 0.0426347 0)
(-0.120484 0.0523364 0)
(-0.118555 0.0620321 0)
(-0.115988 0.0715645 0)
(-0.112707 0.080739 0)
(-0.108631 0.0893222 0)
(-0.103687 0.0970437 0)
(-0.0978132 0.103603 0)
(-0.0909778 0.108685 0)
(-0.0831879 0.111979 0)
(-0.074502 0.113204 0)
(-0.0650378 0.112141 0)
(-0.0549737 0.108663 0)
(-0.0445441 0.102751 0)
(-0.0340251 0.0945171 0)
(-0.0237142 0.084192 0)
(-0.0139065 0.0721129 0)
(-0.00487107 0.0586887 0)
(0.00316539 0.0443597 0)
(0.0100228 0.0295626 0)
(0.015573 0.014686 0)
(0.0197363 4.2683e-05 0)
(0.0224665 -0.0141459 0)
(0.0237437 -0.0277376 0)
(0.0235892 -0.0406737 0)
(0.0220713 -0.0529284 0)
(0.019335 -0.0643808 0)
(0.0156374 -0.0745842 0)
(0.0113807 -0.0824297 0)
(0.00710379 -0.0857689 0)
(0.00345209 -0.0811741 0)
(0.000912901 -0.0640099 0)
(-1.79689e-05 -0.0290949 0)
(-0.000522448 -0.0272824 0)
(-0.00394133 -0.0580159 0)
(-0.0103754 -0.0711278 0)
(-0.0180064 -0.0729437 0)
(-0.0263368 -0.0689261 0)
(-0.0348456 -0.0630428 0)
(-0.0432816 -0.0576308 0)
(-0.0515071 -0.0536584 0)
(-0.0594519 -0.0511801 0)
(-0.0670687 -0.0497911 0)
(-0.0743146 -0.0489581 0)
(-0.0811477 -0.0482025 0)
(-0.0875285 -0.0471677 0)
(-0.0934235 -0.0456212 0)
(-0.0988079 -0.0434292 0)
(-0.103666 -0.0405284 0)
(-0.107989 -0.0369013 0)
(-0.111778 -0.0325587 0)
(-0.115036 -0.0275284 0)
(-0.117771 -0.0218476 0)
(-0.119991 -0.0155585 0)
(-0.121702 -0.00870574 0)
(-0.12291 -0.00133657 0)
(-0.123614 0.00649809 0)
(-0.123808 0.0147393 0)
(-0.123478 0.0233233 0)
(-0.122601 0.0321762 0)
(-0.121144 0.0412088 0)
(-0.119065 0.0503113 0)
(-0.116311 0.0593483 0)
(-0.112825 0.068155 0)
(-0.108545 0.0765343 0)
(-0.103413 0.0842571 0)
(-0.0973846 0.0910667 0)
(-0.0904352 0.0966876 0)
(-0.0825724 0.10084 0)
(-0.0738455 0.103259 0)
(-0.0643528 0.103718 0)
(-0.0542453 0.102055 0)
(-0.0437242 0.0981923 0)
(-0.0330322 0.0921555 0)
(-0.0224388 0.0840774 0)
(-0.0122205 0.0741924 0)
(-0.00264148 0.0628185 0)
(0.00606208 0.0503288 0)
(0.0136896 0.0371241 0)
(0.0200858 0.0235927 0)
(0.0251395 0.0100793 0)
(0.0287787 -0.00313985 0)
(0.0309548 -0.0158708 0)
(0.0316439 -0.0280006 0)
(0.0308574 -0.0395115 0)
(0.02865 -0.0504387 0)
(0.0251492 -0.0607548 0)
(0.0205922 -0.0701437 0)
(0.0153669 -0.0776486 0)
(0.0100177 -0.0812525 0)
(0.00525415 -0.0775649 0)
(0.00165502 -0.0618141 0)
(9.76165e-05 -0.0284757 0)
(-0.000550158 -0.0251229 0)
(-0.00407517 -0.052854 0)
(-0.0106387 -0.0640974 0)
(-0.0183328 -0.0649245 0)
(-0.0266442 -0.0605174 0)
(-0.0350628 -0.054601 0)
(-0.0433653 -0.0493413 0)
(-0.0514469 -0.0456104 0)
(-0.0592646 -0.043423 0)
(-0.0667884 -0.0423649 0)
(-0.0739837 -0.0419045 0)
(-0.0808083 -0.0415643 0)
(-0.0872171 -0.0409855 0)
(-0.0931676 -0.039929 0)
(-0.0986237 -0.0382529 0)
(-0.103558 -0.0358852 0)
(-0.107949 -0.0328005 0)
(-0.111787 -0.0290037 0)
(-0.115065 -0.0245183 0)
(-0.117778 -0.0193795 0)
(-0.119926 -0.0136295 0)
(-0.121506 -0.00731488 0)
(-0.122514 -0.000486455 0)
(-0.122941 0.00679975 0)
(-0.122773 0.0144785 0)
(-0.12199 0.0224786 0)
(-0.120567 0.0307179 0)
(-0.118469 0.0390986 0)
(-0.115656 0.0475036 0)
(-0.112083 0.055792 0)
(-0.107706 0.0637974 0)
(-0.10248 0.0713265 0)
(-0.096374 0.0781612 0)
(-0.0893723 0.0840644 0)
(-0.0814849 0.0887892 0)
(-0.072756 0.0920932 0)
(-0.0632703 0.0937564 0)
(-0.0531571 0.0936006 0)
(-0.0425905 0.0915098 0)
(-0.0317836 0.0874469 0)
(-0.0209787 0.081464 0)
(-0.010432 0.0737046 0)
(-0.000397097 0.0643956 0)
(0.00888655 0.0538334 0)
(0.0172052 0.0423618 0)
(0.0243819 0.0303406 0)
(0.0302801 0.0181172 0)
(0.0348006 0.00599939 0)
(0.037876 -0.00576603 0)
(0.0394577 -0.0170068 0)
(0.0395221 -0.0276372 0)
(0.038076 -0.0376766 0)
(0.035167 -0.0472169 0)
(0.0309092 -0.0563197 0)
(0.0255197 -0.0647979 0)
(0.0193655 -0.0718572 0)
(0.0129819 -0.0756443 0)
(0.00712426 -0.0728697 0)
(0.00244839 -0.0587203 0)
(0.000229038 -0.0274289 0)
(-0.000576212 -0.0228929 0)
(-0.00419382 -0.047581 0)
(-0.0108544 -0.0569954 0)
(-0.0185589 -0.0569153 0)
(-0.0267754 -0.0522058 0)
(-0.0350056 -0.0463229 0)
(-0.0430578 -0.0412492 0)
(-0.0508655 -0.0377611 0)
(-0.0584192 -0.0358403 0)
(-0.0657133 -0.0350735 0)
(-0.0727267 -0.0349396 0)
(-0.0794218 -0.0349704 0)
(-0.0857504 -0.0348097 0)
(-0.0916618 -0.0342158 0)
(-0.0971082 -0.0330405 0)
(-0.102048 -0.0312037 0)
(-0.106447 -0.0286724 0)
(-0.11028 -0.0254444 0)
(-0.113525 -0.0215386 0)
(-0.116169 -0.0169871 0)
(-0.118198 -0.0118311 0)
(-0.1196 -0.00611843 0)
(-0.120363 9.73739e-05 0)
(-0.120471 0.00675631 0)
(-0.119907 0.0137884 0)
(-0.118645 0.021117 0)
(-0.11666 0.028654 0)
(-0.113919 0.0362969 0)
(-0.110389 0.0439249 0)
(-0.106035 0.0513971 0)
(-0.100827 0.0585506 0)
(-0.0947429 0.0652015 0)
(-0.0877753 0.0711478 0)
(-0.0799375 0.0761756 0)
(-0.0712706 0.080069 0)
(-0.0618498 0.0826225 0)
(-0.0517876 0.0836567 0)
(-0.041236 0.0830349 0)
(-0.0303828 0.0806782 0)
(-0.0194452 0.0765781 0)
(-0.00865871 0.0708023 0)
(0.00173679 0.0634954 0)
(0.011504 0.0548755 0)
(0.0204217 0.045219 0)
(0.0282969 0.0348372 0)
(0.0349715 0.0240533 0)
(0.0403229 0.0131786 0)
(0.0442614 0.00248982 0)
(0.0467246 -0.00779172 0)
(0.0476679 -0.0175134 0)
(0.0470734 -0.0266163 0)
(0.0449503 -0.0351538 0)
(0.0413452 -0.0432691 0)
(0.0363632 -0.051105 0)
(0.0302013 -0.0585965 0)
(0.0231976 -0.0651144 0)
(0.0158639 -0.0689953 0)
(0.00897935 -0.0671131 0)
(0.0032585 -0.0547193 0)
(0.000371075 -0.0259311 0)
(-0.000603396 -0.0205975 0)
(-0.00430838 -0.0422162 0)
(-0.0110418 -0.0498617 0)
(-0.0187067 -0.0489802 0)
(-0.0267499 -0.0440804 0)
(-0.034687 -0.03832 0)
(-0.0423621 -0.0334841 0)
(-0.0497529 -0.0302512 0)
(-0.0568908 -0.0285772 0)
(-0.0638019 -0.0280591 0)
(-0.0704858 -0.0281975 0)
(-0.0769149 -0.0285422 0)
(-0.0830422 -0.0287468 0)
(-0.0888107 -0.0285725 0)
(-0.0941615 -0.027868 0)
(-0.0990383 -0.0265473 0)
(-0.103391 -0.0245699 0)
(-0.107176 -0.0219267 0)
(-0.110357 -0.0186303 0)
(-0.112904 -0.0147082 0)
(-0.114792 -0.0101991 0)
(-0.115999 -0.00515013 0)
(-0.116503 0.000384373 0)
(-0.116283 0.00634226 0)
(-0.115317 0.012651 0)
(-0.113581 0.0192307 0)
(-0.11105 0.0259906 0)
(-0.107698 0.0328265 0)
(-0.1035 0.0396183 0)
(-0.0984342 0.046229 0)
(-0.0924876 0.0525041 0)
(-0.085659 0.0582732 0)
(-0.077965 0.0633538 0)
(-0.0694452 0.0675573 0)
(-0.0601676 0.0706987 0)
(-0.050232 0.0726072 0)
(-0.0397722 0.0731394 0)
(-0.0289548 0.0721925 0)
(-0.0179745 0.0697162 0)
(-0.0070471 0.0657203 0)
(0.00360283 0.0602803 0)
(0.0137441 0.053542 0)
(0.023153 0.0457123 0)
(0.0316257 0.0370433 0)
(0.0389871 0.0278154 0)
(0.0450941 0.0183184 0)
(0.0498359 0.00883174 0)
(0.0531331 -0.000396401 0)
(0.0549305 -0.00916837 0)
(0.0551946 -0.0173529 0)
(0.0539191 -0.0249175 0)
(0.0511231 -0.0319466 0)
(0.0468578 -0.038628 0)
(0.0412221 -0.0451743 0)
(0.034391 -0.0516298 0)
(0.0266658 -0.0575256 0)
(0.0185184 -0.0614067 0)
(0.0107275 -0.06037 0)
(0.00404594 -0.0498441 0)
(0.000517198 -0.0239798 0)
(-0.00063551 -0.0182342 0)
(-0.00443149 -0.0367697 0)
(-0.01122 -0.0427305 0)
(-0.0187956 -0.0411833 0)
(-0.0265832 -0.0362349 0)
(-0.0341155 -0.0307123 0)
(-0.0412777 -0.0261863 0)
(-0.0480981 -0.0232349 0)
(-0.0546561 -0.0217935 0)
(-0.0610173 -0.0214802 0)
(-0.0672095 -0.0218282 0)
(-0.0732213 -0.0224156 0)
(-0.0790119 -0.0229154 0)
(-0.084522 -0.0230979 0)
(-0.0896833 -0.0228142 0)
(-0.0944254 -0.0219757 0)
(-0.0986807 -0.0205362 0)
(-0.102387 -0.0184797 0)
(-0.105489 -0.0158114 0)
(-0.10794 -0.0125527 0)
(-0.109698 -0.00873723 0)
(-0.110728 -0.00440859 0)
(-0.111 0.000380821 0)
(-0.110484 0.00556969 0)
(-0.109158 0.011086 0)
(-0.106998 0.0168495 0)
(-0.103981 0.02277 0)
(-0.10009 0.0287452 0)
(-0.0953104 0.0346594 0)
(-0.0896363 0.0403831 0)
(-0.0830719 0.0457736 0)
(-0.0756368 0.0506769 0)
(-0.0673701 0.0549317 0)
(-0.0583346 0.0583755 0)
(-0.0486204 0.0608527 0)
(-0.0383469 0.0622237 0)
(-0.027663 0.062376 0)
(-0.0167443 0.061234 0)
(-0.0057881 0.0587671 0)
(0.00499619 0.0549976 0)
(0.0153863 0.0500096 0)
(0.02516 0.0439455 0)
(0.0341075 0.0369956 0)
(0.0420413 0.0293874 0)
(0.0488012 0.021372 0)
(0.0542582 0.0132079 0)
(0.0583146 0.00514375 0)
(0.0609047 -0.00260014 0)
(0.0619866 -0.00985035 0)
(0.0615457 -0.0165005 0)
(0.059594 -0.0225438 0)
(0.0561667 -0.0280919 0)
(0.0513235 -0.0333677 0)
(0.0451574 -0.0386382 0)
(0.037817 -0.0440391 0)
(0.0295562 -0.0492499 0)
(0.0207904 -0.0530352 0)
(0.0122716 -0.0527698 0)
(0.00476865 -0.0441739 0)
(0.000660153 -0.0215953 0)
(-0.00067708 -0.0157923 0)
(-0.00457431 -0.0312447 0)
(-0.0114003 -0.0356349 0)
(-0.0188311 -0.0335925 0)
(-0.0262721 -0.0287695 0)
(-0.0332799 -0.0236271 0)
(-0.0397865 -0.0195046 0)
(-0.0458769 -0.0168755 0)
(-0.0516847 -0.0156601 0)
(-0.0573217 -0.0155075 0)
(-0.0628499 -0.0159952 0)
(-0.0682812 -0.0167413 0)
(-0.0735863 -0.0174476 0)
(-0.0787084 -0.0179025 0)
(-0.0835735 -0.0179659 0)
(-0.0880995 -0.0175512 0)
(-0.0922027 -0.0166095 0)
(-0.0958023 -0.0151192 0)
(-0.0988229 -0.0130783 0)
(-0.101197 -0.0105005 0)
(-0.102866 -0.0074118 0)
(-0.103777 -0.00384925 0)
(-0.103889 0.000140358 0)
(-0.103163 0.00450046 0)
(-0.101572 0.00916326 0)
(-0.0990918 0.0140524 0)
(-0.0957043 0.0190817 0)
(-0.0913994 0.0241546 0)
(-0.086175 0.0291632 0)
(-0.0800398 0.0339887 0)
(-0.0730162 0.0385026 0)
(-0.0651435 0.0425691 0)
(-0.0564813 0.0460488 0)
(-0.0471129 0.0488044 0)
(-0.0371467 0.0507074 0)
(-0.0267177 0.051646 0)
(-0.0159858 0.0515331 0)
(-0.00513231 0.0503131 0)
(0.00564723 0.0479711 0)
(0.016141 0.0445428 0)
(0.0261311 0.0401154 0)
(0.035406 0.0348211 0)
(0.0437701 0.0288323 0)
(0.0510504 0.0223517 0)
(0.0571024 0.0156011 0)
(0.0618131 0.00880772 0)
(0.0651026 0.00218865 0)
(0.0669247 -0.00406545 0)
(0.0672599 -0.00980799 0)
(0.0661202 -0.0149601 0)
(0.0635424 -0.0195389 0)
(0.0595817 -0.0236771 0)
(0.0543074 -0.02762 0)
(0.047803 -0.0316697 0)
(0.0401832 -0.0360295 0)
(0.0316414 -0.0405095 0)
(0.0225183 -0.0440986 0)
(0.0135121 -0.044499 0)
(0.0053842 -0.0378352 0)
(0.000792772 -0.018822 0)
(-0.000732366 -0.0132544 0)
(-0.00473987 -0.0256441 0)
(-0.0115713 -0.0286154 0)
(-0.018783 -0.0262866 0)
(-0.0257697 -0.0217949 0)
(-0.0321224 -0.0171997 0)
(-0.037827 -0.0135924 0)
(-0.0430296 -0.0113393 0)
(-0.0479214 -0.0103509 0)
(-0.0526633 -0.0103167 0)
(-0.0573566 -0.01087 0)
(-0.0620405 -0.0116805 0)
(-0.0667028 -0.0124894 0)
(-0.0712936 -0.013112 0)
(-0.0757387 -0.0134244 0)
(-0.0799489 -0.0133477 0)
(-0.0838283 -0.0128346 0)
(-0.0872801 -0.0118604 0)
(-0.0902108 -0.0104173 0)
(-0.092533 -0.00851071 0)
(-0.0941678 -0.00615775 0)
(-0.0950461 -0.0033861 0)
(-0.095109 -0.000233397 0)
(-0.0943073 0.00325277 0)
(-0.0926042 0.0070134 0)
(-0.0899724 0.0109804 0)
(-0.0863959 0.0150763 0)
(-0.0818697 0.0192143 0)
(-0.0764019 0.0232979 0)
(-0.0700144 0.0272221 0)
(-0.0627458 0.0308747 0)
(-0.0546534 0.034139 0)
(-0.0458151 0.0368975 0)
(-0.0363319 0.0390369 0)
(-0.0263282 0.0404531 0)
(-0.0159517 0.0410582 0)
(-0.00537135 0.0407849 0)
(0.00522931 0.0395948 0)
(0.0156485 0.0374889 0)
(0.0256743 0.0345108 0)
(0.0350962 0.0307432 0)
(0.0437145 0.0263061 0)
(0.0513475 0.0213517 0)
(0.0578387 0.0160563 0)
(0.0630623 0.0106109 0)
(0.0669267 0.0052092 0)
(0.0693775 3.41368e-05 0)
(0.0703948 -0.00475644 0)
(0.0699922 -0.00904633 0)
(0.0682142 -0.0127843 0)
(0.0651268 -0.0160075 0)
(0.0608064 -0.0188597 0)
(0.0553282 -0.0215923 0)
(0.0487598 -0.0245182 0)
(0.0411708 -0.027881 0)
(0.0326793 -0.0315983 0)
(0.0235327 -0.0348821 0)
(0.0143465 -0.0358049 0)
(0.00585071 -0.0310031 0)
(0.000908706 -0.0157276 0)
(-0.000802623 -0.0106018 0)
(-0.00490989 -0.0199861 0)
(-0.0116721 -0.0217371 0)
(-0.0185489 -0.0193685 0)
(-0.0249429 -0.0154383 0)
(-0.0304958 -0.0115718 0)
(-0.0352539 -0.00860072 0)
(-0.0394249 -0.00678408 0)
(-0.0432557 -0.00602865 0)
(-0.046955 -0.00607369 0)
(-0.0506621 -0.00661895 0)
(-0.0544448 -0.00739595 0)
(-0.0583101 -0.00819531 0)
(-0.06222 -0.00886749 0)
(-0.0661049 -0.00931171 0)
(-0.069875 -0.0094626 0)
(-0.0734291 -0.00927925 0)
(-0.0766608 -0.00873765 0)
(-0.0794636 -0.00782634 0)
(-0.0817348 -0.00654414 0)
(-0.0833785 -0.00489921 0)
(-0.0843079 -0.00290869 0)
(-0.0844473 -0.000598712 0)
(-0.0837326 0.00199549 0)
(-0.0821148 0.00482798 0)
(-0.0795583 0.00784353 0)
(-0.0760431 0.0109783 0)
(-0.0715649 0.0141595 0)
(-0.0661365 0.0173063 0)
(-0.0597888 0.0203306 0)
(-0.0525722 0.023139 0)
(-0.0445579 0.0256351 0)
(-0.0358389 0.0277233 0)
(-0.0265307 0.0293127 0)
(-0.0167708 0.0303219 0)
(-0.0067183 0.0306824 0)
(0.00345231 0.0303446 0)
(0.0135487 0.0292872 0)
(0.0233655 0.027522 0)
(0.032695 0.0250923 0)
(0.0413362 0.0220732 0)
(0.0491022 0.0185688 0)
(0.0558282 0.0147078 0)
(0.0613785 0.0106372 0)
(0.0656521 0.00651334 0)
(0.0685864 0.00249273 0)
(0.07016 -0.00127937 0)
(0.0703881 -0.00468133 0)
(0.0693234 -0.00762966 0)
(0.0670464 -0.0100978 0)
(0.0636524 -0.0121352 0)
(0.0592356 -0.0138834 0)
(0.0538704 -0.0155789 0)
(0.0475985 -0.0175186 0)
(0.0404331 -0.0199549 0)
(0.0324029 -0.0228867 0)
(0.0236441 -0.0257421 0)
(0.0146606 -0.0269991 0)
(0.00612311 -0.0239026 0)
(0.00100208 -0.0124015 0)
(-0.000878846 -0.00783282 0)
(-0.00501828 -0.0143396 0)
(-0.0115453 -0.0151245 0)
(-0.0178934 -0.0129901 0)
(-0.0235052 -0.00985526 0)
(-0.0280949 -0.00689054 0)
(-0.0317732 -0.00466638 0)
(-0.0348028 -0.00334011 0)
(-0.0374757 -0.00282247 0)
(-0.0400372 -0.00291093 0)
(-0.0426561 -0.00338018 0)
(-0.0454234 -0.00403195 0)
(-0.0483641 -0.00471343 0)
(-0.0514532 -0.0053165 0)
(-0.0546308 -0.00576871 0)
(-0.0578135 -0.00602281 0)
(-0.0609036 -0.0060482 0)
(-0.0637948 -0.00582538 0)
(-0.0663776 -0.00534276 0)
(-0.0685432 -0.0045953 0)
(-0.0701863 -0.00358421 0)
(-0.0712084 -0.00231716 0)
(-0.0715206 -0.000808621 0)
(-0.071045 0.000919772 0)
(-0.0697185 0.00283773 0)
(-0.0674938 0.00490651 0)
(-0.0643413 0.00707975 0)
(-0.0602507 0.00930344 0)
(-0.055232 0.0115163 0)
(-0.0493172 0.0136511 0)
(-0.0425608 0.0156359 0)
(-0.0350408 0.0173966 0)
(-0.0268586 0.0188601 0)
(-0.0181383 0.0199576 0)
(-0.00902673 0.0206281 0)
(0.000311301 0.0208212 0)
(0.00969402 0.0205045 0)
(0.0189246 0.0196698 0)
(0.0278006 0.0183322 0)
(0.0361227 0.0165308 0)
(0.0437028 0.0143282 0)
(0.0503718 0.0118078 0)
(0.0559876 0.00907058 0)
(0.060442 0.00622891 0)
(0.0636658 0.00340034 0)
(0.0656324 0.000699684 0)
(0.0663579 -0.00176886 0)
(0.0658979 -0.00392179 0)
(0.0643431 -0.00570691 0)
(0.0618063 -0.00711618 0)
(0.0584064 -0.00820024 0)
(0.0542471 -0.00908199 0)
(0.0493934 -0.00996042 0)
(0.0438529 -0.0110874 0)
(0.0375742 -0.012692 0)
(0.0304887 -0.014825 0)
(0.0226092 -0.017117 0)
(0.0142993 -0.0184725 0)
(0.00613625 -0.0168231 0)
(0.00106286 -0.00895924 0)
(-0.000927911 -0.00501308 0)
(-0.0049028 -0.00889162 0)
(-0.0108533 -0.00902606 0)
(-0.0163439 -0.00739987 0)
(-0.0209058 -0.00525653 0)
(-0.0243506 -0.00331511 0)
(-0.0268475 -0.00190158 0)
(-0.028694 -0.00108719 0)
(-0.0302012 -0.000797508 0)
(-0.031626 -0.000895067 0)
(-0.0331468 -0.00123409 0)
(-0.0348638 -0.00168982 0)
(-0.0368119 -0.00216835 0)
(-0.0389779 -0.00260479 0)
(-0.0413143 -0.00295649 0)
(-0.0437514 -0.00319585 0)
(-0.0462048 -0.00330465 0)
(-0.0485807 -0.00327043 0)
(-0.0507802 -0.00308457 0)
(-0.0527018 -0.00274151 0)
(-0.0542449 -0.00223887 0)
(-0.0553117 -0.00157782 0)
(-0.0558104 -0.000763619 0)
(-0.0556574 0.000194 0)
(-0.0547805 0.00127965 0)
(-0.0531222 0.00247172 0)
(-0.0506419 0.00374295 0)
(-0.0473181 0.00506026 0)
(-0.0431512 0.00638493 0)
(-0.0381647 0.00767321 0)
(-0.0324067 0.00887758 0)
(-0.0259506 0.00994847 0)
(-0.0188946 0.0108367 0)
(-0.0113611 0.0114962 0)
(-0.00349502 0.0118863 0)
(0.00454207 0.0119757 0)
(0.0125711 0.0117462 0)
(0.0204035 0.0111959 0)
(0.0278501 0.0103383 0)
(0.0347293 0.00920319 0)
(0.0408753 0.00783539 0)
(0.0461457 0.00629292 0)
(0.0504296 0.00464375 0)
(0.0536529 0.00296185 0)
(0.0557827 0.00132248 0)
(0.0568296 -0.000202836 0)
(0.0568445 -0.0015515 0)
(0.0559165 -0.00267591 0)
(0.0541625 -0.00354956 0)
(0.0517143 -0.00417447 0)
(0.0486999 -0.0045908 0)
(0.0452208 -0.00488674 0)
(0.0413249 -0.00520303 0)
(0.0369841 -0.00572066 0)
(0.032088 -0.00661481 0)
(0.0264787 -0.00795627 0)
(0.0200481 -0.00955233 0)
(0.0129973 -0.0107318 0)
(0.00576506 -0.0101566 0)
(0.00106609 -0.00557547 0)
(-0.000859649 -0.00224015 0)
(-0.0042133 -0.00389378 0)
(-0.00894049 -0.00373522 0)
(-0.0130238 -0.00284607 0)
(-0.016158 -0.00180812 0)
(-0.0182707 -0.000925174 0)
(-0.0195615 -0.000314781 0)
(-0.0203137 1.38208e-05 0)
(-0.0208045 0.000107943 0)
(-0.0212562 3.57201e-05 0)
(-0.0218203 -0.000136426 0)
(-0.022582 -0.00035486 0)
(-0.0235728 -0.000581285 0)
(-0.024786 -0.000790604 0)
(-0.0261892 -0.000967102 0)
(-0.0277329 -0.00110092 0)
(-0.0293567 -0.00118552 0)
(-0.0309929 -0.0012161 0)
(-0.0325687 -0.00118879 0)
(-0.0340079 -0.00110042 0)
(-0.0352326 -0.000948639 0)
(-0.0361649 -0.000732244 0)
(-0.0367284 -0.000451529 0)
(-0.0368511 -0.000108509 0)
(-0.0364669 0.000292588 0)
(-0.0355195 0.000744775 0)
(-0.0339645 0.00123819 0)
(-0.0317728 0.00176001 0)
(-0.0289327 0.00229434 0)
(-0.0254528 0.00282224 0)
(-0.0213637 0.00332223 0)
(-0.0167194 0.00377118 0)
(-0.0115972 0.00414555 0)
(-0.00609737 0.00442297 0)
(-0.000340645 0.00458351 0)
(0.00553466 0.00461316 0)
(0.0113772 0.00450541 0)
(0.0170315 0.00426075 0)
(0.0223446 0.00388739 0)
(0.0271736 0.00340102 0)
(0.031393 0.00282409 0)
(0.0349017 0.00218453 0)
(0.0376288 0.00151393 0)
(0.0395376 0.000845481 0)
(0.0406278 0.000211747 0)
(0.0409351 -0.000357435 0)
(0.040528 -0.000837452 0)
(0.039503 -0.00121048 0)
(0.0379753 -0.00146754 0)
(0.0360671 -0.00161168 0)
(0.0338916 -0.00166258 0)
(0.0315323 -0.00166215 0)
(0.0290181 -0.00167847 0)
(0.0263 -0.00180294 0)
(0.0232402 -0.00213211 0)
(0.0196346 -0.00272477 0)
(0.0152905 -0.00352663 0)
(0.010243 -0.00425655 0)
(0.00473277 -0.00429033 0)
(0.000939242 -0.00241063 0)
(-0.000450783 -0.000434605 0)
(-0.00221808 -0.00076128 0)
(-0.00459477 -0.000654431 0)
(-0.00643465 -0.000420066 0)
(-0.00766295 -0.000187544 0)
(-0.00830948 -1.06942e-05 0)
(-0.00852927 9.83525e-05 0)
(-0.00849554 0.000146932 0)
(-0.0083608 0.000150173 0)
(-0.00823813 0.000124418 0)
(-0.0081991 8.34032e-05 0)
(-0.00828043 3.68429e-05 0)
(-0.00849362 -9.31813e-06 0)
(-0.00883364 -5.18097e-05 0)
(-0.00928532 -8.89628e-05 0)
(-0.00982742 -0.000119908 0)
(-0.0104348 -0.000144091 0)
(-0.0110797 -0.000161009 0)
(-0.011732 -0.000170082 0)
(-0.0123597 -0.000170628 0)
(-0.0129291 -0.000161918 0)
(-0.0134053 -0.000143274 0)
(-0.0137528 -0.000114172 0)
(-0.0139362 -7.42995e-05 0)
(-0.0139218 -2.36667e-05 0)
(-0.0136781 3.72291e-05 0)
(-0.0131782 0.000107379 0)
(-0.0124011 0.000185196 0)
(-0.0113335 0.00026836 0)
(-0.00997151 0.000353731 0)
(-0.00832285 0.000437357 0)
(-0.00640793 0.000514619 0)
(-0.00426079 0.000580516 0)
(-0.00192925 0.000629991 0)
(0.000526451 0.000658168 0)
(0.00303665 0.000661895 0)
(0.00552571 0.000640594 0)
(0.00791588 0.000595281 0)
(0.010132 0.000528312 0)
(0.0121063 0.000443424 0)
(0.013782 0.000345531 0)
(0.0151173 0.000240355 0)
(0.0160875 0.000134019 0)
(0.0166867 3.25983e-05 0)
(0.0169276 -5.8283e-05 0)
(0.0168405 -0.000133733 0)
(0.016471 -0.000189926 0)
(0.0158764 -0.000224385 0)
(0.0151219 -0.000235977 0)
(0.0142745 -0.000225429 0)
(0.0133959 -0.00019638 0)
(0.0125314 -0.000157022 0)
(0.0116951 -0.000121831 0)
(0.0108535 -0.000112198 0)
(0.00991269 -0.000154032 0)
(0.00872188 -0.000269763 0)
(0.00710494 -0.000461533 0)
(0.00498442 -0.00068078 0)
(0.00237296 -0.000789149 0)
(0.000470319 -0.000444321 0)
)
;

boundaryField
{
    bottomwall
    {
        type            noSlip;
    }
    topwall
    {
        type            noSlip;
    }
    coldwall
    {
        type            noSlip;
    }
    radinlet
    {
        type            noSlip;
    }
    hotwall
    {
        type            noSlip;
    }
    frontAndback
    {
        type            empty;
    }
}


// ************************************************************************* //
