/*--------------------------------*- C++ -*----------------------------------*\
| =========                 |                                                 |
| \\      /  F ield         | OpenFOAM: The Open Source CFD Toolbox           |
|  \\    /   O peration     | Version:  2406                                  |
|   \\  /    A nd           | Website:  www.openfoam.com                      |
|    \\/     M anipulation  |                                                 |
\*---------------------------------------------------------------------------*/
FoamFile
{
    version     2.0;
    format      ascii;
    arch        "LSB;label=32;scalar=64";
    class       surfaceScalarField;
    location    "15000";
    object      phi;
}
// * * * * * * * * * * * * * * * * * * * * * * * * * * * * * * * * * * * * * //

dimensions      [0 3 -1 0 0 0 0];

oriented        oriented;

internalField   nonuniform List<scalar> 
7080
(
1.33201e-06
-1.33201e-06
2.9072e-06
-1.57519e-06
4.2833e-06
-1.3761e-06
5.50934e-06
-1.22603e-06
6.68814e-06
-1.17881e-06
7.88393e-06
-1.19578e-06
9.11642e-06
-1.2325e-06
1.0373e-05
-1.25655e-06
1.1622e-05
-1.24903e-06
1.28234e-05
-1.2014e-06
1.3936e-05
-1.11256e-06
1.49223e-05
-9.86311e-07
1.57518e-05
-8.2957e-07
1.64027e-05
-6.50821e-07
1.68616e-05
-4.5898e-07
1.71242e-05
-2.62561e-07
1.71933e-05
-6.9133e-08
1.70784e-05
1.14895e-07
1.67939e-05
2.8452e-07
1.63578e-05
4.36078e-07
1.57908e-05
5.67055e-07
1.51149e-05
6.75884e-07
1.4353e-05
7.61921e-07
1.35274e-05
8.25566e-07
1.26588e-05
8.68644e-07
1.17637e-05
8.9505e-07
1.08523e-05
9.11452e-07
9.92467e-06
9.27596e-07
8.96911e-06
9.5556e-07
7.96167e-06
1.00745e-06
6.87002e-06
1.09165e-06
5.66103e-06
1.20898e-06
4.31002e-06
1.35102e-06
2.80741e-06
1.5026e-06
1.15893e-06
1.64848e-06
-6.20973e-07
1.7799e-06
-2.51648e-06
1.8955e-06
-4.51159e-06
1.99511e-06
-6.58456e-06
2.07297e-06
-8.69882e-06
2.11426e-06
-1.07973e-05
2.09844e-06
-1.28041e-05
2.00681e-06
-1.46336e-05
1.82956e-06
-1.62028e-05
1.56917e-06
-1.74423e-05
1.2395e-06
-1.83041e-05
8.61818e-07
-1.8764e-05
4.59875e-07
-1.88199e-05
5.58839e-08
-1.84884e-05
-3.31501e-07
-1.78004e-05
-6.8796e-07
-1.67964e-05
-1.00399e-06
-1.55223e-05
-1.27413e-06
-1.40254e-05
-1.49692e-06
-1.23491e-05
-1.67626e-06
-1.05253e-05
-1.8238e-06
-8.56407e-06
-1.96124e-06
-6.44809e-06
-2.11598e-06
-4.15203e-06
-2.29606e-06
-1.76615e-06
-2.38588e-06
-1.76615e-06
1.60996e-06
-2.94197e-06
4.39972e-06
-4.36495e-06
7.533e-06
-4.50938e-06
1.07466e-05
-4.43964e-06
1.39957e-05
-4.4279e-06
1.72858e-05
-4.48592e-06
2.06086e-05
-4.55524e-06
2.39274e-05
-4.57534e-06
2.71819e-05
-4.50356e-06
3.02981e-05
-4.31759e-06
3.3198e-05
-4.01251e-06
3.58082e-05
-3.59645e-06
3.8065e-05
-3.08641e-06
3.99188e-05
-2.50457e-06
4.13351e-05
-1.87528e-06
4.22952e-05
-1.22271e-06
4.27954e-05
-5.69301e-07
4.28451e-05
6.52303e-08
4.24652e-05
6.64334e-07
4.16862e-05
1.21509e-06
4.05452e-05
1.70808e-06
3.90841e-05
2.13696e-06
3.73475e-05
2.49854e-06
3.53799e-05
2.79321e-06
3.32226e-05
3.02597e-06
3.09096e-05
3.20806e-06
2.84623e-05
3.35868e-06
2.58841e-05
3.50584e-06
2.3155e-05
3.68466e-06
2.02309e-05
3.93152e-06
1.70486e-05
4.27401e-06
1.35383e-05
4.71927e-06
9.64279e-06
5.24649e-06
5.3358e-06
5.8096e-06
6.32338e-07
6.35194e-06
-4.40937e-06
6.82161e-06
-9.69458e-06
7.18072e-06
-1.50997e-05
7.40022e-06
-2.0475e-05
7.44829e-06
-2.56488e-05
7.28802e-06
-3.04376e-05
6.88726e-06
-3.46632e-05
6.23239e-06
-3.81708e-05
5.3372e-06
-4.08442e-05
4.24254e-06
-4.2613e-05
3.00833e-06
-4.34533e-05
1.70213e-06
-4.33821e-05
3.88714e-07
-4.24506e-05
-8.75642e-07
-4.07359e-05
-2.04624e-06
-3.83321e-05
-3.09172e-06
-3.53433e-05
-3.99283e-06
-3.18764e-05
-4.74098e-06
-2.80348e-05
-5.33852e-06
-2.39109e-05
-5.80014e-06
-1.95811e-05
-6.15363e-06
-1.5108e-05
-6.43438e-06
-1.05645e-05
-6.65948e-06
-6.11548e-06
-6.74506e-06
-2.21322e-06
-6.28814e-06
-3.97937e-06
1.25066e-06
-4.19263e-06
4.17645e-06
-7.29074e-06
8.04903e-06
-8.38196e-06
1.24268e-05
-8.81746e-06
1.70889e-05
-9.08992e-06
2.19165e-05
-9.31352e-06
2.68228e-05
-9.46153e-06
3.17219e-05
-9.47452e-06
3.65208e-05
-9.30239e-06
4.11206e-05
-8.91746e-06
4.54234e-05
-8.31526e-06
4.93374e-05
-7.51046e-06
5.27825e-05
-6.53156e-06
5.56936e-05
-5.41558e-06
5.80218e-05
-4.20357e-06
5.9736e-05
-2.9369e-06
6.08214e-05
-1.65472e-06
6.12789e-05
-3.92177e-07
6.1123e-05
8.20221e-07
6.03804e-05
1.95763e-06
5.90875e-05
3.00104e-06
5.72874e-05
3.93701e-06
5.50281e-05
4.75789e-06
5.23586e-05
5.46263e-06
4.9326e-05
6.05862e-06
4.59697e-05
6.56438e-06
4.23157e-05
7.01259e-06
3.83697e-05
7.45187e-06
3.411e-05
7.94441e-06
2.94849e-05
8.55663e-06
2.44175e-05
9.34138e-06
1.88217e-05
1.03151e-05
1.26286e-05
1.14396e-05
5.8174e-06
1.26207e-05
-1.5607e-06
1.373e-05
-9.3717e-06
1.46326e-05
-1.74073e-05
1.52163e-05
-2.54049e-05
1.53978e-05
-3.30721e-05
1.51155e-05
-4.0115e-05
1.4331e-05
-4.62689e-05
1.30411e-05
-5.13237e-05
1.12872e-05
-5.51401e-05
9.15361e-06
-5.7652e-05
6.75444e-06
-5.88587e-05
4.21505e-06
-5.88115e-05
1.65484e-06
-5.75993e-05
-8.23434e-07
-5.53376e-05
-3.1373e-06
-5.21574e-05
-5.22647e-06
-4.81975e-05
-7.05163e-06
-4.36005e-05
-8.58985e-06
-3.85085e-05
-9.83302e-06
-3.30593e-05
-1.07877e-05
-2.73845e-05
-1.14749e-05
-2.16124e-05
-1.19258e-05
-1.58829e-05
-1.21639e-05
-1.03875e-05
-1.21549e-05
-5.45148e-06
-1.1681e-05
-1.6716e-06
-1.0068e-05
-5.65096e-06
8.74718e-07
-5.06735e-06
3.51895e-06
-9.93496e-06
7.48521e-06
-1.23482e-05
1.23412e-05
-1.36735e-05
1.77713e-05
-1.452e-05
2.35506e-05
-1.50928e-05
2.95067e-05
-1.54176e-05
3.54933e-05
-1.54611e-05
4.13773e-05
-1.51864e-05
4.70351e-05
-1.45752e-05
5.23528e-05
-1.3633e-05
5.72287e-05
-1.23864e-05
6.15754e-05
-1.08782e-05
6.53213e-05
-9.16148e-06
6.84112e-05
-7.29352e-06
7.08064e-05
-5.33207e-06
7.24835e-05
-3.33179e-06
7.34334e-05
-1.34215e-06
7.366e-05
5.93625e-07
7.31784e-05
2.43929e-06
7.20133e-05
4.16606e-06
7.01974e-05
5.753e-06
6.7768e-05
7.18726e-06
6.47653e-05
8.46529e-06
6.12285e-05
9.59545e-06
5.7191e-05
1.06019e-05
5.26748e-05
1.15288e-05
4.76829e-05
1.24438e-05
4.21924e-05
1.34349e-05
3.61506e-05
1.45984e-05
2.94799e-05
1.60121e-05
2.20962e-05
1.76989e-05
1.39423e-05
1.95935e-05
5.03042e-06
2.15327e-05
-4.52354e-06
2.3284e-05
-1.44815e-05
2.45906e-05
-2.4504e-05
2.52387e-05
-3.41919e-05
2.50857e-05
-4.31378e-05
2.40614e-05
-5.09787e-05
2.21719e-05
-5.74373e-05
1.94997e-05
-6.23439e-05
1.61939e-05
-6.56363e-05
1.2446e-05
-6.73418e-05
8.45987e-06
-6.75514e-05
4.42463e-06
-6.6395e-05
4.98472e-07
-6.40234e-05
-3.19501e-06
-6.05947e-05
-6.56599e-06
-5.62665e-05
-9.55471e-06
-5.11958e-05
-1.21223e-05
-4.55398e-05
-1.42459e-05
-3.94565e-05
-1.59163e-05
-3.31066e-05
-1.71376e-05
-2.66565e-05
-1.79251e-05
-2.02864e-05
-1.82958e-05
-1.42088e-05
-1.82415e-05
-8.69889e-06
-1.76648e-05
-4.13953e-06
-1.62404e-05
-1.05365e-06
-1.31539e-05
-6.70461e-06
6.27258e-07
-5.69461e-06
2.93966e-06
-1.22474e-05
6.73707e-06
-1.61456e-05
1.16744e-05
-1.86108e-05
1.74176e-05
-2.02632e-05
2.36831e-05
-2.13583e-05
3.02353e-05
-2.19698e-05
3.68753e-05
-2.21012e-05
4.34323e-05
-2.17434e-05
4.9758e-05
-2.0901e-05
5.57248e-05
-1.95997e-05
6.12243e-05
-1.78858e-05
6.61669e-05
-1.58209e-05
7.04809e-05
-1.34755e-05
7.41112e-05
-1.09238e-05
7.70178e-05
-8.23864e-06
7.9174e-05
-5.48797e-06
8.05647e-05
-2.73292e-06
8.11847e-05
-2.63259e-08
8.10369e-05
2.5871e-06
8.01317e-05
5.07127e-06
7.84851e-05
7.39961e-06
7.61171e-05
9.55524e-06
7.30498e-05
1.15325e-05
6.93051e-05
1.33402e-05
6.49005e-05
1.50064e-05
5.98451e-05
1.65842e-05
5.41327e-05
1.81562e-05
4.77358e-05
1.98318e-05
4.06028e-05
2.17314e-05
3.26635e-05
2.39514e-05
2.3851e-05
2.65113e-05
1.41413e-05
2.93032e-05
3.60305e-06
3.20709e-05
-7.56039e-06
3.44474e-05
-1.89947e-05
3.60249e-05
-3.02359e-05
3.648e-05
-4.07779e-05
3.56277e-05
-5.015e-05
3.34336e-05
-5.79846e-05
3.00065e-05
-6.40555e-05
2.55705e-05
-6.82825e-05
2.04208e-05
-7.07074e-05
1.48709e-05
-7.14553e-05
9.20779e-06
-7.06956e-05
3.66493e-06
-6.86126e-05
-1.5845e-06
-6.5387e-05
-6.42066e-06
-6.11871e-05
-1.07659e-05
-5.61711e-05
-1.45707e-05
-5.04924e-05
-1.7801e-05
-4.43062e-05
-2.0432e-05
-3.77751e-05
-2.24474e-05
-3.10743e-05
-2.38384e-05
-2.43978e-05
-2.46016e-05
-1.79663e-05
-2.47273e-05
-1.20388e-05
-2.4169e-05
-6.92564e-06
-2.2778e-05
-2.99122e-06
-2.01748e-05
-6.11373e-07
-1.55338e-05
-7.31598e-06
5.15712e-07
-6.21032e-06
2.60019e-06
-1.43318e-05
6.20307e-06
-1.97485e-05
1.10675e-05
-2.34752e-05
1.68789e-05
-2.60747e-05
2.33332e-05
-2.78126e-05
3.01588e-05
-2.87954e-05
3.7121e-05
-2.90633e-05
4.40198e-05
-2.86423e-05
5.06876e-05
-2.75688e-05
5.69859e-05
-2.5898e-05
6.28029e-05
-2.37028e-05
6.80504e-05
-2.10684e-05
7.26611e-05
-1.80861e-05
7.6585e-05
-1.48477e-05
7.97866e-05
-1.14403e-05
8.22417e-05
-7.9431e-06
8.39348e-05
-4.426e-06
8.48565e-05
-9.48057e-07
8.50018e-05
2.44179e-06
8.43684e-05
5.70467e-06
8.29562e-05
8.81181e-06
8.07661e-05
1.17454e-05
7.77986e-05
1.44999e-05
7.40531e-05
1.70857e-05
6.95251e-05
1.95344e-05
6.42036e-05
2.19058e-05
5.80667e-05
2.42931e-05
5.10781e-05
2.68204e-05
4.3186e-05
2.96235e-05
3.43327e-05
3.28047e-05
2.4479e-05
3.6365e-05
1.36489e-05
4.01333e-05
1.98334e-06
4.37365e-05
-1.02174e-05
4.66481e-05
-2.24882e-05
4.82957e-05
-3.42666e-05
4.82584e-05
-4.49852e-05
4.63462e-05
-5.41676e-05
4.2616e-05
-6.14971e-05
3.7336e-05
-6.68396e-05
3.09131e-05
-7.02229e-05
2.38041e-05
-7.17883e-05
1.64364e-05
-7.17369e-05
9.15638e-06
-7.02844e-05
2.21243e-06
-6.7634e-05
-4.23491e-06
-6.39634e-05
-1.00913e-05
-5.94258e-05
-1.53034e-05
-5.41606e-05
-1.98359e-05
-4.83041e-05
-2.36575e-05
-4.19999e-05
-2.67362e-05
-3.54083e-05
-2.9039e-05
-2.87129e-05
-3.05338e-05
-2.21261e-05
-3.11884e-05
-1.58933e-05
-3.096e-05
-1.02955e-05
-2.97669e-05
-5.64429e-06
-2.74291e-05
-2.25662e-06
-2.35625e-05
-3.76004e-07
-1.74144e-05
-7.69199e-06
5.07133e-07
-6.71745e-06
2.50046e-06
-1.63252e-05
5.98779e-06
-2.32358e-05
1.07695e-05
-2.82569e-05
1.65574e-05
-3.18626e-05
2.30466e-05
-3.43018e-05
2.99497e-05
-3.56986e-05
3.70117e-05
-3.61253e-05
4.40145e-05
-3.56451e-05
5.07782e-05
-3.43324e-05
5.71583e-05
-3.22782e-05
6.30432e-05
-2.95877e-05
6.83494e-05
-2.63746e-05
7.30171e-05
-2.27539e-05
7.70055e-05
-1.88361e-05
8.02876e-05
-1.47224e-05
8.28464e-05
-1.0502e-05
8.46711e-05
-6.25066e-06
8.57535e-05
-2.0305e-06
8.60859e-05
2.10944e-06
8.56585e-05
6.13204e-06
8.44592e-05
1.00111e-05
8.24724e-05
1.37323e-05
7.96784e-05
1.72939e-05
7.60534e-05
2.07107e-05
7.15685e-05
2.40193e-05
6.61889e-05
2.72853e-05
5.98729e-05
3.06091e-05
5.2571e-05
3.41223e-05
4.42299e-05
3.79646e-05
3.48054e-05
4.22291e-05
2.42921e-05
4.68783e-05
1.27696e-05
5.16558e-05
4.56362e-07
5.60497e-05
-1.2254e-05
5.93585e-05
-2.48074e-05
6.08491e-05
-3.65808e-05
6.00318e-05
-4.69946e-05
5.67601e-05
-5.56155e-05
5.12369e-05
-6.22132e-05
4.39337e-05
-6.67595e-05
3.54594e-05
-6.93816e-05
2.64261e-05
-7.02951e-05
1.73499e-05
-6.97426e-05
8.60386e-06
-6.79506e-05
4.20433e-07
-6.51092e-05
-7.07625e-06
-6.13696e-05
-1.38309e-05
-5.68546e-05
-1.98184e-05
-5.16747e-05
-2.50159e-05
-4.59428e-05
-2.93894e-05
-3.97879e-05
-3.28911e-05
-3.33645e-05
-3.54624e-05
-2.68596e-05
-3.70387e-05
-2.0496e-05
-3.7552e-05
-1.45316e-05
-3.69244e-05
-9.2534e-06
-3.50451e-05
-4.96042e-06
-3.17221e-05
-1.9242e-06
-2.65987e-05
-3.03238e-07
-1.90353e-05
-7.99522e-06
5.62719e-07
-7.28017e-06
2.57921e-06
-1.83417e-05
6.05055e-06
-2.67072e-05
1.07992e-05
-3.30056e-05
1.65547e-05
-3.76181e-05
2.3017e-05
-4.0764e-05
2.98936e-05
-4.25752e-05
3.69203e-05
-4.31519e-05
4.38704e-05
-4.25952e-05
5.05587e-05
-4.10208e-05
5.68406e-05
-3.856e-05
6.26082e-05
-3.53553e-05
6.77859e-05
-3.15523e-05
7.2324e-05
-2.7292e-05
7.61927e-05
-2.27047e-05
7.93762e-05
-1.79059e-05
8.18677e-05
-1.29934e-05
8.36641e-05
-8.04713e-06
8.47629e-05
-3.12929e-06
8.51582e-05
1.7142e-06
8.48383e-05
6.45195e-06
8.37844e-05
1.1065e-05
8.19695e-05
1.55471e-05
7.93581e-05
1.99053e-05
7.59062e-05
2.41626e-05
7.15622e-05
2.83634e-05
6.62675e-05
3.258e-05
5.99588e-05
3.69178e-05
5.25717e-05
4.15095e-05
4.40493e-05
4.64869e-05
3.43613e-05
5.19171e-05
2.35368e-05
5.77029e-05
1.17118e-05
6.34808e-05
-8.22428e-07
6.85839e-05
-1.35945e-05
7.21305e-05
-2.59926e-05
7.32473e-05
-3.73747e-05
7.14139e-05
-4.71917e-05
6.6577e-05
-5.50849e-05
5.91302e-05
-6.09234e-05
4.97722e-05
-6.4776e-05
3.9312e-05
-6.68438e-05
2.84939e-05
-6.73827e-05
1.78888e-05
-6.66421e-05
7.86331e-06
-6.48305e-05
-1.3912e-06
-6.2104e-05
-9.80275e-06
-5.85748e-05
-1.73601e-05
-5.43291e-05
-2.40641e-05
-4.94463e-05
-2.98987e-05
-4.40158e-05
-3.48198e-05
-3.81516e-05
-3.87553e-05
-3.20016e-05
-4.16124e-05
-2.5753e-05
-4.32872e-05
-1.96335e-05
-4.36715e-05
-1.39059e-05
-4.2652e-05
-8.85626e-06
-4.00947e-05
-4.77015e-06
-3.58082e-05
-1.88922e-06
-2.94796e-05
-3.34457e-07
-2.05901e-05
-8.32968e-06
6.4978e-07
-7.92995e-06
2.76378e-06
-2.04557e-05
6.29854e-06
-3.02419e-05
1.10708e-05
-3.77778e-05
1.68145e-05
-4.33618e-05
2.32324e-05
-4.71819e-05
3.0031e-05
-4.93738e-05
3.69434e-05
-5.00643e-05
4.37415e-05
-4.93934e-05
5.02415e-05
-4.75207e-05
5.63032e-05
-4.46217e-05
6.18268e-05
-4.08789e-05
6.67469e-05
-3.64724e-05
7.10255e-05
-3.15706e-05
7.4645e-05
-2.63243e-05
7.76017e-05
-2.08626e-05
7.98995e-05
-1.52912e-05
8.1545e-05
-9.69262e-06
8.25429e-05
-4.12716e-06
8.28923e-05
1.36475e-06
8.25838e-05
6.76045e-06
8.15969e-05
1.20519e-05
7.98988e-05
1.72453e-05
7.74435e-05
2.23606e-05
7.41724e-05
2.74337e-05
7.00152e-05
3.25205e-05
6.48928e-05
3.77024e-05
5.87219e-05
4.30887e-05
5.14232e-05
4.88081e-05
4.29362e-05
5.4974e-05
3.32428e-05
6.16105e-05
2.24047e-05
6.8541e-05
1.06088e-05
7.52766e-05
-1.79285e-06
8.09856e-05
-1.4275e-05
8.46127e-05
-2.62026e-05
8.51748e-05
-3.69515e-05
8.21628e-05
-4.60334e-05
7.56589e-05
-5.31786e-05
6.62755e-05
-5.83492e-05
5.49427e-05
-6.16883e-05
4.26511e-05
-6.34388e-05
3.02444e-05
-6.38641e-05
1.83141e-05
-6.31936e-05
7.19287e-06
-6.15987e-05
-2.98613e-06
-5.91922e-05
-1.22093e-05
-5.60449e-05
-2.05074e-05
-5.2207e-05
-2.79019e-05
-4.77293e-05
-3.43764e-05
-4.26804e-05
-3.98687e-05
-3.71608e-05
-4.42749e-05
-3.13116e-05
-4.74616e-05
-2.53185e-05
-4.92803e-05
-1.94104e-05
-4.95797e-05
-1.38514e-05
-4.8211e-05
-8.9257e-06
-4.50205e-05
-4.9105e-06
-3.98234e-05
-2.03537e-06
-3.23548e-05
-4.19628e-07
-2.22058e-05
-8.74931e-06
7.45378e-07
-8.67533e-06
2.99351e-06
-2.27038e-05
6.63894e-06
-3.38874e-05
1.14742e-05
-4.26131e-05
1.72259e-05
-4.91135e-05
2.35944e-05
-5.35504e-05
3.02859e-05
-5.60652e-05
3.70344e-05
-5.68128e-05
4.36156e-05
-5.59746e-05
4.98522e-05
-5.37573e-05
5.56134e-05
-5.03829e-05
6.08109e-05
-4.60764e-05
6.53917e-05
-4.10532e-05
6.93306e-05
-3.55095e-05
7.26224e-05
-2.96161e-05
7.52747e-05
-2.35149e-05
7.73018e-05
-1.73183e-05
7.87193e-05
-1.111e-05
7.95393e-05
-4.9472e-06
7.97672e-05
1.13687e-06
7.93977e-05
7.12998e-06
7.84121e-05
1.30375e-05
7.67763e-05
1.88811e-05
7.44396e-05
2.46973e-05
7.13342e-05
3.05391e-05
6.7377e-05
3.64777e-05
6.24732e-05
4.26062e-05
5.65237e-05
4.90383e-05
4.9437e-05
5.58948e-05
4.11495e-05
6.32615e-05
3.16544e-05
7.11056e-05
2.10414e-05
7.9154e-05
9.53907e-06
8.6779e-05
-2.45726e-06
9.29819e-05
-1.43953e-05
9.65507e-05
-2.56481e-05
9.64276e-05
-3.56387e-05
9.21534e-05
-4.39564e-05
8.39766e-05
-5.04194e-05
7.27384e-05
-5.50645e-05
5.95879e-05
-5.8081e-05
4.56676e-05
-5.97232e-05
3.18866e-05
-6.02364e-05
1.88272e-05
-5.98129e-05
6.76943e-06
-5.85791e-05
-4.21996e-06
-5.66039e-05
-1.41845e-05
-5.39199e-05
-2.31915e-05
-5.05463e-05
-3.12754e-05
-4.65101e-05
-3.84127e-05
-4.18624e-05
-4.45163e-05
-3.66921e-05
-4.94452e-05
-3.1133e-05
-5.30207e-05
-2.53675e-05
-5.50459e-05
-1.96235e-05
-5.53237e-05
-1.41654e-05
-5.36691e-05
-9.27684e-06
-4.99091e-05
-5.23412e-06
-4.38661e-05
-2.26968e-06
-3.53192e-05
-5.24049e-07
-2.39515e-05
-9.27336e-06
8.36053e-07
-9.51138e-06
3.22712e-06
-2.50949e-05
7.00119e-06
-3.76614e-05
1.19162e-05
-4.75282e-05
1.76823e-05
-5.48795e-05
2.39926e-05
-5.98607e-05
3.05522e-05
-6.26248e-05
3.70986e-05
-6.33592e-05
4.34151e-05
-6.22912e-05
4.93356e-05
-5.96778e-05
5.47428e-05
-5.57901e-05
5.95627e-05
-5.08964e-05
6.37569e-05
-4.52474e-05
6.73135e-05
-3.9066e-05
7.02391e-05
-3.25417e-05
7.25514e-05
-2.58273e-05
7.42735e-05
-1.90404e-05
7.54281e-05
-1.22646e-05
7.60337e-05
-5.55281e-06
7.61009e-05
1.0696e-06
7.56292e-05
7.60173e-06
7.46032e-05
1.40636e-05
7.29905e-05
2.04938e-05
7.07395e-05
2.69483e-05
6.77787e-05
3.34998e-05
6.4018e-05
4.02384e-05
5.93529e-05
4.72713e-05
5.36735e-05
5.47176e-05
4.68805e-05
6.26878e-05
3.89092e-05
7.12329e-05
2.97633e-05
8.02515e-05
1.95552e-05
8.93621e-05
8.54317e-06
9.7791e-05
-2.85292e-06
0.000104378
-1.40796e-05
0.000107777
-2.45444e-05
0.000106892
-3.37364e-05
0.000101345
-4.1327e-05
9.15672e-05
-4.72111e-05
7.86225e-05
-5.14779e-05
6.38546e-05
-5.4335e-05
4.85247e-05
-5.60239e-05
3.35755e-05
-5.67554e-05
1.95587e-05
-5.66774e-05
6.69138e-06
-5.58711e-05
-5.02626e-06
-5.43664e-05
-1.56892e-05
-5.21644e-05
-2.53935e-05
-4.92597e-05
-3.41801e-05
-4.56603e-05
-4.20121e-05
-4.14033e-05
-4.87733e-05
-3.65663e-05
-5.42822e-05
-3.12752e-05
-5.83119e-05
-2.57067e-05
-6.06144e-05
-2.0086e-05
-6.09444e-05
-1.46773e-05
-5.90778e-05
-9.76639e-06
-5.482e-05
-5.63556e-06
-4.7997e-05
-2.53121e-06
-3.84236e-05
-6.2771e-07
-2.5855e-05
-9.90107e-06
9.15639e-07
-1.0427e-05
3.44137e-06
-2.76206e-05
7.3407e-06
-4.15608e-05
1.23321e-05
-5.25196e-05
1.81035e-05
-6.06509e-05
2.43373e-05
-6.60946e-05
3.07369e-05
-6.90243e-05
3.70454e-05
-6.96677e-05
4.30573e-05
-6.83031e-05
4.86214e-05
-6.52419e-05
5.36375e-05
-6.08062e-05
5.80487e-05
-5.53076e-05
6.18322e-05
-4.90309e-05
6.49898e-05
-4.22237e-05
6.75391e-05
-3.50909e-05
6.95063e-05
-2.77945e-05
7.09207e-05
-2.04548e-05
7.18102e-05
-1.31541e-05
7.21975e-05
-5.94008e-06
7.20968e-05
1.17034e-06
7.15109e-05
8.1876e-06
7.04281e-05
1.51464e-05
6.88188e-05
2.21031e-05
6.66333e-05
2.91338e-05
6.38002e-05
3.63329e-05
6.02273e-05
4.38113e-05
5.5806e-05
5.16926e-05
5.04217e-05
6.01019e-05
4.3972e-05
6.91375e-05
3.63941e-05
7.88107e-05
2.77017e-05
8.8944e-05
1.80242e-05
9.90395e-05
7.6379e-06
0.000108177
-3.03145e-06
0.000115047
-1.34513e-05
0.000118197
-2.30826e-05
0.000116524
-3.14899e-05
0.000109753
-3.84231e-05
9.85004e-05
-4.38374e-05
8.40368e-05
-4.78511e-05
6.78684e-05
-5.06682e-05
5.13418e-05
-5.25009e-05
3.54082e-05
-5.35173e-05
2.05751e-05
-5.38204e-05
6.99449e-06
-5.34517e-05
-5.39496e-06
-5.24095e-05
-1.67314e-05
-5.06706e-05
-2.71323e-05
-4.82118e-05
-3.6639e-05
-4.50265e-05
-4.51973e-05
-4.11394e-05
-5.26604e-05
-3.66169e-05
-5.88048e-05
-3.15747e-05
-6.33541e-05
-2.61817e-05
-6.60074e-05
-2.06582e-05
-6.64678e-05
-1.52678e-05
-6.44681e-05
-1.0301e-05
-5.97868e-05
-6.05129e-06
-5.22467e-05
-2.7868e-06
-4.16881e-05
-7.21619e-07
-2.79202e-05
-1.06227e-05
9.82555e-07
-1.14096e-05
3.62587e-06
-3.02639e-05
7.63367e-06
-4.55686e-05
1.26836e-05
-5.75695e-05
1.84382e-05
-6.64054e-05
2.45678e-05
-7.22242e-05
3.07743e-05
-7.52308e-05
3.68087e-05
-7.57021e-05
4.24799e-05
-7.39744e-05
4.76554e-05
-7.04173e-05
5.22546e-05
-6.54054e-05
5.62398e-05
-5.92927e-05
5.96046e-05
-5.23957e-05
6.2364e-05
-4.4983e-05
6.45454e-05
-3.72723e-05
6.61818e-05
-2.9431e-05
6.73069e-05
-2.15799e-05
6.7951e-05
-1.37982e-05
6.81385e-05
-6.12756e-06
6.78851e-05
1.42373e-06
6.71955e-05
8.87717e-06
6.60603e-05
1.62816e-05
6.44529e-05
2.37106e-05
6.23263e-05
3.12603e-05
5.9612e-05
3.90473e-05
5.62192e-05
4.7204e-05
5.20404e-05
5.58714e-05
4.69613e-05
6.5181e-05
4.08815e-05
7.52174e-05
3.37434e-05
8.59488e-05
2.55704e-05
9.7117e-05
1.65038e-05
0.000108106
6.82659e-06
0.000117855
-3.04531e-06
0.000124919
-1.26175e-05
0.000127769
-2.14161e-05
0.000125322
-2.90833e-05
0.00011742
-3.54378e-05
0.000104855
-4.04781e-05
8.90771e-05
-4.43321e-05
7.17223e-05
-4.71837e-05
5.41934e-05
-4.92069e-05
3.74313e-05
-5.05255e-05
2.18938e-05
-5.12019e-05
7.67085e-06
-5.12452e-05
-5.35168e-06
-5.06301e-05
-1.73464e-05
-4.93172e-05
-2.84452e-05
-4.72702e-05
-3.86859e-05
-4.44716e-05
-4.7996e-05
-4.09343e-05
-5.61977e-05
-3.67125e-05
-6.30265e-05
-3.19096e-05
-6.8157e-05
-2.66835e-05
-7.12335e-05
-2.12473e-05
-7.1904e-05
-1.58632e-05
-6.98523e-05
-1.08275e-05
-6.48225e-05
-6.4491e-06
-5.66251e-05
-3.02246e-06
-4.51147e-05
-8.03592e-07
-3.0139e-05
-1.14263e-05
1.03749e-06
-1.24471e-05
3.77771e-06
-3.30041e-05
7.86968e-06
-4.96605e-05
1.29507e-05
-6.26506e-05
1.86575e-05
-7.21122e-05
2.46481e-05
-7.82149e-05
3.06248e-05
-8.12075e-05
3.63492e-05
-8.14265e-05
4.16477e-05
-7.9273e-05
4.64093e-05
-7.51788e-05
5.05752e-05
-6.95713e-05
5.41277e-05
-6.28452e-05
5.7077e-05
-5.53451e-05
5.94508e-05
-4.73568e-05
6.12847e-05
-3.91062e-05
6.26167e-05
-3.0763e-05
6.34826e-05
-2.24458e-05
6.39132e-05
-1.42288e-05
6.39324e-05
-6.14669e-06
6.35552e-05
1.80091e-06
6.27863e-05
9.64608e-06
6.1617e-05
1.74508e-05
6.00229e-05
2.53047e-05
5.796e-05
3.33232e-05
5.53634e-05
4.16439e-05
5.21468e-05
5.04206e-05
4.82068e-05
5.98114e-05
4.34346e-05
6.99533e-05
3.77357e-05
8.09163e-05
3.1061e-05
9.26234e-05
2.34435e-05
0.000104735
1.50317e-05
0.000116518
6.1061e-06
0.00012678
-2.94022e-06
0.000133966
-1.16626e-05
0.000136492
-1.96581e-05
0.000133318
-2.66426e-05
0.000124404
-3.24927e-05
0.000110705
-3.72338e-05
9.38182e-05
-4.09886e-05
7.54771e-05
-4.3911e-05
5.71158e-05
-4.61333e-05
3.96536e-05
-4.77379e-05
2.34983e-05
-4.87529e-05
8.68581e-06
-4.91631e-05
-4.94144e-06
-4.89277e-05
-1.75819e-05
-4.79966e-05
-2.93763e-05
-4.63254e-05
-4.03571e-05
-4.38877e-05
-5.04338e-05
-4.0685e-05
-5.94003e-05
-3.67579e-05
-6.69536e-05
-3.21947e-05
-7.27202e-05
-2.71394e-05
-7.62888e-05
-2.17951e-05
-7.72483e-05
-1.64206e-05
-7.52267e-05
-1.13189e-05
-6.99243e-05
-6.81576e-06
-6.11282e-05
-3.23495e-06
-4.86955e-05
-8.74799e-07
-3.24992e-05
-1.23011e-05
1.08187e-06
-1.35289e-05
3.89744e-06
-3.58197e-05
8.04554e-06
-5.38086e-05
1.31249e-05
-6.77299e-05
1.87473e-05
-7.77346e-05
2.45606e-05
-8.40282e-05
3.02699e-05
-8.69168e-05
3.56505e-05
-8.6807e-05
4.05494e-05
-8.41719e-05
4.48791e-05
-7.95085e-05
4.8604e-05
-7.32963e-05
5.17267e-05
-6.59678e-05
5.42731e-05
-5.78916e-05
5.62821e-05
-4.93657e-05
5.77962e-05
-4.06203e-05
5.88565e-05
-3.18233e-05
5.94991e-05
-2.30884e-05
5.97534e-05
-1.44831e-05
5.9641e-05
-6.03428e-06
5.91747e-05
2.26723e-06
5.83572e-05
1.04635e-05
5.71794e-05
1.86286e-05
5.56174e-05
2.68668e-05
5.36299e-05
3.53107e-05
5.11559e-05
4.41178e-05
4.81148e-05
5.34617e-05
4.44103e-05
6.35159e-05
3.99419e-05
7.44218e-05
3.4625e-05
8.62331e-05
2.84214e-05
9.8827e-05
2.13735e-05
0.000111782
1.36334e-05
0.000124258
5.47113e-06
0.000134942
-2.7519e-06
0.000142189
-1.06478e-05
0.000144388
-1.78847e-05
0.000140555
-2.42464e-05
0.000130766
-2.96549e-05
0.000116113
-3.41497e-05
9.8313e-05
-3.78377e-05
7.91651e-05
-4.08381e-05
6.01163e-05
-4.32424e-05
4.20579e-05
-4.50964e-05
2.53523e-05
-4.64012e-05
9.99068e-06
-4.71252e-05
-4.21753e-06
-4.7218e-05
-1.74891e-05
-4.66244e-05
-2.99699e-05
-4.52951e-05
-4.16864e-05
-4.3196e-05
-5.25328e-05
-4.03179e-05
-6.22784e-05
-3.66861e-05
-7.05855e-05
-3.23715e-05
-7.70348e-05
-2.75011e-05
-8.11593e-05
-2.22646e-05
-8.24847e-05
-1.69156e-05
-8.05757e-05
-1.1762e-05
-7.50779e-05
-7.14738e-06
-6.57428e-05
-3.42572e-06
-5.24172e-05
-9.37484e-07
-3.49874e-05
-1.32386e-05
1.11701e-06
-1.46459e-05
3.98666e-06
-3.86893e-05
8.16133e-06
-5.79833e-05
1.32036e-05
-7.27722e-05
1.8703e-05
-8.3234e-05
2.43e-05
-8.96251e-05
2.97059e-05
-9.23228e-05
3.47132e-05
-9.18142e-05
3.91922e-05
-8.86509e-05
4.30802e-05
-8.33966e-05
4.63654e-05
-7.65815e-05
4.90696e-05
-6.8672e-05
5.12333e-05
-6.00553e-05
5.29046e-05
-5.10371e-05
5.41311e-05
-4.18468e-05
5.49551e-05
-3.26473e-05
5.54118e-05
-2.35451e-05
5.55276e-05
-1.4599e-05
5.53207e-05
-5.82733e-06
5.48001e-05
2.78778e-06
5.39657e-05
1.12979e-05
5.28063e-05
1.97881e-05
5.12976e-05
2.83754e-05
4.94001e-05
3.72082e-05
4.70566e-05
4.64613e-05
4.41927e-05
5.63256e-05
4.07207e-05
6.69879e-05
3.65507e-05
7.85917e-05
3.16109e-05
9.11729e-05
2.58755e-05
0.000104562
1.93959e-05
0.000118262
1.23248e-05
0.000131329
4.91649e-06
0.000142351
-2.50569e-06
0.000149611
-9.61317e-06
0.000151495
-1.61426e-05
0.000147084
-2.19369e-05
0.000136561
-2.69531e-05
0.00012113
-3.12346e-05
0.000102595
-3.48666e-05
8.27972e-05
-3.79326e-05
6.31823e-05
-4.04863e-05
4.46116e-05
-4.2543e-05
2.7409e-05
-4.40839e-05
1.15316e-05
-4.50669e-05
-3.23461e-06
-4.54377e-05
-1.71183e-05
-4.51397e-05
-3.02679e-05
-4.41212e-05
-4.27049e-05
-4.23421e-05
-5.43119e-05
-3.97821e-05
-6.48384e-05
-3.64506e-05
-7.3917e-05
-3.23993e-05
-8.10861e-05
-2.7735e-05
-8.58235e-05
-2.26312e-05
-8.75885e-05
-1.73325e-05
-8.58744e-05
-1.21498e-05
-8.02606e-05
-7.44329e-06
-7.04493e-05
-3.59722e-06
-5.62632e-05
-9.93732e-07
-3.75909e-05
-1.42323e-05
1.14392e-06
-1.57899e-05
4.047e-06
-4.15924e-05
8.21843e-06
-6.21547e-05
1.31878e-05
-7.77416e-05
1.85256e-05
-8.85719e-05
2.38689e-05
-9.49683e-05
2.89395e-05
-9.73935e-05
3.35501e-05
-9.64247e-05
3.75964e-05
-9.26972e-05
4.10416e-05
-8.68418e-05
4.38967e-05
-7.94366e-05
4.62014e-05
-7.09767e-05
4.80087e-05
-6.18626e-05
4.93739e-05
-5.24023e-05
5.03475e-05
-4.28203e-05
5.09715e-05
-3.32714e-05
5.12786e-05
-2.38522e-05
5.12917e-05
-1.4612e-05
5.10242e-05
-5.5599e-06
5.04812e-05
3.33081e-06
4.96584e-05
1.21207e-05
4.8542e-05
2.09045e-05
4.71065e-05
2.98109e-05
4.53132e-05
3.90015e-05
4.31085e-05
4.8666e-05
4.04241e-05
5.90101e-05
3.71817e-05
7.02303e-05
3.33038e-05
8.24695e-05
2.87326e-05
9.57441e-05
2.34557e-05
0.000109839
1.75333e-05
0.000124184
1.11159e-05
0.000137747
4.43802e-06
0.000149029
-2.21786e-06
0.000156267
-8.58233e-06
0.00015786
-1.44553e-05
0.000152957
-1.97307e-05
0.000141836
-2.43908e-05
0.00012579
-2.84765e-05
0.00010668
-3.20484e-05
8.63691e-05
-3.51554e-05
6.62892e-05
-3.78183e-05
4.72746e-05
-4.00279e-05
2.96186e-05
-4.17513e-05
1.32549e-05
-4.2941e-05
-2.04491e-06
-4.35429e-05
-1.65163e-05
-4.35019e-05
-3.03089e-05
-4.27659e-05
-4.3441e-05
-4.129e-05
-5.57878e-05
-3.90435e-05
-6.70849e-05
-3.60196e-05
-7.69409e-05
-3.22492e-05
-8.48565e-05
-2.78169e-05
-9.02558e-05
-2.28762e-05
-9.25292e-05
-1.76593e-05
-9.10913e-05
-1.24766e-05
-8.54433e-05
-7.70282e-06
-7.52231e-05
-3.75116e-06
-6.02149e-05
-1.04498e-06
-4.02971e-05
-1.52773e-05
1.16322e-06
-1.69531e-05
4.0798e-06
-4.4509e-05
8.21877e-06
-6.62937e-05
1.30802e-05
-8.2603e-05
1.82198e-05
-9.37115e-05
2.32758e-05
-0.000100024
2.79845e-05
-0.000102102
3.21819e-05
-0.000100622
3.57908e-05
-9.63061e-05
3.88002e-05
-8.98512e-05
4.12425e-05
-8.18789e-05
4.31733e-05
-7.29074e-05
4.46554e-05
-6.33447e-05
4.57489e-05
-5.34957e-05
4.65052e-05
-4.35766e-05
4.69645e-05
-3.37308e-05
4.71561e-05
-2.40437e-05
4.70982e-05
-1.45541e-05
4.67997e-05
-5.26147e-06
4.62609e-05
3.86959e-06
4.54735e-05
1.29081e-05
4.44203e-05
2.19577e-05
4.30743e-05
3.1157e-05
4.13969e-05
4.06789e-05
3.93376e-05
5.07253e-05
3.68343e-05
6.15133e-05
3.38186e-05
7.32461e-05
3.02258e-05
8.60624e-05
2.60128e-05
9.99571e-05
2.1181e-05
0.000114671
1.57985e-05
0.000129567
1.00115e-05
0.000143533
4.03268e-06
0.000155007
-1.8976e-06
0.000162197
-7.56646e-06
0.000163528
-1.2831e-05
0.000158222
-1.76276e-05
0.000146633
-2.1957e-05
0.000130119
-2.58528e-05
0.000110576
-2.93507e-05
8.98669e-05
-3.24681e-05
6.94067e-05
-3.5198e-05
5.00044e-05
-3.75118e-05
3.19324e-05
-3.93674e-05
1.51106e-05
-4.07161e-05
-6.96246e-07
-4.15064e-05
-1.5726e-05
-4.16871e-05
-3.01282e-05
-4.12071e-05
-4.39209e-05
-4.00184e-05
-5.69765e-05
-3.80808e-05
-6.90225e-05
-3.53717e-05
-7.96499e-05
-3.19007e-05
-8.83276e-05
-2.77281e-05
-9.44284e-05
-2.29844e-05
-9.72729e-05
-1.78854e-05
-9.61903e-05
-1.27368e-05
-9.05919e-05
-7.92414e-06
-8.00357e-05
-3.88798e-06
-6.42511e-05
-1.09194e-06
-4.30931e-05
-1.63692e-05
1.17533e-06
-1.81284e-05
4.08623e-06
-4.74199e-05
8.16464e-06
-7.03721e-05
1.2885e-05
-8.73233e-05
1.7793e-05
-9.86196e-05
2.25326e-05
-0.000104764
2.6859e-05
-0.000106429
3.06341e-05
-0.000104397
3.38085e-05
-9.94806e-05
3.63965e-05
-9.24392e-05
3.84499e-05
-8.39323e-05
4.00372e-05
-7.44948e-05
4.12286e-05
-6.45361e-05
4.20862e-05
-5.43534e-05
4.26605e-05
-4.41509e-05
4.29886e-05
-3.40589e-05
4.30952e-05
-2.41503e-05
4.29939e-05
-1.44528e-05
4.26887e-05
-4.95634e-06
4.21753e-05
4.383e-06
4.14413e-05
1.36422e-05
4.04662e-05
2.29328e-05
3.92211e-05
3.24021e-05
3.76677e-05
4.22323e-05
3.5758e-05
5.2635e-05
3.34361e-05
6.38352e-05
3.06433e-05
7.60389e-05
2.7328e-05
8.93777e-05
2.34619e-05
0.000103823
1.90599e-05
0.000119073
1.41968e-05
0.00013443
9.01315e-06
0.000148717
3.6981e-06
0.000160323
-1.54916e-06
0.000167444
-6.56847e-06
0.000168548
-1.12674e-05
0.000162921
-1.56178e-05
0.000150983
-1.96328e-05
0.000134134
-2.33367e-05
0.00011428
-2.67415e-05
9.32717e-05
-2.98369e-05
7.25022e-05
-3.25928e-05
5.27603e-05
-3.49659e-05
3.43055e-05
-3.69087e-05
1.70533e-05
-3.83736e-05
7.68679e-07
-3.93141e-05
-1.47855e-05
-3.9684e-05
-2.97584e-05
-3.9435e-05
-4.41699e-05
-3.85173e-05
-5.78942e-05
-3.68829e-05
-7.0657e-05
-3.44942e-05
-8.20386e-05
-3.13399e-05
-9.14819e-05
-2.74547e-05
-9.83136e-05
-2.29432e-05
-0.000101784
-1.80008e-05
-0.000101133
-1.29237e-05
-9.5669e-05
-8.10418e-06
-8.48552e-05
-4.0069e-06
-6.83483e-05
-1.13472e-06
-4.59653e-05
-1.75039e-05
1.18052e-06
-1.93089e-05
4.06741e-06
-5.03068e-05
8.05868e-06
-7.43634e-05
1.26074e-05
-9.1872e-05
1.72542e-05
-0.000103266
2.16537e-05
-0.000109163
2.55836e-05
-0.000110358
2.89341e-05
-0.000107748
3.1684e-05
-0.00010223
3.3871e-05
-9.46262e-05
3.55641e-05
-8.56254e-05
3.68418e-05
-7.57726e-05
3.77785e-05
-6.54727e-05
3.84362e-05
-5.50111e-05
3.88625e-05
-4.45771e-05
3.909e-05
-3.42864e-05
3.91386e-05
-2.41989e-05
3.90169e-05
-1.43311e-05
3.87243e-05
-4.66368e-06
3.82519e-05
4.85539e-06
3.75836e-05
1.43105e-05
3.66962e-05
2.38203e-05
3.55588e-05
3.35394e-05
3.41334e-05
4.36577e-05
3.23746e-05
5.43938e-05
3.02326e-05
6.59773e-05
2.76581e-05
7.86134e-05
2.46124e-05
9.24233e-05
2.10819e-05
0.000107354
1.70937e-05
0.000123061
1.27284e-05
0.000138795
8.11932e-06
0.000153326
3.43203e-06
0.00016501
-1.17388e-06
0.00017205
-5.58632e-06
0.00017296
-9.75686e-06
0.000167091
-1.36865e-05
0.000154913
-1.73968e-05
0.000137844
-2.09018e-05
0.000117785
-2.41922e-05
9.6562e-05
-2.72341e-05
7.55441e-05
-2.99783e-05
5.55045e-05
-3.2371e-05
3.66982e-05
-3.43615e-05
1.90439e-05
-3.59054e-05
2.31252e-06
-3.6962e-05
-1.37288e-05
-3.74914e-05
-2.9229e-05
-3.74493e-05
-4.4212e-05
-3.67858e-05
-5.85577e-05
-3.54467e-05
-7.19961e-05
-3.33815e-05
-8.41037e-05
-3.05585e-05
-9.43049e-05
-2.69866e-05
-0.000101886
-2.27424e-05
-0.000106029
-1.79964e-05
-0.000105879
-1.30306e-05
-0.000100635
-8.23888e-06
-8.96469e-05
-4.10626e-06
-7.2481e-05
-1.17302e-06
-4.88985e-05
-1.86769e-05
1.17908e-06
-2.0488e-05
4.02452e-06
-5.31522e-05
7.90384e-06
-7.82427e-05
1.22532e-05
-9.62213e-05
1.66133e-05
-0.000107626
2.06543e-05
-0.000113204
2.41796e-05
-0.000113884
2.71093e-05
-0.000110678
2.94501e-05
-0.000104571
3.12612e-05
-9.64373e-05
3.26258e-05
-8.699e-05
3.36295e-05
-7.67763e-05
3.43478e-05
-6.6191e-05
3.48405e-05
-5.55038e-05
3.51504e-05
-4.4887e-05
3.5305e-05
-3.4441e-05
3.53187e-05
-2.42127e-05
3.51953e-05
-1.42077e-05
3.49296e-05
-4.39795e-06
3.45089e-05
5.27606e-06
3.39139e-05
1.49054e-05
3.31188e-05
2.46153e-05
3.20917e-05
3.45665e-05
3.07947e-05
4.49547e-05
2.91854e-05
5.60031e-05
2.72199e-05
6.79428e-05
2.48582e-05
8.0975e-05
2.20744e-05
9.52072e-05
1.8868e-05
0.00011056
1.52779e-05
0.000126652
1.13889e-05
0.000142684
7.32615e-06
0.000157389
3.23174e-06
0.000169104
-7.71815e-07
0.000176054
-4.61564e-06
0.000176804
-8.28928e-06
0.000170765
-1.18175e-05
0.000158441
-1.52278e-05
0.000141255
-1.85243e-05
0.000121081
-2.16788e-05
9.97165e-05
-2.4638e-05
7.85033e-05
-2.73374e-05
5.8204e-05
-2.97154e-05
3.90762e-05
-3.172e-05
2.10486e-05
-3.33107e-05
3.90321e-06
-3.44536e-05
-1.2586e-05
-3.51152e-05
-2.85674e-05
-3.52568e-05
-4.40704e-05
-3.48296e-05
-5.89848e-05
-3.37758e-05
-7.305e-05
-3.20338e-05
-8.58457e-05
-2.95534e-05
-9.67854e-05
-2.63178e-05
-0.000105121
-2.23739e-05
-0.000109972
-1.78641e-05
-0.000110389
-1.30508e-05
-0.000105448
-8.32375e-06
-9.4374e-05
-4.18383e-06
-7.66209e-05
-1.20623e-06
-5.18761e-05
-1.98832e-05
1.17126e-06
-2.16593e-05
3.9588e-06
-5.59398e-05
7.70323e-06
-8.19871e-05
1.18285e-05
-0.000100347
1.58804e-05
-0.000111678
1.95491e-05
-0.000116873
2.26669e-05
-0.000117002
2.51849e-05
-0.000113195
2.71363e-05
-0.000106523
2.85997e-05
-9.79007e-05
2.96694e-05
-8.80597e-05
3.04347e-05
-7.75416e-05
3.09698e-05
-6.67262e-05
3.133e-05
-5.5864e-05
3.15524e-05
-4.51093e-05
3.16583e-05
-3.45469e-05
3.16565e-05
-2.4211e-05
3.1546e-05
-1.40972e-05
3.13175e-05
-4.16948e-06
3.09552e-05
5.63844e-06
3.04368e-05
1.54238e-05
2.9735e-05
2.53172e-05
2.8817e-05
3.54845e-05
2.76459e-05
4.61258e-05
2.61824e-05
5.74666e-05
2.43886e-05
6.97366e-05
2.22338e-05
8.31298e-05
1.97038e-05
9.77372e-05
1.68109e-05
0.000113453
1.3604e-05
0.000129858
1.01708e-05
0.000146117
6.62753e-06
0.000160932
3.09355e-06
0.000172638
-3.43012e-07
0.00017949
-3.65156e-06
0.000180113
-6.8543e-06
0.000173968
-9.99562e-06
0.000161582
-1.3107e-05
0.000144366
-1.61837e-05
0.000124158
-1.91819e-05
0.000102715
-2.20324e-05
8.13537e-05
-2.46586e-05
6.08302e-05
-2.6993e-05
4.14106e-05
-2.89838e-05
2.30393e-05
-3.05943e-05
5.5137e-06
-3.17972e-05
-1.1383e-05
-3.25666e-05
-2.7798e-05
-3.28694e-05
-4.37676e-05
-3.26601e-05
-5.9194e-05
-3.18791e-05
-7.3831e-05
-3.04567e-05
-8.72681e-05
-2.83261e-05
-9.8916e-05
-2.54459e-05
-0.000108001
-2.18328e-05
-0.000113586
-1.75976e-05
-0.000114624
-1.29782e-05
-0.000110068
-8.35424e-06
-9.89979e-05
-4.23715e-06
-8.0738e-05
-1.23362e-06
-5.48797e-05
-2.11168e-05
1.15737e-06
-2.28166e-05
3.8715e-06
-5.86539e-05
7.45989e-06
-8.55755e-05
1.13391e-05
-0.000104226
1.5065e-05
-0.000115404
1.83519e-05
-0.00012016
2.10637e-05
-0.000119713
2.31827e-05
-0.000115314
2.47672e-05
-0.000108107
2.59127e-05
-9.90462e-05
2.6721e-05
-8.8868e-05
2.72825e-05
-7.81031e-05
2.76676e-05
-6.71112e-05
2.79251e-05
-5.61215e-05
2.80853e-05
-4.52696e-05
2.81632e-05
-3.46247e-05
2.81617e-05
-2.42095e-05
2.80752e-05
-1.40107e-05
2.78909e-05
-3.98517e-06
2.75901e-05
5.9393e-06
2.71487e-05
1.58651e-05
2.65381e-05
2.59278e-05
2.57255e-05
3.62971e-05
2.46756e-05
4.71758e-05
2.33526e-05
5.87896e-05
2.17248e-05
7.13644e-05
1.97706e-05
8.5084e-05
1.74868e-05
0.000100021
1.48974e-05
0.000116042
1.206e-05
0.000132696
9.06366e-06
0.000149114
6.01529e-06
0.000163981
3.01236e-06
0.000175641
1.1162e-07
0.000182391
-2.69003e-06
0.000182914
-5.44281e-06
0.00017672
-8.20737e-06
0.000164347
-1.10183e-05
0.000147177
-1.38636e-05
0.000127003
-1.66869e-05
0.000105538
-1.94058e-05
8.40727e-05
-2.1935e-05
6.33594e-05
-2.42022e-05
4.36778e-05
-2.61559e-05
2.4993e-05
-2.77637e-05
7.12148e-06
-2.90046e-05
-1.01422e-05
-2.98595e-05
-2.69431e-05
-3.03023e-05
-4.33248e-05
-3.02921e-05
-5.92043e-05
-2.97697e-05
-7.43534e-05
-2.86598e-05
-8.8378e-05
-2.68819e-05
-0.000100694
-2.43722e-05
-0.000110511
-2.11165e-05
-0.000116841
-1.71922e-05
-0.000118548
-1.28075e-05
-0.000114452
-8.32607e-06
-0.000103479
-4.2637e-06
-8.48003e-05
-1.25438e-06
-5.7889e-05
-2.23712e-05
1.13766e-06
-2.39543e-05
3.76376e-06
-6.128e-05
7.17659e-06
-8.89884e-05
1.07901e-05
-0.000107839
1.41751e-05
-0.000118789
1.70743e-05
-0.000123059
1.93849e-05
-0.000122024
2.11202e-05
-0.00011705
2.2362e-05
-0.000109349
2.32193e-05
-9.99035e-05
2.37989e-05
-8.94475e-05
2.41889e-05
-7.84931e-05
2.44538e-05
-6.73761e-05
2.4635e-05
-5.63028e-05
2.47551e-05
-4.53896e-05
2.4822e-05
-3.46916e-05
2.48333e-05
-2.42208e-05
2.47789e-05
-1.39564e-05
2.46429e-05
-3.84916e-06
2.44043e-05
6.17785e-06
2.40379e-05
1.62315e-05
2.35146e-05
2.64511e-05
2.28022e-05
3.70095e-05
2.18675e-05
4.81105e-05
2.06789e-05
5.99782e-05
1.9211e-05
7.28324e-05
1.7451e-05
8.6844e-05
1.54064e-05
0.000102066
1.31115e-05
0.000118337
1.06311e-05
0.000135176
8.0547e-06
0.00015169
5.47925e-06
0.000166556
2.98152e-06
0.000178139
5.89762e-07
0.000184783
-1.72857e-06
0.000185233
-4.04773e-06
0.000179039
-6.44212e-06
0.000166741
-8.94921e-06
0.000149684
-1.15514e-05
0.000129605
-1.41826e-05
0.000108169
-1.67506e-05
8.66408e-05
-1.91627e-05
6.57715e-05
-2.13435e-05
4.58585e-05
-2.32417e-05
2.68913e-05
-2.48285e-05
8.70823e-06
-2.60884e-05
-8.88217e-06
-2.70096e-05
-2.60219e-05
-2.75726e-05
-4.27618e-05
-2.77425e-05
-5.90344e-05
-2.74629e-05
-7.46331e-05
-2.66556e-05
-8.91852e-05
-2.52297e-05
-0.00010212
-2.31008e-05
-0.00011264
-2.02253e-05
-0.000119717
-1.6645e-05
-0.000122128
-1.25346e-05
-0.000118563
-8.23545e-06
-0.000107778
-4.26109e-06
-8.87747e-05
-1.26769e-06
-6.08824e-05
-2.36389e-05
1.11237e-06
-2.50667e-05
3.63652e-06
-6.38041e-05
6.85554e-06
-9.22074e-05
1.01856e-05
-0.000111169
1.32175e-05
-0.000121821
1.57254e-05
-0.000125567
1.76418e-05
-0.00012394
1.90101e-05
-0.000118418
1.99336e-05
-0.000110272
2.05316e-05
-0.000100502
2.09126e-05
-8.98285e-05
2.11604e-05
-7.87409e-05
2.13316e-05
-6.75473e-05
2.14592e-05
-5.64303e-05
2.15572e-05
-4.54877e-05
2.16269e-05
-3.47614e-05
2.16605e-05
-2.42543e-05
2.16437e-05
-1.39396e-05
2.1558e-05
-3.76346e-06
2.13808e-05
6.35509e-06
2.1086e-05
1.65263e-05
2.06449e-05
2.68923e-05
2.00266e-05
3.76277e-05
1.92007e-05
4.89364e-05
1.81401e-05
6.10388e-05
1.6826e-05
7.41464e-05
1.52545e-05
8.84155e-05
1.34428e-05
0.000103877
1.14346e-05
0.000120345
9.30045e-06
0.00013731
7.12907e-06
0.000153862
5.00737e-06
0.000168678
2.99259e-06
0.000180154
1.08735e-06
0.000186688
-7.66669e-07
0.000187087
-2.66438e-06
0.000180937
-4.6921e-06
0.000168769
-6.89034e-06
0.000151882
-9.23784e-06
0.000131953
-1.16614e-05
0.000110593
-1.40617e-05
8.9041e-05
-1.63402e-05
6.80501e-05
-1.8419e-05
4.79372e-05
-2.0247e-05
2.87193e-05
-2.1798e-05
1.02592e-05
-2.30616e-05
-7.61856e-06
-2.40321e-05
-2.50514e-05
-2.46974e-05
-4.20964e-05
-2.50292e-05
-5.87026e-05
-2.49757e-05
-7.46867e-05
-2.4459e-05
-8.97019e-05
-2.33805e-05
-0.000103198
-2.16386e-05
-0.000114382
-1.91615e-05
-0.000122194
-1.59552e-05
-0.000125335
-1.21567e-05
-0.000122361
-8.07919e-06
-0.000111856
-4.22712e-06
-9.26268e-05
-1.27275e-06
-6.38368e-05
-2.49116e-05
1.08165e-06
-2.61483e-05
3.49036e-06
-6.62129e-05
6.49814e-06
-9.52152e-05
9.52835e-06
-0.000114199
1.21964e-05
-0.000124489
1.43113e-05
-0.000127682
1.58417e-05
-0.000125471
1.68603e-05
-0.000119437
1.74889e-05
-0.000110901
1.78544e-05
-0.000100867
1.80642e-05
-9.00383e-05
1.81953e-05
-7.8872e-05
1.82954e-05
-6.76474e-05
1.83878e-05
-5.65227e-05
1.84785e-05
-4.55783e-05
1.85616e-05
-3.48445e-05
1.86241e-05
-2.43169e-05
1.86485e-05
-1.39639e-05
1.86135e-05
-3.7285e-06
1.84955e-05
6.47307e-06
1.82683e-05
1.67535e-05
1.79039e-05
2.72567e-05
1.73736e-05
3.81581e-05
1.66502e-05
4.96598e-05
1.57117e-05
6.19773e-05
1.45462e-05
7.53119e-05
1.31582e-05
8.98035e-05
1.15741e-05
0.000105462
9.84602e-06
0.000122073
8.04906e-06
0.000139107
6.2701e-06
0.000155641
4.58589e-06
0.000170362
3.03547e-06
0.000181704
1.59845e-06
0.000188125
1.94069e-07
0.000188491
-1.29054e-06
0.000182422
-2.95234e-06
0.000170431
-4.83533e-06
0.000153765
-6.91653e-06
0.000134034
-9.11819e-06
0.000112795
-1.13358e-05
9.12586e-05
-1.3467e-05
7.01812e-05
-1.54312e-05
4.99014e-05
-1.71773e-05
3.04654e-05
-1.86809e-05
1.17629e-05
-1.99356e-05
-6.36386e-06
-2.09414e-05
-2.40457e-05
-2.1693e-05
-4.13448e-05
-2.21695e-05
-5.8226e-05
-2.23254e-05
-7.45308e-05
-2.20854e-05
-8.99419e-05
-2.13469e-05
-0.000103937
-1.99941e-05
-0.000115735
-1.79297e-05
-0.000124258
-1.51233e-05
-0.000128141
-1.16719e-05
-0.000125813
-7.85477e-06
-0.000115673
-4.15986e-06
-9.63217e-05
-1.26882e-06
-6.67278e-05
-2.61804e-05
1.0455e-06
-2.71938e-05
3.32539e-06
-6.84927e-05
6.1049e-06
-9.79947e-05
8.81961e-06
-0.000116914
1.11141e-05
-0.000126784
1.28352e-05
-0.000129403
1.3988e-05
-0.000126624
1.46735e-05
-0.000120122
1.5029e-05
-0.000111256
1.51862e-05
-0.000101024
1.52484e-05
-9.01005e-05
1.52844e-05
-7.8908e-05
1.53316e-05
-6.76946e-05
1.54035e-05
-5.65946e-05
1.54977e-05
-4.56725e-05
1.56018e-05
-3.49485e-05
1.56978e-05
-2.4413e-05
1.57649e-05
-1.4031e-05
1.578e-05
-3.74359e-06
1.57186e-05
6.53446e-06
1.55548e-05
1.69172e-05
1.52621e-05
2.75494e-05
1.48141e-05
3.8606e-05
1.41877e-05
5.02862e-05
1.33663e-05
6.27988e-05
1.23451e-05
7.63331e-05
1.11367e-05
9.10118e-05
9.77645e-06
0.000106822
8.32343e-06
0.000123526
6.85638e-06
0.000140574
5.45954e-06
0.000157037
4.19951e-06
0.000171622
3.09842e-06
0.000182805
2.11532e-06
0.000189108
1.14981e-06
0.000189457
7.36404e-08
0.000183498
-1.22041e-06
0.000171725
-2.78048e-06
0.000155325
-4.58356e-06
0.000135837
-6.54973e-06
0.000114761
-8.57136e-06
9.32802e-05
-1.05431e-05
7.21529e-05
-1.23823e-05
5.17406e-05
-1.40372e-05
3.21203e-05
-1.54845e-05
1.32101e-05
-1.67203e-05
-5.12801e-06
-1.77496e-05
-2.30164e-05
-1.85736e-05
-4.05208e-05
-1.91793e-05
-5.76204e-05
-1.95283e-05
-7.41817e-05
-1.95505e-05
-8.99197e-05
-1.91423e-05
-0.000104345
-1.81775e-05
-0.000116699
-1.65356e-05
-0.0001259
-1.41514e-05
-0.000130525
-1.10797e-05
-0.000128884
-7.56028e-06
-0.000119193
-4.05763e-06
-9.98243e-05
-1.25521e-06
-6.95302e-05
-2.74356e-05
1.00379e-06
-2.81976e-05
3.14121e-06
-7.06302e-05
5.67527e-06
-0.000100529
8.05894e-06
-0.000119298
9.97045e-06
-0.000128695
1.1297e-05
-0.00013073
1.20807e-05
-0.000127407
1.24482e-05
-0.00012049
1.255e-05
-0.000111358
1.25194e-05
-0.000100994
1.24537e-05
-9.00348e-05
1.24117e-05
-7.8866e-05
1.24199e-05
-6.77028e-05
1.24821e-05
-5.66568e-05
1.25874e-05
-4.57778e-05
1.27172e-05
-3.50784e-05
1.28491e-05
-2.45449e-05
1.29592e-05
-1.41411e-05
1.3023e-05
-3.80734e-06
1.30154e-05
6.54203e-06
1.29113e-05
1.70213e-05
1.26858e-05
2.77749e-05
1.23156e-05
3.89762e-05
1.17819e-05
5.08199e-05
1.10739e-05
6.35068e-05
1.0194e-05
7.7213e-05
9.16308e-06
9.20428e-05
8.02418e-06
0.000107961
6.84291e-06
0.000124708
5.70048e-06
0.000141717
4.67786e-06
0.00015806
3.83166e-06
0.000172468
3.16832e-06
0.000183469
2.62858e-06
0.000189648
2.09488e-06
0.00018999
1.42556e-06
0.000184167
5.03708e-07
0.000172647
-7.24158e-07
0.000156553
-2.23699e-06
0.00013735
-3.95434e-06
0.000116478
-5.76733e-06
9.50932e-05
-7.56864e-06
7.39542e-05
-9.27387e-06
5.34459e-05
-1.083e-05
3.36765e-05
-1.22136e-05
1.45937e-05
-1.34229e-05
-3.91875e-06
-1.44664e-05
-2.1973e-05
-1.53514e-05
-3.96357e-05
-1.60724e-05
-5.68994e-05
-1.65995e-05
-7.36546e-05
-1.68693e-05
-8.965e-05
-1.67802e-05
-0.000104434
-1.61992e-05
-0.00011728
-1.49864e-05
-0.000127113
-1.30429e-05
-0.000132469
-1.03802e-05
-0.000131547
-7.19442e-06
-0.000122378
-3.91902e-06
-0.0001031
-1.23128e-06
-7.2218e-05
-2.86669e-05
9.5619e-07
-2.91538e-05
2.93684e-06
-7.26108e-05
5.20763e-06
-0.0001028
7.24435e-06
-0.000121335
8.7633e-06
-0.000130214
9.69432e-06
-0.000131661
1.01159e-05
-0.000127829
1.01787e-05
-0.000120553
1.00433e-05
-0.000111223
9.84181e-06
-0.000100792
9.66343e-06
-8.98564e-05
9.55599e-06
-7.87585e-05
9.53492e-06
-6.76818e-05
9.59407e-06
-5.67159e-05
9.7148e-06
-4.58985e-05
9.8726e-06
-3.52362e-05
1.0041e-05
-2.47133e-05
1.01934e-05
-1.42935e-05
1.0304e-05
-3.91792e-06
1.03476e-05
6.4984e-06
1.03e-05
1.70689e-05
1.01383e-05
2.79366e-05
9.84275e-06
3.92718e-05
9.39904e-06
5.12637e-05
8.80251e-06
6.41033e-05
8.06278e-06
7.79527e-05
7.20853e-06
9.2897e-05
6.29037e-06
0.000108879
5.37935e-06
0.000125619
4.55834e-06
0.000142538
3.90449e-06
0.000158714
3.46469e-06
0.000172908
3.2309e-06
0.000183702
3.12752e-06
0.000189751
3.02194e-06
0.000190096
2.7606e-06
0.000184429
2.21765e-06
0.00017319
1.33299e-06
0.000157438
1.23772e-07
0.000138559
-1.33132e-06
0.000117933
-2.92327e-06
9.66852e-05
-4.54367e-06
7.55746e-05
-6.10652e-06
5.50087e-05
-7.55716e-06
3.51271e-05
-8.87141e-06
1.5908e-05
-1.00481e-05
-2.74207e-06
-1.10986e-05
-2.09225e-05
-1.20353e-05
-3.8699e-05
-1.28601e-05
-5.60747e-05
-1.35517e-05
-7.2963e-05
-1.40551e-05
-8.91466e-05
-1.42734e-05
-0.000104216
-1.40702e-05
-0.000117484
-1.32895e-05
-0.000127894
-1.18017e-05
-0.000133957
-9.57454e-06
-0.000133774
-6.75639e-06
-0.000125196
-3.74286e-06
-0.000106113
-1.19645e-06
-7.47644e-05
-2.98634e-05
9.02184e-07
-3.0056e-05
2.71072e-06
-7.44194e-05
4.69937e-06
-0.000104788
6.37243e-06
-0.000123008
7.48859e-06
-0.00013133
8.02215e-06
-0.000132194
8.08733e-06
-0.000127894
7.85634e-06
-0.000120322
7.4967e-06
-0.000110863
7.13689e-06
-0.000100432
6.85651e-06
-8.9576e-05
6.69168e-06
-7.85937e-05
6.64666e-06
-6.76367e-05
6.70582e-06
-5.67751e-05
6.8432e-06
-4.60359e-05
7.0289e-06
-3.54219e-05
7.2327e-06
-2.49171e-05
7.42578e-06
-1.44866e-05
7.58117e-06
-4.07331e-06
7.67376e-06
6.40582e-06
7.68039e-06
1.70623e-05
7.58057e-06
2.80364e-05
7.35801e-06
3.94943e-05
7.00341e-06
5.16183e-05
6.51827e-06
6.45884e-05
5.91944e-06
7.85515e-05
5.24319e-06
9.35733e-05
4.54704e-06
0.000109575
3.90678e-06
0.000126259
3.40619e-06
0.000143038
3.11821e-06
0.000159002
3.08026e-06
0.000172946
3.27104e-06
0.000183512
3.60036e-06
0.000189422
3.92236e-06
0.000189774
4.07279e-06
0.000184278
3.91718e-06
0.000173345
3.38823e-06
0.000157967
2.49731e-06
0.00013945
1.31904e-06
0.000119111
-3.88759e-08
9.80431e-05
-1.46774e-06
7.70035e-05
-2.87992e-06
5.64209e-05
-4.21882e-06
3.6466e-05
-5.45872e-06
1.71479e-05
-6.59817e-06
-1.60262e-06
-7.65029e-06
-1.98704e-05
-8.63174e-06
-3.77175e-05
-9.55095e-06
-5.51555e-05
-1.03956e-05
-7.21183e-05
-1.11199e-05
-8.84223e-05
-1.16338e-05
-0.000103702
-1.18008e-05
-0.000117317
-1.14529e-05
-0.000128241
-1.04326e-05
-0.000134977
-8.66429e-06
-0.000135542
-6.24585e-06
-0.000127615
-3.52818e-06
-0.000108831
-1.15017e-06
-7.71424e-05
-3.10135e-05
8.41062e-07
-3.08971e-05
2.46077e-06
-7.60391e-05
4.14702e-06
-0.000106474
5.4386e-06
-0.000124299
6.14084e-06
-0.000132033
6.27388e-06
-0.000132327
5.98651e-06
-0.000127607
5.46968e-06
-0.000119805
4.89502e-06
-0.000110289
4.38513e-06
-9.99225e-05
4.00873e-06
-8.91996e-05
3.78993e-06
-7.83749e-05
3.72209e-06
-6.75689e-05
3.78069e-06
-5.68337e-05
3.93303e-06
-4.61882e-05
4.14435e-06
-3.56332e-05
4.38114e-06
-2.51539e-05
4.61253e-06
-1.4718e-05
4.81064e-06
-4.27142e-06
4.9505e-06
6.26596e-06
5.0102e-06
1.70026e-05
4.97167e-06
2.8075e-05
4.82233e-06
3.96437e-05
4.55792e-06
5.18827e-05
4.18621e-06
6.49602e-05
3.73114e-06
7.90066e-05
3.23629e-06
9.40681e-05
2.76554e-06
0.000110046
2.39874e-06
0.000126626
2.21989e-06
0.000143217
2.29745e-06
0.000158924
2.65969e-06
0.000172584
3.27309e-06
0.000182898
4.03452e-06
0.00018866
4.78645e-06
0.000189022
5.35492e-06
0.00018371
5.59698e-06
0.000173103
5.43745e-06
0.000158126
4.88046e-06
0.000140007
3.99498e-06
0.000119997
2.88536e-06
9.91527e-05
1.65963e-06
7.82292e-05
4.06939e-07
5.76736e-05
-8.13832e-07
3.76868e-05
-1.97473e-06
1.83088e-05
-3.07324e-06
-5.04108e-07
-4.12314e-06
-1.88205e-05
-5.1443e-06
-3.66964e-05
-6.15104e-06
-5.41488e-05
-7.13951e-06
-7.11298e-05
-8.07361e-06
-8.74882e-05
-8.87194e-06
-0.000102904
-9.40098e-06
-0.000116788
-9.48453e-06
-0.000128158
-8.94043e-06
-0.000135521
-7.65158e-06
-0.000136831
-5.66282e-06
-0.000129604
-3.2742e-06
-0.00011122
-1.09196e-06
-7.93247e-05
-3.21055e-05
7.71937e-07
-3.1669e-05
2.18446e-06
-7.74516e-05
3.54643e-06
-0.000107836
4.4375e-06
-0.00012519
4.71364e-06
-0.000132309
4.44175e-06
-0.000132055
3.80353e-06
-0.000126968
3.00574e-06
-0.000119007
2.22126e-06
-0.000109504
1.5649e-06
-9.92661e-05
1.09369e-06
-8.87284e-05
8.19793e-07
-7.8101e-05
7.2619e-07
-6.74753e-05
7.80204e-07
-5.68877e-05
9.43068e-07
-4.63511e-05
1.17572e-06
-3.58658e-05
1.44175e-06
-2.54199e-05
1.70849e-06
-1.49848e-05
1.94727e-06
-4.5102e-06
2.13332e-06
6.07991e-06
2.24601e-06
1.68899e-05
2.26974e-06
2.80512e-05
2.1957e-06
3.97177e-05
2.02469e-06
5.20537e-05
1.77068e-06
6.52142e-05
1.46454e-06
7.93127e-05
1.15677e-06
9.43759e-05
9.1707e-07
0.000110285
8.28697e-07
0.000126714
9.75386e-07
0.000143071
1.42079e-06
0.000158479
2.18433e-06
0.00017182
3.22128e-06
0.000181861
4.41704e-06
0.000187465
5.6038e-06
0.000187835
6.59873e-06
0.000182715
7.25055e-06
0.000172451
7.47551e-06
0.000157901
7.26922e-06
0.000140214
6.69346e-06
0.000120573
5.84774e-06
9.99985e-05
4.83833e-06
7.92386e-05
3.75515e-06
5.87568e-05
2.65957e-06
3.87824e-05
1.58236e-06
1.9386e-05
5.28027e-07
5.50229e-07
-5.16937e-07
-1.77755e-05
-1.57455e-06
-3.56388e-05
-2.6641e-06
-5.30592e-05
-3.78949e-06
-7.00044e-05
-4.92444e-06
-8.63532e-05
-5.99731e-06
-0.000101831
-6.88011e-06
-0.000115905
-7.39216e-06
-0.000127646
-7.33067e-06
-0.000135583
-6.53898e-06
-0.000137623
-5.00767e-06
-0.000131135
-2.98032e-06
-0.000113247
-1.02135e-06
-8.12836e-05
-3.31268e-05
6.93771e-07
-3.23628e-05
1.87894e-06
-7.86368e-05
2.89311e-06
-0.000108851
3.36339e-06
-0.000125661
3.20021e-06
-0.000132146
2.51758e-06
-0.000131373
1.52797e-06
-0.000125979
4.5077e-07
-0.00011793
-5.4251e-07
-0.000108511
-1.34647e-06
-9.84622e-05
-1.91607e-06
-8.81588e-05
-2.25069e-06
-7.77664e-05
-2.37693e-06
-6.73491e-05
-2.33483e-06
-5.69298e-05
-2.16848e-06
-4.65175e-05
-1.92068e-06
-3.61136e-05
-1.63038e-06
-2.57102e-05
-1.33181e-06
-1.52833e-05
-1.05437e-06
-4.78765e-06
-8.22583e-07
5.84812e-06
-6.55842e-07
1.67231e-05
-5.67307e-07
2.79627e-05
-5.62054e-07
3.97124e-05
-6.34301e-07
5.21259e-05
-7.64013e-07
6.53439e-05
-9.13632e-07
7.94623e-05
-1.02619e-06
9.44885e-05
-1.02672e-06
0.000110286
-8.29233e-07
0.000126517
-3.5081e-07
0.000142592
4.67349e-07
0.000157661
1.63605e-06
0.000170651
3.10014e-06
0.000180397
4.73495e-06
0.00018583
6.36364e-06
0.000186206
7.7953e-06
0.000181283
8.87044e-06
0.000171376
9.49615e-06
0.000157276
9.65847e-06
0.000140051
9.41053e-06
0.000120821
8.84561e-06
0.000100563
8.06709e-06
8.00172e-05
7.16504e-06
5.96588e-05
6.20307e-06
3.97443e-05
5.215e-06
2.0374e-05
4.208e-06
1.55723e-06
3.16978e-06
-1.67373e-05
2.07734e-06
-3.45463e-05
9.07611e-07
-5.18895e-05
-3.50138e-07
-6.87467e-05
-1.67914e-06
-8.50242e-05
-3.01817e-06
-0.000100492
-4.24684e-06
-0.000114676
-5.18354e-06
-0.000126709
-5.60884e-06
-0.000135157
-5.32938e-06
-0.000137902
-4.2811e-06
-0.000132183
-2.64609e-06
-0.000114882
-9.37908e-07
-8.29918e-05
-3.40647e-05
6.05426e-07
-3.29682e-05
1.54124e-06
-7.95726e-05
2.1825e-06
-0.000109492
2.21071e-06
-0.000125689
1.59412e-06
-0.000131529
4.93614e-07
-0.000130272
-8.50069e-07
-0.000124635
-2.20865e-06
-0.000116571
-3.41437e-06
-0.000107305
-4.37194e-06
-9.75046e-05
-5.04819e-06
-8.74825e-05
-5.45336e-06
-7.73612e-05
-5.6228e-06
-6.71796e-05
-5.60299e-06
-5.69496e-05
-5.4426e-06
-4.66779e-05
-5.18761e-06
-3.63686e-05
-4.87916e-06
-2.60186e-05
-4.55287e-06
-1.56096e-05
-4.23876e-06
-5.10176e-06
-3.96117e-06
5.57054e-06
-3.73829e-06
1.65003e-05
-3.58092e-06
2.78053e-05
-3.49052e-06
3.9622e-05
-3.45646e-06
5.20919e-05
-3.45285e-06
6.53403e-05
-3.43581e-06
7.94453e-05
-3.34236e-06
9.4395e-05
-3.09296e-06
0.000110037
-2.59959e-06
0.000126023
-1.78076e-06
0.000141773
-5.8264e-07
0.000156463
9.97597e-07
0.000169071
2.89487e-06
0.0001785
4.97563e-06
0.000183749
7.0552e-06
0.000184127
8.93531e-06
0.000179403
1.04484e-05
0.000169863
1.14921e-05
0.000156232
1.20419e-05
0.000139501
1.21409e-05
0.000120721
1.1875e-05
0.000100829
1.13435e-05
8.05487e-05
1.06356e-05
6.03666e-05
9.81702e-06
4.05629e-05
8.92457e-06
2.12665e-05
7.96862e-06
2.51318e-06
6.93883e-06
-1.57075e-05
5.81223e-06
-3.34197e-05
4.5631e-06
-5.06404e-05
3.1751e-06
-6.73587e-05
1.65641e-06
-8.35056e-05
5.79157e-08
-9.88931e-05
-1.50947e-06
-0.000113109
-2.86631e-06
-0.000125352
-3.78074e-06
-0.000134243
-4.02609e-06
-0.000137657
-3.48412e-06
-0.000132725
-2.27127e-06
-0.000116095
-8.41256e-07
-8.44218e-05
-3.4906e-05
5.05719e-07
-3.34739e-05
1.16844e-06
-8.02353e-05
1.41042e-06
-0.000109734
9.7463e-07
-0.000125253
-1.0986e-07
-0.000130445
-1.63601e-06
-0.000128746
-3.33931e-06
-0.000122932
-4.98538e-06
-0.000114925
-6.41168e-06
-0.000105879
-7.53341e-06
-9.63829e-05
-8.32889e-06
-8.6687e-05
-8.81845e-06
-7.68717e-05
-9.04512e-06
-6.69529e-05
-9.0609e-06
-5.69338e-05
-8.91824e-06
-4.68205e-05
-8.66575e-06
-3.66211e-05
-8.34642e-06
-2.6338e-05
-7.99708e-06
-1.59589e-05
-7.64837e-06
-5.45048e-06
-7.32444e-06
5.24661e-06
-7.04237e-06
1.62182e-05
-6.81072e-06
2.75737e-05
-6.62748e-06
3.94388e-05
-6.47737e-06
5.19418e-05
-6.32898e-06
6.51919e-05
-6.13252e-06
7.92488e-05
-5.81964e-06
9.40821e-05
-5.30691e-06
0.000109524
-4.50505e-06
0.000125221
-3.33457e-06
0.000140603
-1.74694e-06
0.000154875
2.53197e-07
0.000167071
2.59187e-06
0.000176161
5.12728e-06
0.000181214
7.66806e-06
0.000181586
1.00093e-05
0.000177062
1.19758e-05
0.000167897
1.34552e-05
0.000154753
1.44119e-05
0.000138545
1.48779e-05
0.000120255
1.49304e-05
0.000100777
1.46632e-05
8.08159e-05
1.41642e-05
6.08657e-05
1.35002e-05
4.1227e-05
1.2711e-05
2.20556e-05
1.18105e-05
3.41371e-06
1.07909e-05
-1.46879e-05
9.63031e-06
-3.22591e-05
8.30148e-06
-4.93115e-05
6.78359e-06
-6.58408e-05
5.07729e-06
-8.17992e-05
3.22359e-06
-9.70394e-05
1.32351e-06
-0.000111209
-4.48296e-07
-0.00012358
-1.85252e-06
-0.000132839
-2.63285e-06
-0.000136877
-2.61815e-06
-0.00013274
-1.85579e-06
-0.000116857
-7.3106e-07
-8.55466e-05
-3.56371e-05
3.93488e-07
-3.38674e-05
7.579e-07
-8.05997e-05
5.73494e-07
-0.000109549
-3.47881e-07
-0.000124332
-1.91413e-06
-0.000128878
-3.87551e-06
-0.000126785
-5.94715e-06
-0.00012086
-7.89054e-06
-0.000112982
-9.54952e-06
-0.00010422
-1.08501e-05
-9.50823e-05
-1.17816e-05
-8.57556e-05
-1.23731e-05
-7.62801e-05
-1.26744e-05
-6.66517e-05
-1.27418e-05
-5.68664e-05
-1.26309e-05
-4.69315e-05
-1.23922e-05
-3.68598e-05
-1.20704e-05
-2.66598e-05
-1.17033e-05
-1.6326e-05
-1.13221e-05
-5.83162e-06
-1.0951e-05
4.87544e-06
-1.06058e-05
1.5873e-05
-1.02931e-05
2.7261e-05
-1.00076e-05
3.91533e-05
-9.72959e-06
5.16638e-05
-9.42258e-06
6.48849e-05
-9.03142e-06
7.88577e-05
-8.48306e-06
9.35338e-05
-7.69103e-06
0.000108732
-6.56558e-06
0.000124096
-5.02986e-06
0.000139067
-3.04086e-06
0.000152886
-6.10631e-07
0.000164641
2.17925e-06
0.000173371
5.17933e-06
0.000178214
8.19253e-06
0.000178573
1.10082e-05
0.000174246
1.34435e-05
0.000165461
1.53765e-05
0.00015282
1.67596e-05
0.000137162
1.76131e-05
0.000119402
1.8004e-05
0.000100386
1.80198e-05
8.08001e-05
1.77456e-05
6.11399e-05
1.72487e-05
4.17239e-05
1.65718e-05
2.27326e-05
1.5732e-05
4.25347e-06
1.47249e-05
-1.36808e-05
1.35303e-05
-3.10645e-05
1.21208e-05
-4.7902e-05
1.04723e-05
-6.41922e-05
8.57882e-06
-7.99058e-05
6.47222e-06
-9.49328e-05
4.24366e-06
-0.00010898
2.06139e-06
-0.000121398
1.68891e-07
-0.000130946
-1.15398e-06
-0.000135554
-1.68502e-06
-0.000132209
-1.39986e-06
-0.000117142
-6.0705e-07
-8.63394e-05
-3.62441e-05
2.67691e-07
-3.41351e-05
3.07662e-07
-8.06397e-05
-3.29837e-07
-0.000108912
-1.75698e-06
-0.000122904
-3.81913e-06
-0.000126816
-6.22722e-06
-0.000124377
-8.67805e-06
-0.000118409
-1.09315e-05
-0.000110728
-1.2839e-05
-0.000102312
-1.43373e-05
-9.35841e-05
-1.54254e-05
-8.46675e-05
-1.61402e-05
-7.55653e-05
-1.65365e-05
-6.62553e-05
-1.66741e-05
-5.67288e-05
-1.66108e-05
-4.69948e-05
-1.63989e-05
-3.70717e-05
-1.6084e-05
-2.69746e-05
-1.57051e-05
-1.67049e-05
-1.5294e-05
-6.24282e-06
-1.48744e-05
4.45586e-06
-1.44615e-05
1.54601e-05
-1.40598e-05
2.68593e-05
-1.36609e-05
3.87544e-05
-1.32413e-05
5.12441e-05
-1.27595e-05
6.44032e-05
-1.2156e-05
7.82541e-05
-1.13536e-05
9.27314e-05
-1.02639e-05
0.000107642
-8.79746e-06
0.000122629
-6.88079e-06
0.00013715
-4.47672e-06
0.000150482
-1.60449e-06
0.000161769
1.64742e-06
0.000170119
5.12295e-06
0.000174738
8.62005e-06
0.000175076
1.1923e-05
0.000170943
1.48423e-05
0.000162542
1.72461e-05
0.000150416
1.90747e-05
0.000135333
2.0336e-05
0.000118141
2.10858e-05
9.96361e-05
2.14039e-05
8.0482e-05
2.13715e-05
6.11723e-05
2.10557e-05
4.20397e-05
2.05012e-05
2.32871e-05
1.97285e-05
5.02608e-06
1.87369e-05
-1.26891e-05
1.75086e-05
-2.98363e-05
1.6017e-05
-4.64104e-05
1.42363e-05
-6.24115e-05
1.21553e-05
-7.78248e-05
9.79717e-06
-9.25747e-05
7.2431e-06
-0.000106426
4.65373e-06
-0.000118809
2.27469e-06
-0.000128567
4.05005e-07
-0.000133684
-6.87117e-07
-0.000131117
-9.03923e-07
-0.000116925
-4.69024e-07
-8.67743e-05
-3.67131e-05
1.27559e-07
-3.42627e-05
-1.8302e-07
-8.03291e-05
-1.29861e-06
-0.000107796
-3.2506e-06
-0.000120952
-5.82293e-06
-0.000124244
-8.68925e-06
-0.00012151
-1.15317e-05
-0.000115567
-1.41108e-05
-0.000108149
-1.62864e-05
-0.000100137
-1.80048e-05
-9.18656e-05
-1.92738e-05
-8.33985e-05
-2.01362e-05
-7.47028e-05
-2.06507e-05
-6.57408e-05
-2.08795e-05
-5.65e-05
-2.08816e-05
-4.69927e-05
-2.07107e-05
-3.72427e-05
-2.04134e-05
-2.72719e-05
-2.00294e-05
-1.70889e-05
-1.95908e-05
-6.68138e-06
-1.91215e-05
3.98657e-06
-1.86357e-05
1.49743e-05
-1.81361e-05
2.63596e-05
-1.76114e-05
3.82298e-05
-1.70345e-05
5.06671e-05
-1.63599e-05
6.37286e-05
-1.55241e-05
7.74182e-05
-1.4447e-05
9.16543e-05
-1.3039e-05
0.000106234
-1.12122e-05
0.000120803
-8.89719e-06
0.000134835
-6.0629e-06
0.000147648
-2.73565e-06
0.000158441
9.89669e-07
0.000166394
4.95149e-06
0.000170776
8.94357e-06
0.000171084
1.27461e-05
0.000167141
1.61632e-05
0.000159125
1.90537e-05
0.000147525
2.13459e-05
0.000133041
2.30344e-05
0.000116452
2.41631e-05
9.85073e-05
2.4803e-05
7.98421e-05
2.50302e-05
6.09451e-05
2.49103e-05
4.21596e-05
2.44895e-05
2.37079e-05
2.37915e-05
5.72402e-06
2.28192e-05
-1.17167e-05
2.1558e-05
-2.85752e-05
1.99833e-05
-4.48357e-05
1.80686e-05
-6.04967e-05
1.57988e-05
-7.5555e-05
1.31899e-05
-8.99658e-05
1.03131e-05
-0.000103549
7.32018e-06
-0.000115816
4.45609e-06
-0.000125703
2.03676e-06
-0.000131265
3.7196e-07
-0.000129452
-3.68859e-07
-0.000116185
-3.16874e-07
-8.68263e-05
-3.703e-05
-2.72479e-08
-3.42354e-05
-7.13169e-07
-7.96432e-05
-2.32982e-06
-0.00010618
-4.82396e-06
-0.000118458
-7.91875e-06
-0.000121149
-1.12545e-05
-0.000118175
-1.45022e-05
-0.000112319
-1.74251e-05
-0.000105226
-1.98911e-05
-9.76707e-05
-2.18556e-05
-8.99012e-05
-2.33328e-05
-8.19213e-05
-2.437e-05
-7.36656e-05
-2.50282e-05
-6.50826e-05
-2.53708e-05
-5.61574e-05
-2.54579e-05
-4.69056e-05
-2.53436e-05
-3.73569e-05
-2.50755e-05
-2.75401e-05
-2.46937e-05
-1.74707e-05
-2.42308e-05
-7.14424e-06
-2.37106e-05
3.46632e-06
-2.31463e-05
1.44101e-05
-2.2539e-05
2.57523e-05
-2.18749e-05
3.75657e-05
-2.11236e-05
4.99159e-05
-2.02363e-05
6.28414e-05
-1.91464e-05
7.63283e-05
-1.7772e-05
9.02799e-05
-1.60236e-05
0.000104486
-1.38156e-05
0.000118595
-1.10836e-05
0.000132103
-7.80306e-06
0.000144367
-4.0074e-06
0.000154646
2.02573e-07
0.000162184
4.66092e-06
0.000166318
9.15791e-06
0.000166587
1.34705e-05
0.000162828
1.73974e-05
0.000155198
2.07885e-05
0.000144134
2.35603e-05
0.000130269
2.56939e-05
0.000114319
2.72205e-05
9.69807e-05
2.82012e-05
7.88615e-05
2.87057e-05
6.04406e-05
2.87972e-05
4.20681e-05
2.85225e-05
2.39827e-05
2.79079e-05
6.3386e-06
2.69598e-05
-1.07687e-05
2.56677e-05
-2.72831e-05
2.40094e-05
-4.31774e-05
2.19589e-05
-5.84463e-05
1.94992e-05
-7.30953e-05
1.66398e-05
-8.71065e-05
1.34428e-05
-0.000100352
1.00504e-05
-0.000112424
6.70446e-06
-0.000122357
3.73367e-06
-0.000128294
1.48701e-06
-0.000127205
2.03657e-07
-0.000114901
-1.50665e-07
-8.64719e-05
-3.71807e-05
-1.9638e-07
-3.4039e-05
-1.28033e-06
-7.85592e-05
-3.41793e-06
-0.000104042
-6.46767e-06
-0.000115409
-1.00945e-05
-0.000117522
-1.39098e-05
-0.000114359
-1.75771e-05
-0.000108652
-2.08635e-05
-0.00010194
-2.3645e-05
-9.48893e-05
-2.58838e-05
-8.76624e-05
-2.75991e-05
-8.0206e-05
-2.88404e-05
-7.24243e-05
-2.96697e-05
-6.42533e-05
-3.01506e-05
-5.56765e-05
-3.03434e-05
-4.67128e-05
-3.03026e-05
-3.73978e-05
-3.00761e-05
-2.77666e-05
-2.97047e-05
-1.78421e-05
-2.9221e-05
-7.62786e-06
-2.86487e-05
2.89399e-06
-2.80002e-05
1.37615e-05
-2.72749e-05
2.5027e-05
-2.64569e-05
3.67477e-05
-2.5513e-05
4.8972e-05
-2.4392e-05
6.17203e-05
-2.30249e-05
7.49612e-05
-2.13294e-05
8.85844e-05
-1.92171e-05
0.000102373
-1.66063e-05
0.000115984
-1.34382e-05
0.000128935
-9.69547e-06
0.000140624
-5.41838e-06
0.000150369
-7.13393e-07
0.000157479
4.25022e-06
0.000161354
9.2601e-06
0.000161577
1.40909e-05
0.000157997
1.85368e-05
0.000150752
2.24396e-05
0.000140231
2.57042e-05
0.000127004
2.82982e-05
0.000111725
3.02399e-05
9.5039e-05
3.1579e-05
7.75223e-05
3.23781e-05
5.96415e-05
3.26966e-05
4.17496e-05
3.25809e-05
2.40984e-05
3.20594e-05
6.86009e-06
3.1142e-05
-9.85126e-06
2.9822e-05
-2.5963e-05
2.80806e-05
-4.1436e-05
2.58937e-05
-5.62594e-05
2.32431e-05
-7.04447e-05
2.01338e-05
-8.39971e-05
1.66192e-05
-9.68375e-05
1.28321e-05
-0.000108636
9.00898e-06
-0.000118534
5.48775e-06
-0.000124773
2.65237e-06
-0.00012437
8.10861e-07
-0.00011306
2.92976e-08
-8.56904e-05
-3.71514e-05
-3.78821e-07
-3.36602e-05
-1.88029e-06
-7.70578e-05
-4.55367e-06
-0.000101369
-8.1675e-06
-0.000111795
-1.23322e-05
-0.000113357
-1.66352e-05
-0.000110056
-2.07358e-05
-0.000104551
-2.44065e-05
-9.82691e-05
-2.75298e-05
-9.17659e-05
-3.00732e-05
-8.5119e-05
-3.20582e-05
-7.82211e-05
-3.35345e-05
-7.0948e-05
-3.45636e-05
-6.32242e-05
-3.52085e-05
-5.50316e-05
-3.55289e-05
-4.63924e-05
-3.55793e-05
-3.73474e-05
-3.54078e-05
-2.79381e-05
-3.50554e-05
-1.81945e-05
-3.45551e-05
-8.12823e-06
-3.39298e-05
2.26874e-06
-3.31913e-05
1.3023e-05
-3.23376e-05
2.41732e-05
-3.13507e-05
3.57608e-05
-3.01956e-05
4.78169e-05
-2.88189e-05
6.03437e-05
-2.7151e-05
7.32933e-05
-2.51101e-05
8.65434e-05
-2.26104e-05
9.98738e-05
-1.95752e-05
0.000112949
-1.59524e-05
0.000125312
-1.17323e-05
0.000136404
-6.9621e-06
0.000145598
-1.75344e-06
0.00015227
3.72179e-06
0.000155879
9.24972e-06
0.000156049
1.46036e-05
0.000152643
1.9574e-05
0.000145782
2.39958e-05
0.00013581
2.77628e-05
0.000123237
3.08294e-05
0.000108658
3.32002e-05
9.26682e-05
3.49135e-05
7.5809e-05
3.60232e-05
5.85318e-05
3.65839e-05
4.11889e-05
3.66405e-05
2.40418e-05
3.62227e-05
7.27786e-06
3.53436e-05
-8.97209e-06
3.40003e-05
-2.46198e-05
3.2178e-05
-3.96137e-05
2.98553e-05
-5.39367e-05
2.7014e-05
-6.76034e-05
2.36558e-05
-8.06389e-05
1.9827e-05
-9.30087e-05
1.56507e-05
-0.00010446
1.13568e-05
-0.00011424
7.28897e-06
-0.000120705
3.86176e-06
-0.000120943
1.44951e-06
-0.000110648
2.22257e-07
-8.44631e-05
-3.69291e-05
-5.72894e-07
-3.30873e-05
-2.50644e-06
-7.51242e-05
-5.7239e-06
-9.81512e-05
-9.90387e-06
-0.000107615
-1.46072e-05
-0.000108654
-1.94026e-05
-0.000105261
-2.39489e-05
-0.000100005
-2.80239e-05
-9.4194e-05
-3.15159e-05
-8.82739e-05
-3.43949e-05
-8.22401e-05
-3.66819e-05
-7.59341e-05
-3.84251e-05
-6.92047e-05
-3.96837e-05
-6.19656e-05
-4.0519e-05
-5.41964e-05
-4.09896e-05
-4.59217e-05
-4.11497e-05
-3.71873e-05
-4.10473e-05
-2.80405e-05
-4.07235e-05
-1.85183e-05
-4.02109e-05
-8.64076e-06
-3.95324e-05
1.59017e-06
-3.86985e-05
1.21892e-05
-3.77059e-05
2.31807e-05
-3.65354e-05
3.45903e-05
-3.51502e-05
4.64317e-05
-3.34963e-05
5.86897e-05
-3.15041e-05
7.13012e-05
-2.9094e-05
8.41333e-05
-2.61842e-05
9.69641e-05
-2.27043e-05
0.000109469
-1.86098e-05
0.000121218
-1.38991e-05
0.000131694
-8.62646e-06
0.000140326
-2.90825e-06
0.000146552
3.08173e-06
0.000149889
9.12914e-06
0.000150001
1.50068e-05
0.000146766
2.05031e-05
0.000140285
2.54464e-05
0.000130866
2.97208e-05
0.000118963
3.32678e-05
0.000105111
3.60784e-05
8.98576e-05
3.81786e-05
7.37088e-05
3.96128e-05
5.70975e-05
4.04297e-05
4.0372e-05
4.06717e-05
2.37998e-05
4.03689e-05
7.58062e-06
3.95369e-05
-8.14009e-06
3.81768e-05
-2.32597e-05
3.62777e-05
-3.77145e-05
3.38213e-05
-5.14804e-05
3.0791e-05
-6.45731e-05
2.71864e-05
-7.70342e-05
2.30476e-05
-8.887e-05
1.8489e-05
-9.99016e-05
1.37328e-05
-0.000109484
9.12528e-06
-0.000116098
5.10719e-06
-0.000116925
2.11583e-06
-0.000107656
4.27155e-07
-8.27744e-05
-3.6502e-05
-7.75977e-07
-3.23113e-05
-3.14966e-06
-7.27505e-05
-6.91132e-06
-9.43895e-05
-1.16516e-05
-0.000102875
-1.68878e-05
-0.000103418
-2.21757e-05
-9.9973e-05
-2.71764e-05
-9.50043e-05
-3.1674e-05
-8.96964e-05
-3.55603e-05
-8.43876e-05
-3.88051e-05
-7.89953e-05
-4.14265e-05
-7.33127e-05
-4.34686e-05
-6.71626e-05
-4.49868e-05
-6.04474e-05
-4.60394e-05
-5.31438e-05
-4.66835e-05
-4.52776e-05
-4.69723e-05
-3.68984e-05
-4.69537e-05
-2.80591e-05
-4.66685e-05
-1.88035e-05
-4.61489e-05
-9.16028e-06
-4.54172e-05
8.5846e-07
-4.44831e-05
1.1255e-05
-4.33421e-05
2.20397e-05
-4.19737e-05
3.3222e-05
-4.03406e-05
4.47986e-05
-3.83888e-05
5.67379e-05
-3.60504e-05
6.89628e-05
-3.3249e-05
8.13319e-05
-2.99086e-05
9.36237e-05
-2.59661e-05
0.000105526
-2.13857e-05
0.000116638
-1.61744e-05
0.000126482
-1.03935e-05
0.000134545
-4.16371e-06
0.000140322
2.33993e-06
0.000143385
8.90367e-06
0.000143438
1.53011e-05
0.000140368
2.1319e-05
0.000134267
2.67813e-05
0.000125404
3.15627e-05
0.000114182
3.55928e-05
0.000101081
3.88492e-05
8.66012e-05
4.13452e-05
7.12128e-05
4.3115e-05
5.53277e-05
4.42004e-05
3.92866e-05
4.46402e-05
2.336e-05
4.4464e-05
7.75679e-06
4.36892e-05
-7.36529e-06
4.23203e-05
-2.18908e-05
4.03503e-05
-3.57446e-05
3.77649e-05
-4.88949e-05
3.45492e-05
-6.13574e-05
3.0702e-05
-7.31871e-05
2.62593e-05
-8.44272e-05
2.13269e-05
-9.49693e-05
1.61192e-05
-0.000104276
1.09824e-05
-0.000110961
6.37888e-06
-0.000112321
2.80484e-06
-0.000104082
6.42747e-07
-8.06123e-05
-3.58592e-05
-9.84474e-07
-3.13269e-05
-3.79833e-06
-6.99367e-05
-8.09461e-06
-9.00933e-05
-1.338e-05
-9.75892e-05
-1.9135e-05
-9.76629e-05
-2.49087e-05
-9.41994e-05
-3.03674e-05
-8.95456e-05
-3.53015e-05
-8.47623e-05
-3.96047e-05
-8.00845e-05
-4.32435e-05
-7.53564e-05
-4.62304e-05
-7.03258e-05
-4.86028e-05
-6.47903e-05
-5.04104e-05
-5.86399e-05
-5.17074e-05
-5.18467e-05
-5.25487e-05
-4.44364e-05
-5.29859e-05
-3.64612e-05
-5.30664e-05
-2.79787e-05
-5.28304e-05
-1.90395e-05
-5.23098e-05
-9.68086e-06
-5.15261e-05
7.46753e-08
-5.04879e-05
1.02168e-05
-4.91899e-05
2.07417e-05
-4.76111e-05
3.16431e-05
-4.5714e-05
4.29015e-05
-4.34459e-05
5.44699e-05
-4.07419e-05
6.62587e-05
-3.75303e-05
7.81203e-05
-3.37422e-05
8.98356e-05
-2.93232e-05
0.000101107
-2.42471e-05
0.000111562
-1.85297e-05
0.000120765
-1.22395e-05
0.000128255
-5.50096e-06
0.000133584
1.51015e-06
0.000136374
8.58168e-06
0.000136366
1.54889e-05
0.000133461
2.20187e-05
0.000127738
2.79911e-05
0.000119432
3.32732e-05
0.0001089
3.77832e-05
9.6571e-05
4.14859e-05
8.28985e-05
4.43821e-05
6.83167e-05
4.6495e-05
5.32147e-05
4.78587e-05
3.7923e-05
4.85073e-05
2.27114e-05
4.84691e-05
7.795e-06
4.77623e-05
-6.65852e-06
4.63943e-05
-2.05227e-05
4.43616e-05
-3.3712e-05
4.16537e-05
-4.61869e-05
3.82583e-05
-5.7962e-05
3.41748e-05
-6.91035e-05
2.94357e-05
-7.96881e-05
2.41405e-05
-8.9674e-05
1.84949e-05
-9.86306e-05
1.28432e-05
-0.000105309
7.66496e-06
-0.000107143
3.51028e-06
-9.99275e-05
8.6728e-07
-7.79693e-05
-3.49919e-05
-1.19386e-06
-3.0133e-05
-4.43852e-06
-6.6692e-05
-9.24878e-06
-8.5283e-05
-1.50531e-05
-9.17849e-05
-2.13031e-05
-9.14128e-05
-2.75467e-05
-8.79557e-05
-3.34591e-05
-8.36332e-05
-3.8837e-05
-7.93844e-05
-4.3574e-05
-7.53475e-05
-4.76311e-05
-7.12993e-05
-5.10117e-05
-6.69451e-05
-5.37441e-05
-6.20578e-05
-5.58703e-05
-5.65137e-05
-5.74391e-05
-5.02779e-05
-5.85015e-05
-4.3374e-05
-5.91075e-05
-3.58551e-05
-5.93032e-05
-2.7783e-05
-5.91282e-05
-1.92145e-05
-5.86136e-05
-1.01954e-05
-5.77801e-05
-7.58848e-07
-5.66356e-05
9.07234e-06
-5.51742e-05
1.92803e-05
-5.33746e-05
2.98436e-05
-5.12005e-05
4.07273e-05
-4.86014e-05
5.18707e-05
-4.55164e-05
6.31737e-05
-4.18804e-05
7.44843e-05
-3.76328e-05
8.5588e-05
-3.27289e-05
9.62033e-05
-2.71528e-05
0.000105985
-2.09297e-05
0.000114542
-1.41349e-05
0.00012146
-6.89654e-06
0.000126345
6.09835e-07
0.000128868
8.17446e-06
0.000128802
1.55753e-05
0.00012606
2.26005e-05
0.000120713
2.90676e-05
0.000112964
3.48373e-05
0.00010313
3.98178e-05
9.15905e-05
4.39615e-05
7.87547e-05
4.72568e-05
6.50214e-05
4.97159e-05
5.07556e-05
5.13644e-05
3.62745e-05
5.2231e-05
2.18448e-05
5.23413e-05
7.68467e-06
5.17137e-05
-6.03087e-06
5.03571e-05
-1.91662e-05
4.82716e-05
-3.16265e-05
4.54498e-05
-4.33651e-05
4.18827e-05
-5.43949e-05
3.7571e-05
-6.47918e-05
3.25458e-05
-7.46629e-05
2.69011e-05
-8.40293e-05
2.0835e-05
-9.25645e-05
1.46876e-05
-9.91615e-05
8.9512e-06
-0.000101406
4.22438e-06
-9.52006e-05
1.09843e-06
-7.48434e-05
-3.38935e-05
-1.39883e-06
-2.87342e-05
-5.05452e-06
-6.30363e-05
-1.0346e-05
-7.99915e-05
-1.66309e-05
-8.55e-05
-2.33399e-05
-8.47038e-05
-3.00262e-05
-8.12694e-05
-3.63768e-05
-7.72826e-05
-4.21956e-05
-7.35656e-05
-4.73749e-05
-7.01682e-05
-5.18676e-05
-6.68066e-05
-5.56655e-05
-6.31472e-05
-5.8785e-05
-5.89384e-05
-6.12579e-05
-5.40408e-05
-6.31256e-05
-4.84102e-05
-6.44342e-05
-4.20654e-05
-6.52306e-05
-3.50587e-05
-6.5559e-05
-2.74545e-05
-6.54582e-05
-1.93153e-05
-6.49585e-05
-1.06952e-05
-6.40796e-05
-1.63771e-06
-6.28291e-05
7.82178e-06
-6.12007e-05
1.76519e-05
-5.91738e-05
2.78167e-05
-5.67138e-05
3.82673e-05
-5.37737e-05
4.89307e-05
-5.02983e-05
5.96983e-05
-4.62299e-05
7.0416e-05
-4.15176e-05
8.08757e-05
-3.61274e-05
9.08131e-05
-3.00542e-05
9.99123e-05
-2.33329e-05
0.000107821
-1.60454e-05
0.000114172
-8.32284e-06
0.000118623
-3.40212e-07
0.000120885
7.69606e-06
0.000120765
1.55676e-05
0.000118189
2.30648e-05
0.000113215
3.00043e-05
0.000106025
3.62416e-05
9.68926e-05
4.16759e-05
8.61562e-05
4.62487e-05
7.4182e-05
4.99361e-05
6.1334e-05
5.27395e-05
4.79521e-05
5.46753e-05
3.43387e-05
5.57661e-05
2.0754e-05
5.60339e-05
7.4169e-06
5.54958e-05
-5.49281e-06
5.41619e-05
-1.78323e-05
5.20343e-05
-2.94989e-05
4.91088e-05
-4.04396e-05
4.53798e-05
-5.06659e-05
4.08504e-05
-6.02625e-05
3.55521e-05
-6.93646e-05
2.95749e-05
-7.80522e-05
2.311e-05
-8.60996e-05
1.64917e-05
-9.25432e-05
1.02206e-05
-9.51354e-05
4.93771e-06
-8.99177e-05
1.33325e-06
-7.12389e-05
-3.25603e-05
-1.59358e-06
-2.71406e-05
-5.62962e-06
-5.90003e-05
-1.13569e-05
-7.42643e-05
-1.80707e-05
-7.87862e-05
-2.51888e-05
-7.75857e-05
-3.22758e-05
-7.41824e-05
-3.90345e-05
-7.05239e-05
-4.52774e-05
-6.73228e-05
-5.08951e-05
-6.45505e-05
-5.58308e-05
-6.18709e-05
-6.00623e-05
-5.89157e-05
-6.35914e-05
-5.54093e-05
-6.64372e-05
-5.1195e-05
-6.8631e-05
-4.62164e-05
-7.0212e-05
-4.04844e-05
-7.12225e-05
-3.40482e-05
-7.17041e-05
-2.69729e-05
-7.16938e-05
-1.93257e-05
-7.12208e-05
-1.11682e-05
-7.03044e-05
-2.5541e-06
-6.89518e-05
6.46916e-06
-6.71571e-05
1.58572e-05
-6.49013e-05
2.55608e-05
-6.21523e-05
3.55184e-05
-5.88681e-05
4.56464e-05
-5.49998e-05
5.58301e-05
-5.0499e-05
6.59151e-05
-4.5325e-05
7.57017e-05
-3.94555e-05
8.49435e-05
-3.28967e-05
9.33535e-05
-2.56928e-05
0.000100617
-1.79323e-05
0.000106412
-9.74887e-06
0.00011044
-1.31636e-06
0.000112453
7.16286e-06
0.000112286
1.5475e-05
0.000109876
2.34138e-05
0.000105277
3.07961e-05
9.86427e-05
3.74735e-05
9.02151e-05
4.33381e-05
8.02916e-05
4.83209e-05
6.91991e-05
5.23871e-05
5.72679e-05
5.5527e-05
4.48122e-05
5.77479e-05
3.21179e-05
5.90652e-05
1.94367e-05
5.94964e-05
6.98563e-06
5.90566e-05
-5.05297e-06
5.77554e-05
-1.6531e-05
5.55963e-05
-2.73398e-05
5.25779e-05
-3.74213e-05
4.86983e-05
-4.67863e-05
4.39643e-05
-5.55285e-05
3.8409e-05
-6.38093e-05
3.2121e-05
-7.17641e-05
2.52847e-05
-7.92633e-05
1.82274e-05
-8.54859e-05
1.14533e-05
-8.83614e-05
5.63902e-06
-8.41034e-05
1.56806e-06
-6.7168e-05
-3.09922e-05
-1.77225e-06
-2.53683e-05
-6.14733e-06
-5.46252e-05
-1.22523e-05
-6.81593e-05
-1.93293e-05
-7.17092e-05
-2.67908e-05
-7.01243e-05
-3.42191e-05
-6.67542e-05
-4.1337e-05
-6.34059e-05
-4.79685e-05
-6.06913e-05
-5.40034e-05
-5.85155e-05
-5.93749e-05
-5.64994e-05
-6.40454e-05
-5.42453e-05
-6.79996e-05
-5.14551e-05
-7.1241e-05
-4.79536e-05
-7.3788e-05
-4.36694e-05
-7.56697e-05
-3.86026e-05
-7.69219e-05
-3.27961e-05
-7.75815e-05
-2.63133e-05
-7.76829e-05
-1.92243e-05
-7.7254e-05
-1.15971e-05
-7.63134e-05
-3.4947e-06
-7.48685e-05
5.0243e-06
-7.29147e-05
1.39034e-05
-7.0435e-05
2.30812e-05
-6.74017e-05
3.2485e-05
-6.37781e-05
4.20228e-05
-5.95236e-05
5.15756e-05
-5.45995e-05
6.0991e-05
-4.89766e-05
7.00787e-05
-4.26445e-05
7.86115e-05
-3.56208e-05
8.63299e-05
-2.79592e-05
9.2955e-05
-1.9754e-05
9.82067e-05
-1.11413e-05
0.000101827
-2.29296e-06
0.000103605
6.59315e-06
0.0001034
1.53087e-05
0.000101161
2.36514e-05
9.69338e-05
3.14395e-05
9.08545e-05
3.85226e-05
8.31321e-05
4.47863e-05
7.40279e-05
5.01531e-05
6.38323e-05
5.45775e-05
5.28435e-05
5.80396e-05
4.13501e-05
6.05371e-05
2.96204e-05
6.20779e-05
1.78959e-05
6.26742e-05
6.38933e-06
6.23375e-05
-4.71626e-06
6.10763e-05
-1.52698e-05
5.88946e-05
-2.51581e-05
5.57937e-05
-3.43204e-05
5.17758e-05
-4.27684e-05
4.68527e-05
-5.06054e-05
4.10613e-05
-5.80179e-05
3.44899e-05
-6.51927e-05
2.73173e-05
-7.20907e-05
1.98617e-05
-7.80302e-05
1.26261e-05
-8.11258e-05
6.31519e-06
-7.77925e-05
1.79849e-06
-6.26513e-05
-2.91937e-05
-1.92954e-06
-2.34388e-05
-6.59281e-06
-4.99619e-05
-1.30058e-05
-6.17462e-05
-2.03661e-05
-6.43489e-05
-2.8088e-05
-6.24024e-05
-3.57774e-05
-5.90647e-05
-4.31827e-05
-5.60006e-05
-5.01432e-05
-5.37308e-05
-5.65514e-05
-5.21073e-05
-6.23315e-05
-5.07193e-05
-6.74303e-05
-4.91465e-05
-7.18142e-05
-4.70712e-05
-7.54679e-05
-4.42998e-05
-7.83936e-05
-4.07437e-05
-8.06069e-05
-3.63893e-05
-8.21333e-05
-3.12697e-05
-8.30028e-05
-2.54438e-05
-8.32452e-05
-1.89818e-05
-8.28862e-05
-1.19561e-05
-8.19435e-05
-4.43736e-06
-8.04253e-05
3.50604e-06
-7.83285e-05
1.18067e-05
-7.56399e-05
2.03925e-05
-7.23364e-05
2.91815e-05
-6.83888e-05
3.80752e-05
-6.37653e-05
4.69522e-05
-5.8438e-05
5.56637e-05
-5.23898e-05
6.40305e-05
-4.56225e-05
7.18442e-05
-3.81651e-05
7.88725e-05
-3.00801e-05
8.48701e-05
-2.14678e-05
8.95943e-05
-1.24656e-05
9.28245e-05
-3.24328e-06
9.43822e-05
6.00627e-06
9.41504e-05
1.50806e-05
9.20866e-05
2.37826e-05
8.82319e-05
3.19327e-05
8.27044e-05
3.93794e-05
7.56854e-05
4.60039e-05
6.74034e-05
5.17207e-05
5.81155e-05
5.64751e-05
4.80891e-05
6.02372e-05
3.7588e-05
6.29953e-05
2.68622e-05
6.47495e-05
1.61417e-05
6.55054e-05
5.63338e-06
6.52706e-05
-4.48141e-06
6.40514e-05
-1.40505e-05
6.18523e-05
-2.2959e-05
5.86775e-05
-3.11455e-05
5.45343e-05
-3.86253e-05
4.94412e-05
-4.55123e-05
4.34406e-05
-5.20173e-05
3.66221e-05
-5.83741e-05
2.91584e-05
-6.46271e-05
2.13564e-05
-7.02282e-05
1.37125e-05
-7.34819e-05
6.95127e-06
-7.10312e-05
2.01946e-06
-5.77195e-05
-2.71743e-05
-2.06137e-06
-2.13774e-05
-6.95468e-06
-4.50686e-05
-1.35961e-05
-5.51048e-05
-2.11462e-05
-5.67988e-05
-2.90272e-05
-5.45214e-05
-3.68746e-05
-5.12173e-05
-4.44684e-05
-4.84069e-05
-5.16692e-05
-4.653e-05
-5.83773e-05
-4.53992e-05
-6.45119e-05
-4.45847e-05
-7.00059e-05
-4.36525e-05
-7.48069e-05
-4.22702e-05
-7.88792e-05
-4.02275e-05
-8.22047e-05
-3.74182e-05
-8.47815e-05
-3.38125e-05
-8.66206e-05
-2.94306e-05
-8.77411e-05
-2.43233e-05
-8.81655e-05
-1.85574e-05
-8.7915e-05
-1.22066e-05
-8.70058e-05
-5.34658e-06
-8.54465e-05
1.94673e-06
-8.32366e-05
9.59683e-06
-8.0367e-05
1.75229e-05
-7.68211e-05
2.56356e-05
-7.25778e-05
3.38318e-05
-6.76154e-05
4.19898e-05
-6.19177e-05
4.9966e-05
-5.548e-05
5.75928e-05
-4.83165e-05
6.46807e-05
-4.04674e-05
7.10233e-05
-3.20037e-05
7.64064e-05
-2.30308e-05
8.06215e-05
-1.36874e-05
8.34811e-05
-4.14075e-06
8.48356e-05
5.42155e-06
8.45881e-05
1.48034e-05
8.27047e-05
2.3813e-05
7.92223e-05
3.22742e-05
7.42431e-05
4.00353e-05
6.79242e-05
4.69741e-05
6.04647e-05
5.29986e-05
5.2091e-05
5.80457e-05
4.3042e-05
6.2076e-05
3.35577e-05
6.50687e-05
2.38695e-05
6.70155e-05
1.41949e-05
6.79156e-05
4.73328e-06
6.77719e-05
-4.33771e-06
6.65888e-05
-1.28674e-05
6.43718e-05
-2.0742e-05
6.1129e-05
-2.79028e-05
5.68748e-05
-3.43712e-05
5.16361e-05
-4.02736e-05
4.54625e-05
-4.58436e-05
3.8445e-05
-5.13567e-05
3.07497e-05
-5.69317e-05
2.26678e-05
-6.21464e-05
1.46829e-05
-6.5497e-05
7.53084e-06
-6.38792e-05
2.22541e-06
-5.2414e-05
-2.49488e-05
-2.1657e-06
-1.92117e-05
-7.22664e-06
-4.00077e-05
-1.40094e-05
-4.83221e-05
-2.16439e-05
-4.91643e-05
-2.95646e-05
-4.66007e-05
-3.74422e-05
-4.33397e-05
-4.50951e-05
-4.07539e-05
-5.24136e-05
-3.92116e-05
-5.93128e-05
-3.85e-05
-6.57133e-05
-3.81841e-05
-7.15386e-05
-3.78272e-05
-7.67191e-05
-3.70898e-05
-8.11977e-05
-3.57489e-05
-8.49338e-05
-3.36822e-05
-8.79034e-05
-3.08429e-05
-9.00979e-05
-2.72361e-05
-9.15206e-05
-2.29006e-05
-9.21821e-05
-1.78959e-05
-9.2096e-05
-1.22928e-05
-9.12745e-05
-6.16808e-06
-8.97259e-05
3.98119e-07
-8.74519e-05
7.32291e-06
-8.44484e-05
1.45194e-05
-8.07059e-05
2.18931e-05
-7.62126e-05
2.93385e-05
-7.09579e-05
3.67352e-05
-6.49379e-05
4.39459e-05
-5.81607e-05
5.08156e-05
-5.06531e-05
5.71731e-05
-4.24659e-05
6.28362e-05
-3.36787e-05
6.76192e-05
-2.44015e-05
7.13442e-05
-1.47737e-05
7.38533e-05
-4.9602e-06
7.50221e-05
4.85693e-06
7.4771e-05
1.44879e-05
7.30738e-05
2.37465e-05
6.99637e-05
3.24604e-05
6.55292e-05
4.04786e-05
5.9906e-05
4.76762e-05
5.32671e-05
5.39559e-05
4.58112e-05
5.92469e-05
3.77511e-05
6.35009e-05
2.93036e-05
6.66884e-05
2.06821e-05
6.8793e-05
1.20904e-05
6.98076e-05
3.71868e-06
6.97313e-05
-4.26141e-06
6.85677e-05
-1.17038e-05
6.6325e-05
-1.84994e-05
6.3018e-05
-2.45957e-05
5.86704e-05
-3.00236e-05
5.33195e-05
-3.49227e-05
4.70227e-05
-3.95468e-05
3.9872e-05
-4.42061e-05
3.20231e-05
-4.90827e-05
2.37466e-05
-5.38699e-05
1.55053e-05
-5.72556e-05
8.03658e-06
-5.64105e-05
2.41054e-06
-4.6788e-05
-2.25383e-05
-2.24318e-06
-1.69686e-05
-7.40884e-06
-3.4842e-05
-1.42417e-05
-4.14892e-05
-2.18448e-05
-4.15612e-05
-2.96687e-05
-3.87769e-05
-3.74242e-05
-3.55842e-05
-4.49757e-05
-3.32024e-05
-5.22519e-05
-3.19354e-05
-5.91928e-05
-3.15591e-05
-6.57293e-05
-3.16476e-05
-7.17819e-05
-3.17745e-05
-7.72686e-05
-3.16031e-05
-8.21127e-05
-3.09048e-05
-8.62494e-05
-2.95455e-05
-8.96296e-05
-2.74627e-05
-9.22203e-05
-2.46454e-05
-9.40029e-05
-2.11179e-05
-9.49708e-05
-1.69281e-05
-9.51245e-05
-1.21391e-05
-9.44685e-05
-6.82404e-06
-9.30079e-05
-1.06249e-06
-9.07454e-05
5.06042e-06
-8.76812e-05
1.14551e-05
-8.38131e-05
1.80251e-05
-7.91392e-05
2.46646e-05
-7.36607e-05
3.12567e-05
-6.73864e-05
3.76716e-05
-6.03377e-05
4.37669e-05
-5.2554e-05
4.93893e-05
-4.40967e-05
5.43789e-05
-3.50535e-05
5.8576e-05
-2.55389e-05
6.18296e-05
-1.56933e-05
6.40078e-05
-5.67896e-06
6.50077e-05
4.32689e-06
6.47651e-05
1.41405e-05
6.32602e-05
2.35812e-05
6.0523e-05
3.24804e-05
5.663e-05
4.0688e-05
5.16984e-05
4.80772e-05
4.58779e-05
5.4546e-05
3.93425e-05
6.00164e-05
3.22807e-05
6.44323e-05
2.48876e-05
6.77561e-05
1.73583e-05
6.99644e-05
9.88208e-06
7.10454e-05
2.63763e-06
7.09967e-05
-4.21265e-06
6.98238e-05
-1.0531e-05
6.75414e-05
-1.6217e-05
6.41742e-05
-2.12286e-05
5.97586e-05
-2.56079e-05
5.43436e-05
-2.95077e-05
4.79941e-05
-3.31974e-05
4.07999e-05
-3.70118e-05
3.29004e-05
-4.11833e-05
2.45382e-05
-4.55077e-05
1.61455e-05
-4.88629e-05
8.45102e-06
-4.8716e-05
2.56933e-06
-4.09063e-05
-1.9969e-05
-2.29749e-06
-1.46711e-05
-7.50787e-06
-2.96316e-05
-1.4298e-05
-3.46991e-05
-2.1746e-05
-3.41132e-05
-2.93214e-05
-3.12015e-05
-3.67802e-05
-2.81254e-05
-4.40399e-05
-2.59427e-05
-5.10773e-05
-2.4898e-05
-5.78682e-05
-2.47682e-05
-6.43643e-05
-2.51515e-05
-7.04928e-05
-2.5646e-05
-7.61662e-05
-2.59298e-05
-8.12925e-05
-2.57786e-05
-8.57848e-05
-2.50531e-05
-8.95675e-05
-2.368e-05
-9.25797e-05
-2.16332e-05
-9.47762e-05
-1.89215e-05
-9.61263e-05
-1.5578e-05
-9.66116e-05
-1.16538e-05
-9.62228e-05
-7.21278e-06
-9.49569e-05
-2.32843e-06
-9.2814e-05
2.91757e-06
-8.97964e-05
8.43749e-06
-8.59078e-05
1.41365e-05
-8.11555e-05
1.99123e-05
-7.55521e-05
2.56533e-05
-6.91195e-05
3.1239e-05
-6.18923e-05
3.65398e-05
-5.39224e-05
4.14194e-05
-4.52823e-05
4.57388e-05
-3.60675e-05
4.93612e-05
-2.63973e-05
5.21595e-05
-1.64137e-05
5.40241e-05
-6.27687e-06
5.48709e-05
3.83989e-06
5.46484e-05
1.37579e-05
5.33422e-05
2.33014e-05
5.09795e-05
3.23049e-05
4.76266e-05
4.06191e-05
4.33842e-05
4.81153e-05
3.83817e-05
5.46871e-05
3.27707e-05
6.02506e-05
2.67172e-05
6.47429e-05
2.03953e-05
6.81199e-05
1.39813e-05
7.03541e-05
7.64792e-06
7.14321e-05
1.55957e-06
7.13541e-05
-4.13458e-06
7.01326e-05
-9.30954e-06
6.77939e-05
-1.38782e-05
6.43772e-05
-1.78119e-05
5.99342e-05
-2.1165e-05
5.45266e-05
-2.41e-05
4.82238e-05
-2.68946e-05
4.11074e-05
-2.98954e-05
3.32924e-05
-3.33683e-05
2.49824e-05
-3.71977e-05
1.6568e-05
-4.04485e-05
8.75731e-06
-4.09053e-05
2.69711e-06
-3.48461e-05
-1.72719e-05
-2.33485e-06
-1.23362e-05
-7.53442e-06
-2.44321e-05
-1.41878e-05
-2.80457e-05
-2.13503e-05
-2.69507e-05
-2.85135e-05
-2.40383e-05
-3.54831e-05
-2.11557e-05
-4.22367e-05
-1.91891e-05
-4.8808e-05
-1.83267e-05
-5.52188e-05
-1.83574e-05
-6.14526e-05
-1.89177e-05
-6.74543e-05
-1.96443e-05
-7.31398e-05
-2.02442e-05
-7.84097e-05
-2.05086e-05
-8.316e-05
-2.03029e-05
-8.7291e-05
-1.95489e-05
-9.07137e-05
-1.82105e-05
-9.33533e-05
-1.62819e-05
-9.51506e-05
-1.37807e-05
-9.60617e-05
-1.07427e-05
-9.60567e-05
-7.21779e-06
-9.51174e-05
-3.26767e-06
-9.32357e-05
1.03585e-06
-9.04107e-05
5.61248e-06
-8.66484e-05
1.03742e-05
-8.19624e-05
1.52262e-05
-7.6375e-05
2.00659e-05
-6.99198e-05
2.47837e-05
-6.26439e-05
2.92639e-05
-5.46116e-05
3.33871e-05
-4.5906e-05
3.70333e-05
-3.66313e-05
4.00864e-05
-2.69122e-05
4.24404e-05
-1.6893e-05
4.40048e-05
-6.73346e-06
4.47114e-05
3.39559e-06
4.45193e-05
1.3319e-05
4.34187e-05
2.28642e-05
4.14343e-05
3.18677e-05
3.86231e-05
4.01805e-05
3.50714e-05
4.76718e-05
3.08904e-05
5.42317e-05
2.62109e-05
5.97714e-05
2.11775e-05
6.42238e-05
1.5943e-05
6.75418e-05
1.06633e-05
6.96978e-05
5.49188e-06
7.06828e-05
5.74586e-07
7.05056e-05
-3.95739e-06
6.91927e-05
-7.9966e-06
6.67876e-05
-1.14732e-05
6.33489e-05
-1.43732e-05
5.89456e-05
-1.67616e-05
5.36501e-05
-1.88045e-05
4.75312e-05
-2.07758e-05
4.06537e-05
-2.30178e-05
3.30966e-05
-2.58112e-05
2.50117e-05
-2.91128e-05
1.67345e-05
-3.21713e-05
8.93891e-06
-3.31097e-05
2.79033e-06
-2.86975e-05
-1.44815e-05
-2.36187e-06
-9.97436e-06
-7.49631e-06
-1.92976e-05
-1.39141e-05
-2.16279e-05
-2.0652e-05
-2.02128e-05
-2.72297e-05
-1.74606e-05
-3.35076e-05
-1.48778e-05
-3.9528e-05
-1.31688e-05
-4.53875e-05
-1.24672e-05
-5.11619e-05
-1.2583e-05
-5.6876e-05
-1.32036e-05
-6.25016e-05
-1.40188e-05
-6.79687e-05
-1.47771e-05
-7.31796e-05
-1.52977e-05
-7.80217e-05
-1.54608e-05
-8.23782e-05
-1.51924e-05
-8.61364e-05
-1.44523e-05
-8.91936e-05
-1.32247e-05
-9.1461e-05
-1.15134e-05
-9.28656e-05
-9.33811e-06
-9.3351e-05
-6.73234e-06
-9.28771e-05
-3.74156e-06
-9.14192e-05
-4.2214e-07
-8.8966e-05
3.1593e-06
-8.55193e-05
6.92762e-06
-8.10934e-05
1.08003e-05
-7.57156e-05
1.46881e-05
-6.94276e-05
1.84956e-05
-6.22866e-05
2.2123e-05
-5.43676e-05
2.54681e-05
-4.57638e-05
2.84295e-05
-3.65879e-05
3.09105e-05
-2.6971e-05
3.28235e-05
-1.70611e-05
3.40949e-05
-7.01959e-06
3.46699e-05
2.98303e-06
3.45167e-05
1.27728e-05
3.3629e-05
2.21784e-05
3.20287e-05
3.10369e-05
2.97646e-05
3.91987e-05
2.69096e-05
4.65314e-05
2.35577e-05
5.29226e-05
1.98196e-05
5.82821e-05
1.5818e-05
6.25422e-05
1.16829e-05
6.56585e-05
7.54695e-06
6.76101e-05
3.54024e-06
6.83995e-05
-2.14784e-07
6.80521e-05
-3.60995e-06
6.66151e-05
-6.55967e-06
6.41554e-05
-9.01344e-06
6.07534e-05
-1.09713e-05
5.6495e-05
-1.25032e-05
5.14593e-05
-1.37688e-05
4.57068e-05
-1.50233e-05
3.92741e-05
-1.65851e-05
3.21914e-05
-1.87285e-05
2.45444e-05
-2.14658e-05
1.65984e-05
-2.42253e-05
8.97659e-06
-2.5488e-05
2.846e-06
-2.25669e-05
-1.16355e-05
-2.37998e-06
-7.59438e-06
-7.38331e-06
-1.42943e-05
-1.34486e-05
-1.55627e-05
-1.96074e-05
-1.40539e-05
-2.54183e-05
-1.16497e-05
-3.08016e-05
-9.49451e-06
-3.58658e-05
-8.10457e-06
-4.07716e-05
-7.56137e-06
-4.56508e-05
-7.70376e-06
-5.05736e-05
-8.2809e-06
-5.55452e-05
-9.04709e-06
-6.0518e-05
-9.80434e-06
-6.54056e-05
-1.04102e-05
-7.00974e-05
-1.07689e-05
-7.44703e-05
-1.08196e-05
-7.83976e-05
-1.0525e-05
-8.17565e-05
-9.86579e-06
-8.44336e-05
-8.83628e-06
-8.63288e-05
-7.44286e-06
-8.73582e-05
-5.70296e-06
-8.74552e-05
-3.64456e-06
-8.65717e-05
-1.30565e-06
-8.46783e-05
1.2659e-06
-8.17639e-05
4.01326e-06
-7.78351e-05
6.87152e-06
-7.29164e-05
9.76944e-06
-6.70509e-05
1.26301e-05
-6.03005e-05
1.53726e-05
-5.27467e-05
1.79142e-05
-4.44901e-05
2.01729e-05
-3.56506e-05
2.2071e-05
-2.63654e-05
2.35384e-05
-1.67874e-05
2.45169e-05
-7.08108e-06
2.49636e-05
2.58127e-06
2.48544e-05
1.20248e-05
2.41855e-05
2.10776e-05
2.29758e-05
2.95766e-05
2.12656e-05
3.73716e-05
1.91146e-05
4.43304e-05
1.65989e-05
5.03418e-05
1.38083e-05
5.53183e-05
1.08415e-05
5.91984e-05
7.8028e-06
6.19479e-05
4.79749e-06
6.35605e-05
1.92763e-06
6.4058e-05
-7.1232e-07
6.34894e-05
-3.04135e-06
6.19281e-05
-4.99832e-06
5.94662e-05
-6.55154e-06
5.62057e-05
-7.71082e-06
5.22456e-05
-8.54308e-06
4.76651e-05
-9.18825e-06
4.25069e-05
-9.86511e-06
3.67689e-05
-1.08471e-05
3.04204e-05
-1.23799e-05
2.34676e-05
-1.45131e-05
1.60898e-05
-1.68474e-05
8.83883e-06
-1.8237e-05
2.85846e-06
-1.65866e-05
-8.77708e-06
-2.37227e-06
-5.22211e-06
-7.13701e-06
-9.52955e-06
-1.26883e-05
-1.00114e-05
-1.80829e-05
-8.65929e-06
-2.29365e-05
-6.79606e-06
-2.72346e-05
-5.19639e-06
-3.11481e-05
-4.19113e-06
-3.48937e-05
-3.81575e-06
-3.86522e-05
-3.94525e-06
-4.25346e-05
-4.39852e-06
-4.65793e-05
-5.00238e-06
-5.0764e-05
-5.61959e-06
-5.50215e-05
-6.15273e-06
-5.92536e-05
-6.53682e-06
-6.33436e-05
-6.72954e-06
-6.7165e-05
-6.70357e-06
-7.0589e-05
-6.44182e-06
-7.349e-05
-5.93528e-06
-7.57507e-05
-5.1821e-06
-7.72661e-05
-4.18765e-06
-7.7946e-05
-2.96465e-06
-7.77182e-05
-1.5334e-06
-7.65305e-05
7.81459e-08
-7.43513e-05
1.83409e-06
-7.11709e-05
3.69115e-06
-6.70016e-05
5.60017e-06
-6.18784e-05
7.5068e-06
-5.58586e-05
9.35283e-06
-4.90223e-05
1.10779e-05
-4.14713e-05
1.26219e-05
-3.33277e-05
1.39273e-05
-2.47317e-05
1.49424e-05
-1.58389e-05
1.5624e-05
-6.81615e-06
1.59409e-05
2.16276e-06
1.58755e-05
1.09221e-05
1.54261e-05
1.92903e-05
1.46076e-05
2.71055e-05
1.34505e-05
3.42204e-05
1.19997e-05
4.05073e-05
1.0312e-05
4.58623e-05
8.45334e-06
5.0208e-05
6.49571e-06
5.34971e-05
4.51375e-06
5.5713e-05
2.58156e-06
5.68712e-05
7.69474e-07
5.70179e-05
-8.59009e-07
5.6228e-05
-2.25147e-06
5.46002e-05
-3.37057e-06
5.22488e-05
-4.20009e-06
4.92912e-05
-4.75321e-06
4.5832e-05
-5.08388e-06
4.19425e-05
-5.29882e-06
3.76405e-05
-5.56309e-06
3.28783e-05
-6.08495e-06
2.75583e-05
-7.05988e-06
2.15999e-05
-8.55467e-06
1.50815e-05
-1.0329e-05
8.45764e-06
-1.16132e-05
2.80849e-06
-1.09374e-05
-5.96859e-06
-2.27876e-06
-2.94335e-06
-6.59469e-06
-5.21361e-06
-1.13752e-05
-5.23093e-06
-1.57627e-05
-4.27176e-06
-1.94579e-05
-3.10087e-06
-2.25123e-05
-2.14202e-06
-2.51435e-05
-1.55988e-06
-2.76028e-05
-1.35654e-06
-3.00981e-05
-1.44993e-06
-3.27645e-05
-1.73209e-06
-3.5663e-05
-2.10394e-06
-3.87929e-05
-2.48961e-06
-4.21086e-05
-2.83707e-06
-4.55328e-05
-3.11257e-06
-4.89682e-05
-3.29419e-06
-5.23046e-05
-3.36713e-06
-5.54255e-05
-3.321e-06
-5.82121e-05
-3.14867e-06
-6.05481e-05
-2.84603e-06
-6.23235e-05
-2.41228e-06
-6.34378e-05
-1.85036e-06
-6.38038e-05
-1.1674e-06
-6.33505e-05
-3.75123e-07
-6.20263e-05
5.09855e-07
-5.98011e-05
1.46599e-06
-5.6668e-05
2.46702e-06
-5.26441e-05
3.48292e-06
-4.77717e-05
4.48046e-06
-4.21181e-05
5.42429e-06
-3.57745e-05
6.27835e-06
-2.88548e-05
7.0076e-06
-2.14925e-05
7.5801e-06
-1.38375e-05
7.96906e-06
-6.0515e-06
8.15488e-06
1.69723e-06
8.12673e-06
9.23975e-06
7.88358e-06
1.64122e-05
7.43514e-06
2.30617e-05
6.80102e-06
2.90521e-05
6.00926e-06
3.42694e-05
5.09471e-06
3.86256e-05
4.09711e-06
4.20624e-05
3.05889e-06
4.45531e-05
2.02306e-06
4.61035e-05
1.03115e-06
4.67516e-05
1.21438e-07
4.65652e-05
-6.72687e-07
4.56386e-05
-1.32479e-06
4.40852e-05
-1.81716e-06
4.20287e-05
-2.14362e-06
3.95896e-05
-2.31415e-06
3.68675e-05
-2.36174e-06
3.3919e-05
-2.35029e-06
3.07353e-05
-2.3794e-06
2.7228e-05
-2.57767e-06
2.32409e-05
-3.07278e-06
1.86129e-05
-3.92673e-06
1.33161e-05
-5.03222e-06
7.67584e-06
-5.97287e-06
2.64047e-06
-5.90205e-06
-3.32812e-06
-1.94421e-06
-9.99139e-07
-5.39171e-06
-1.76611e-06
-8.96494e-06
-1.6577e-06
-1.20043e-05
-1.23241e-06
-1.43311e-05
-7.74074e-07
-1.60499e-05
-4.23231e-07
-1.7386e-05
-2.23719e-07
-1.85778e-05
-1.64736e-07
-1.98174e-05
-2.10321e-07
-2.12301e-05
-3.19437e-07
-2.28768e-05
-4.57273e-07
-2.47673e-05
-5.99091e-07
-2.68751e-05
-7.29263e-07
-2.91493e-05
-8.38403e-07
-3.15228e-05
-9.20642e-07
-3.39181e-05
-9.7184e-07
-3.62504e-05
-9.8871e-07
-3.84305e-05
-9.68498e-07
-4.03676e-05
-9.08981e-07
-4.19712e-05
-8.08636e-07
-4.31547e-05
-6.66906e-07
-4.38376e-05
-4.84499e-07
-4.39491e-05
-2.63624e-07
-4.34311e-05
-8.16143e-09
-4.22413e-05
2.76168e-07
-4.03559e-05
5.81623e-07
-3.77717e-05
8.98777e-07
-3.45079e-05
1.21666e-06
-3.06067e-05
1.52306e-06
-2.61334e-05
1.80502e-06
-2.11753e-05
2.04952e-06
-1.58395e-05
2.24431e-06
-1.02493e-05
2.37889e-06
-4.53979e-06
2.44537e-06
1.14744e-06
2.4395e-06
6.66919e-06
2.36183e-06
1.18885e-05
2.21587e-06
1.66811e-05
2.00843e-06
2.09398e-05
1.75055e-06
2.45791e-05
1.45541e-06
2.75386e-05
1.13754e-06
2.97855e-05
8.11986e-07
3.13152e-05
4.93411e-07
3.21509e-05
1.95475e-07
3.2342e-05
-6.96953e-08
3.19613e-05
-2.92043e-07
3.11005e-05
-4.6393e-07
2.98637e-05
-5.80422e-07
2.83601e-05
-6.39991e-07
2.6692e-05
-6.46062e-07
2.494e-05
-6.09667e-07
2.31426e-05
-5.52963e-07
2.12754e-05
-5.12156e-07
1.92344e-05
-5.36688e-07
1.68418e-05
-6.8022e-07
1.38938e-05
-9.78644e-07
1.02732e-05
-1.41163e-06
6.14443e-06
-1.84415e-06
2.20657e-06
-1.96418e-06
-1.12155e-06
-9.99139e-07
-2.76525e-06
-4.42295e-06
-5.65536e-06
-6.42944e-06
-6.85267e-06
-7.07639e-06
-7.24112e-06
-7.45144e-06
-7.77088e-06
-8.22815e-06
-8.82725e-06
-9.55651e-06
-1.03949e-05
-1.13156e-05
-1.22874e-05
-1.32761e-05
-1.42446e-05
-1.51536e-05
-1.59622e-05
-1.66291e-05
-1.71136e-05
-1.73772e-05
-1.73854e-05
-1.71092e-05
-1.65276e-05
-1.56288e-05
-1.44122e-05
-1.28891e-05
-1.10841e-05
-9.03458e-06
-6.79027e-06
-4.41138e-06
-1.96601e-06
4.7349e-07
2.83532e-06
5.05119e-06
7.05962e-06
8.81017e-06
1.02656e-05
1.14031e-05
1.22151e-05
1.27085e-05
1.2904e-05
1.28343e-05
1.25423e-05
1.20783e-05
1.14979e-05
1.08579e-05
1.02118e-05
9.60218e-06
9.04922e-06
8.53706e-06
8.00037e-06
7.32015e-06
6.34151e-06
4.92988e-06
3.08573e-06
1.12155e-06
)
;

boundaryField
{
    bottomwall
    {
        type            calculated;
        value           uniform 0;
    }
    topwall
    {
        type            calculated;
        value           nonuniform List<scalar> 
60
(
0
0
0
0
0
0
0
0
0
0
0
-2.64698e-23
5.29396e-23
0
0
0
0
0
0
1.05879e-22
0
0
0
1.32349e-23
0
5.29396e-23
0
0
0
0
0
0
0
0
0
1.05879e-22
0
0
0
0
1.05879e-22
0
0
0
0
0
0
0
0
0
0
0
0
0
0
2.11758e-22
0
0
0
0
)
;
    }
    coldwall
    {
        type            calculated;
        value           nonuniform List<scalar> 
48
(
0
0
-1.05879e-22
0
0
0
0
0
0
0
0
0
0
0
0
0
0
0
0
0
0
0
0
0
0
0
0
0
0
0
0
0
0
0
0
0
0
0
0
0
0
0
0
0
0
1.69407e-21
0
0
)
;
    }
    radinlet
    {
        type            calculated;
        value           nonuniform List<scalar> 
12
(
8.47033e-22
0
0
0
0
0
0
0
0
0
0
1.69407e-21
)
;
    }
    hotwall
    {
        type            calculated;
        value           nonuniform List<scalar> 
60
(
0
0
0
0
0
0
0
0
0
0
0
1.05879e-22
0
0
0
0
0
0
2.11758e-22
0
2.11758e-22
0
0
0
0
0
4.23516e-22
0
-4.23516e-22
0
0
0
0
0
0
0
-8.47033e-22
0
0
0
0
0
0
0
0
0
0
0
0
0
0
-1.69407e-21
0
0
0
0
0
1.69407e-21
0
0
)
;
    }
    frontAndback
    {
        type            empty;
    }
}


// ************************************************************************* //
