/*--------------------------------*- C++ -*----------------------------------*\
| =========                 |                                                 |
| \\      /  F ield         | OpenFOAM: The Open Source CFD Toolbox           |
|  \\    /   O peration     | Version:  2406                                  |
|   \\  /    A nd           | Website:  www.openfoam.com                      |
|    \\/     M anipulation  |                                                 |
\*---------------------------------------------------------------------------*/
FoamFile
{
    version     2.0;
    format      ascii;
    arch        "LSB;label=32;scalar=64";
    class       volVectorField;
    location    "15000";
    object      U;
}
// * * * * * * * * * * * * * * * * * * * * * * * * * * * * * * * * * * * * * //

dimensions      [0 1 -1 0 0 0 0];

internalField   nonuniform List<vector> 
3600
(
(0.000732056 -0.000719404 0)
(0.0025165 -0.000678516 0)
(0.00437128 -0.000447755 0)
(0.00589859 -0.000315302 0)
(0.00731999 -0.000275952 0)
(0.0087345 -0.000285367 0)
(0.0101913 -0.000310094 0)
(0.0116916 -0.000330499 0)
(0.0132053 -0.000337074 0)
(0.0146872 -0.000326513 0)
(0.0160869 -0.000299148 0)
(0.0173559 -0.000257398 0)
(0.018453 -0.000204774 0)
(0.0193464 -0.000145182 0)
(0.0200149 -8.24329e-05 0)
(0.0204482 -1.99145e-05 0)
(0.0206456 3.9573e-05 0)
(0.0206148 9.38232e-05 0)
(0.0203706 0.000141251 0)
(0.0199328 0.000180923 0)
(0.0193249 0.0002123 0)
(0.0185728 0.000235128 0)
(0.0177036 0.000249401 0)
(0.016745 0.000255387 0)
(0.0157231 0.000253816 0)
(0.0146609 0.000246201 0)
(0.0135754 0.000235196 0)
(0.0124735 0.000224749 0)
(0.0113486 0.000219729 0)
(0.010179 0.000224821 0)
(0.00892921 0.00024284 0)
(0.00755754 0.000273183 0)
(0.00602676 0.000311583 0)
(0.00431509 0.000351959 0)
(0.00242103 0.000390035 0)
(0.000358673 0.000425873 0)
(-0.00185236 0.00046435 0)
(-0.00419351 0.000511685 0)
(-0.00664413 0.000569468 0)
(-0.00917116 0.00063161 0)
(-0.0117187 0.000685815 0)
(-0.0142052 0.00071783 0)
(-0.0165309 0.000716216 0)
(-0.0185911 0.000675559 0)
(-0.0202918 0.000597251 0)
(-0.0215617 0.000488129 0)
(-0.0223572 0.000357877 0)
(-0.0226636 0.000216458 0)
(-0.0224906 7.31556e-05 0)
(-0.0218681 -6.47043e-05 0)
(-0.0208401 -0.000191938 0)
(-0.0194596 -0.000304905 0)
(-0.0177837 -0.000401477 0)
(-0.0158686 -0.000482067 0)
(-0.013762 -0.000552146 0)
(-0.0114908 -0.000626053 0)
(-0.00904974 -0.000729241 0)
(-0.00641139 -0.000891011 0)
(-0.00344468 -0.00108213 0)
(-0.0009221 -0.000937176 0)
(0.000722885 -0.00255165 0)
(0.00333797 -0.00331349 0)
(0.00712099 -0.00308163 0)
(0.0109512 -0.00283645 0)
(0.014831 -0.00274625 0)
(0.0187552 -0.00276852 0)
(0.0227301 -0.00282714 0)
(0.0267301 -0.00286033 0)
(0.0306945 -0.00282938 0)
(0.0345398 -0.00271562 0)
(0.0381721 -0.00251547 0)
(0.0414986 -0.00223589 0)
(0.0444357 -0.00189058 0)
(0.0469147 -0.00149688 0)
(0.0488848 -0.00107337 0)
(0.0503142 -0.000638043 0)
(0.0511897 -0.000207194 0)
(0.0515154 0.000205242 0)
(0.0513099 0.000588101 0)
(0.0506047 0.000933049 0)
(0.0494411 0.00123427 0)
(0.0478671 0.00148804 0)
(0.0459354 0.00169275 0)
(0.0437 0.0018492 0)
(0.0412137 0.00196136 0)
(0.038523 0.00203766 0)
(0.0356629 0.00209236 0)
(0.0326498 0.00214609 0)
(0.0294748 0.00222444 0)
(0.0260992 0.00235323 0)
(0.0224559 0.00255099 0)
(0.0184601 0.00282086 0)
(0.0140298 0.00314659 0)
(0.00911003 0.00349682 0)
(0.00369212 0.00383766 0)
(-0.00217926 0.00414433 0)
(-0.00840936 0.00440517 0)
(-0.0148657 0.0046126 0)
(-0.021383 0.00474938 0)
(-0.0277664 0.00478358 0)
(-0.0337983 0.00467652 0)
(-0.0392564 0.00439719 0)
(-0.0439359 0.00393464 0)
(-0.0476709 0.00330256 0)
(-0.0503486 0.00253585 0)
(-0.0519134 0.00168186 0)
(-0.0523635 0.000790488 0)
(-0.0517414 -9.2617e-05 0)
(-0.0501274 -0.000929776 0)
(-0.0476264 -0.0016927 0)
(-0.0443592 -0.00236306 0)
(-0.0404543 -0.00293117 0)
(-0.03604 -0.00339627 0)
(-0.0312354 -0.0037688 0)
(-0.0261428 -0.00407384 0)
(-0.0208415 -0.00435196 0)
(-0.0154022 -0.00464496 0)
(-0.00994448 -0.00493414 0)
(-0.00460671 -0.00493339 0)
(-0.000983171 -0.00342958 0)
(0.000411272 -0.0043973 0)
(0.0028045 -0.00705125 0)
(0.00714727 -0.00765208 0)
(0.0121734 -0.00774293 0)
(0.017643 -0.00780985 0)
(0.0233656 -0.00792657 0)
(0.0292308 -0.00803223 0)
(0.0351409 -0.00804556 0)
(0.0409885 -0.0079042 0)
(0.0466573 -0.00757385 0)
(0.0520274 -0.00704636 0)
(0.0569833 -0.00633408 0)
(0.0614207 -0.00546375 0)
(0.0652516 -0.00447077 0)
(0.0684074 -0.00339444 0)
(0.07084 -0.00227432 0)
(0.0725221 -0.00114751 0)
(0.0734458 -4.69998e-05 0)
(0.0736208 0.000998896 0)
(0.0730725 0.00196773 0)
(0.0718395 0.00284288 0)
(0.0699702 0.00361295 0)
(0.0675201 0.0042719 0)
(0.0645484 0.00481984 0)
(0.061114 0.0052647 0)
(0.0572705 0.00562478 0)
(0.0530592 0.00593159 0)
(0.0485013 0.00623126 0)
(0.0435888 0.00658196 0)
(0.0382776 0.00704468 0)
(0.0324877 0.00766682 0)
(0.0261147 0.00846237 0)
(0.0190564 0.00939796 0)
(0.0112501 0.010395 0)
(0.00270845 0.0113513 0)
(-0.00645868 0.0121668 0)
(-0.0160396 0.0127623 0)
(-0.0257455 0.0130752 0)
(-0.0352345 0.0130466 0)
(-0.0441458 0.012621 0)
(-0.0521352 0.0117614 0)
(-0.0589118 0.0104679 0)
(-0.0642635 0.00878579 0)
(-0.0680683 0.00679992 0)
(-0.0702896 0.0046188 0)
(-0.0709627 0.00235618 0)
(-0.0701749 0.000116265 0)
(-0.0680526 -0.00201277 0)
(-0.0647468 -0.0039627 0)
(-0.0604205 -0.00568788 0)
(-0.0552438 -0.00716117 0)
(-0.0493886 -0.0083722 0)
(-0.0430239 -0.00932754 0)
(-0.0363113 -0.0100518 0)
(-0.0294047 -0.0105859 0)
(-0.0224567 -0.0109727 0)
(-0.0156512 -0.0112087 0)
(-0.00928275 -0.0111098 0)
(-0.00371106 -0.0099941 0)
(-0.00057598 -0.00596628 0)
(0.000171276 -0.00564072 0)
(0.00210756 -0.0104324 0)
(0.00629402 -0.0124628 0)
(0.0116833 -0.0134249 0)
(0.0179328 -0.0140147 0)
(0.0247154 -0.0144347 0)
(0.0318026 -0.0146835 0)
(0.0390093 -0.0147004 0)
(0.0461698 -0.0144278 0)
(0.0531304 -0.0138337 0)
(0.059748 -0.0129154 0)
(0.0658925 -0.0116956 0)
(0.0714501 -0.0102158 0)
(0.0763248 -0.0085296 0)
(0.0804406 -0.006696 0)
(0.0837413 -0.00477482 0)
(0.0861898 -0.00282292 0)
(0.0877671 -0.000891668 0)
(0.0884707 0.000973992 0)
(0.0883118 0.00273676 0)
(0.0873154 0.00436768 0)
(0.0855165 0.00584593 0)
(0.0829577 0.00715914 0)
(0.0796865 0.00830471 0)
(0.0757518 0.00929246 0)
(0.0711986 0.0101485 0)
(0.0660622 0.0109199 0)
(0.06036 0.0116772 0)
(0.0540819 0.0125115 0)
(0.0471828 0.0135214 0)
(0.0395813 0.0147863 0)
(0.0311724 0.0163318 0)
(0.0218593 0.0180995 0)
(0.0116025 0.0199418 0)
(0.000469122 0.0216508 0)
(-0.0113288 0.0230015 0)
(-0.0234325 0.0238047 0)
(-0.0353847 0.0239232 0)
(-0.0466843 0.0232678 0)
(-0.0568541 0.0218029 0)
(-0.0655 0.0195586 0)
(-0.0723513 0.016635 0)
(-0.0772727 0.0131897 0)
(-0.0802503 0.00941226 0)
(-0.0813635 0.00549487 0)
(-0.080752 0.00161009 0)
(-0.0785867 -0.00209988 0)
(-0.0750594 -0.00552525 0)
(-0.0703581 -0.00859026 0)
(-0.0646719 -0.0112462 0)
(-0.0581891 -0.0134653 0)
(-0.0510983 -0.0152386 0)
(-0.0435902 -0.0165753 0)
(-0.0358595 -0.0175013 0)
(-0.0281109 -0.0180499 0)
(-0.0205722 -0.0182337 0)
(-0.0135249 -0.0179719 0)
(-0.00736692 -0.0169231 0)
(-0.00251608 -0.0141514 0)
(-0.000225252 -0.00756104 0)
(4.44407e-05 -0.00650649 0)
(0.00160207 -0.0133935 0)
(0.00542741 -0.017158 0)
(0.0107601 -0.0193807 0)
(0.0172606 -0.020825 0)
(0.0245416 -0.0217805 0)
(0.0322954 -0.0223113 0)
(0.040265 -0.0223984 0)
(0.0482303 -0.0220116 0)
(0.0560009 -0.021139 0)
(0.0634116 -0.0197964 0)
(0.070321 -0.0180252 0)
(0.0766105 -0.0158867 0)
(0.0821836 -0.0134539 0)
(0.0869647 -0.0108058 0)
(0.0908971 -0.00802086 0)
(0.0939413 -0.00517334 0)
(0.0960727 -0.00233051 0)
(0.0972802 0.000449023 0)
(0.0975617 0.00311534 0)
(0.0969262 0.00562848 0)
(0.0953899 0.00795913 0)
(0.0929749 0.0100888 0)
(0.0897072 0.0120115 0)
(0.085614 0.0137376 0)
(0.0807202 0.0152986 0)
(0.0750435 0.0167539 0)
(0.0685876 0.0181948 0)
(0.0613341 0.0197415 0)
(0.0532355 0.0215264 0)
(0.044215 0.0236568 0)
(0.0341812 0.0261619 0)
(0.0230647 0.0289433 0)
(0.0108778 0.0317566 0)
(-0.00222941 0.0342497 0)
(-0.0159175 0.0360306 0)
(-0.029676 0.0367776 0)
(-0.0428996 0.0362851 0)
(-0.0549781 0.0344751 0)
(-0.0653918 0.0313983 0)
(-0.0737782 0.027224 0)
(-0.079958 0.0222104 0)
(-0.0839192 0.0166598 0)
(-0.0857747 0.0108715 0)
(-0.0857121 0.00510679 0)
(-0.0839496 -0.00042744 0)
(-0.0807116 -0.00557769 0)
(-0.0762077 -0.0102386 0)
(-0.0706319 -0.0143428 0)
(-0.0641694 -0.017846 0)
(-0.0570036 -0.0207211 0)
(-0.0493234 -0.022955 0)
(-0.04133 -0.0245483 0)
(-0.033243 -0.0255115 0)
(-0.0253086 -0.0258516 0)
(-0.0178102 -0.0255355 0)
(-0.0110851 -0.0244094 0)
(-0.00555622 -0.0220338 0)
(-0.00159795 -0.0173931 0)
(-1.83895e-05 -0.008507 0)
(3.82189e-06 -0.00715928 0)
(0.00134849 -0.0159932 0)
(0.00487438 -0.0215844 0)
(0.0100339 -0.02528 0)
(0.0165337 -0.0278033 0)
(0.0239781 -0.0294769 0)
(0.0320203 -0.0304141 0)
(0.0403569 -0.0306423 0)
(0.0487277 -0.0301707 0)
(0.056913 -0.0290217 0)
(0.0647299 -0.0272416 0)
(0.0720289 -0.0249 0)
(0.0786908 -0.0220833 0)
(0.0846234 -0.0188878 0)
(0.0897572 -0.0154127 0)
(0.0940417 -0.0117539 0)
(0.0974419 -0.00800044 0)
(0.0999349 -0.00423163 0)
(0.101506 -0.00051567 0)
(0.102148 0.00309 0)
(0.101856 0.00653889 0)
(0.100629 0.00979653 0)
(0.098467 0.0128409 0)
(0.0953726 0.0156645 0)
(0.0913457 0.018278 0)
(0.0863839 0.0207172 0)
(0.080479 0.0230502 0)
(0.0736128 0.0253838 0)
(0.0657513 0.0278602 0)
(0.0568409 0.0306362 0)
(0.0468112 0.0338353 0)
(0.0355936 0.0374751 0)
(0.0231625 0.0413946 0)
(0.00960173 0.0452231 0)
(-0.00483855 0.0484303 0)
(-0.0196851 0.0504299 0)
(-0.0342945 0.0507696 0)
(-0.0479577 0.049211 0)
(-0.0600208 0.0457502 0)
(-0.0699939 0.0405982 0)
(-0.0776079 0.0341243 0)
(-0.0828114 0.0267786 0)
(-0.0857233 0.0190111 0)
(-0.0865651 0.0112106 0)
(-0.0855977 0.00367574 0)
(-0.083077 -0.00338548 0)
(-0.0792356 -0.00983893 0)
(-0.0742674 -0.015604 0)
(-0.0683453 -0.0206296 0)
(-0.0616311 -0.0248776 0)
(-0.05429 -0.0283162 0)
(-0.046502 -0.0309187 0)
(-0.0384717 -0.0326634 0)
(-0.0304352 -0.0335314 0)
(-0.0226662 -0.0334921 0)
(-0.0154804 -0.0324669 0)
(-0.00923487 -0.0302519 0)
(-0.00433263 -0.0263771 0)
(-0.00107266 -0.0198783 0)
(6.61548e-05 -0.00904742 0)
(1.6103e-05 -0.00774994 0)
(0.0013029 -0.018402 0)
(0.00468152 -0.0258091 0)
(0.00971044 -0.0310576 0)
(0.0161437 -0.0347739 0)
(0.0235981 -0.0372719 0)
(0.0317136 -0.0386939 0)
(0.0401624 -0.0391089 0)
(0.04866 -0.0385702 0)
(0.0569678 -0.037143 0)
(0.064892 -0.0349135 0)
(0.07228 -0.0319871 0)
(0.079016 -0.0284816 0)
(0.0850155 -0.0245203 0)
(0.0902195 -0.0202239 0)
(0.0945885 -0.0157054 0)
(0.0980975 -0.0110664 0)
(0.100731 -0.00639473 0)
(0.102478 -0.00176416 0)
(0.10333 0.0027655 0)
(0.103276 0.00714721 0)
(0.102305 0.0113466 0)
(0.100398 0.0153429 0)
(0.0975366 0.0191305 0)
(0.0936932 0.0227234 0)
(0.088837 0.0261618 0)
(0.0829301 0.029521 0)
(0.075927 0.032918 0)
(0.0677728 0.0365082 0)
(0.0584037 0.0404604 0)
(0.0477555 0.0448969 0)
(0.0357865 0.0498019 0)
(0.0225242 0.0549254 0)
(0.00813299 0.0597423 0)
(-0.00703307 0.063519 0)
(-0.0223797 0.0654688 0)
(-0.0371686 0.0650352 0)
(-0.0506412 0.0620008 0)
(-0.0621633 0.0565064 0)
(-0.071329 0.0489854 0)
(-0.0779929 0.040045 0)
(-0.0822346 0.0303312 0)
(-0.084281 0.0204194 0)
(-0.0844236 0.0107515 0)
(-0.0829525 0.00162444 0)
(-0.0801208 -0.00678505 0)
(-0.0761325 -0.0143844 0)
(-0.0711457 -0.0211266 0)
(-0.0652963 -0.0269777 0)
(-0.0587139 -0.0319008 0)
(-0.0515403 -0.0358506 0)
(-0.0439431 -0.0387746 0)
(-0.0361258 -0.0406173 0)
(-0.0283339 -0.0413201 0)
(-0.0208566 -0.0408108 0)
(-0.0140237 -0.0389716 0)
(-0.0081924 -0.0355749 0)
(-0.00373318 -0.0301693 0)
(-0.000878465 -0.0219142 0)
(7.09899e-05 -0.00941793 0)
(5.5212e-05 -0.00837863 0)
(0.00139536 -0.0207804 0)
(0.00477462 -0.0299567 0)
(0.00976745 -0.036758 0)
(0.0161585 -0.0416955 0)
(0.0235778 -0.045052 0)
(0.0316636 -0.0469828 0)
(0.0400782 -0.0475922 0)
(0.0485249 -0.0469788 0)
(0.0567567 -0.0452557 0)
(0.0645761 -0.0425552 0)
(0.071833 -0.0390248 0)
(0.0784188 -0.0348192 0)
(0.0842602 -0.0300913 0)
(0.0893112 -0.0249854 0)
(0.093546 -0.0196314 0)
(0.0969527 -0.014142 0)
(0.0995265 -0.00861097 0)
(0.101265 -0.00311364 0)
(0.102165 0.00229219 0)
(0.102215 0.00756429 0)
(0.101398 0.0126743 0)
(0.0996858 0.0176085 0)
(0.0970422 0.0223687 0)
(0.0934189 0.0269762 0)
(0.0887583 0.0314784 0)
(0.082994 0.0359578 0)
(0.0760522 0.0405381 0)
(0.0678546 0.0453798 0)
(0.0583249 0.050649 0)
(0.0474031 0.056447 0)
(0.0350757 0.062699 0)
(0.0214253 0.0690394 0)
(0.00669544 0.0747647 0)
(-0.00866399 0.0789252 0)
(-0.023968 0.0805496 0)
(-0.0384281 0.0790192 0)
(-0.0512908 0.0741998 0)
(-0.0619896 0.0664385 0)
(-0.0702311 0.0564332 0)
(-0.0759959 0.0450379 0)
(-0.0794711 0.0330753 0)
(-0.0809536 0.021208 0)
(-0.0807612 0.00988892 0)
(-0.0791737 -0.000621225 0)
(-0.0764114 -0.0102014 0)
(-0.0726297 -0.0188116 0)
(-0.0679412 -0.0264386 0)
(-0.0624399 -0.0330607 0)
(-0.0562223 -0.0386338 0)
(-0.0494072 -0.0430882 0)
(-0.0421493 -0.0463352 0)
(-0.0346489 -0.0482756 0)
(-0.0271555 -0.0488046 0)
(-0.0199657 -0.0478075 0)
(-0.0134136 -0.0451359 0)
(-0.00784966 -0.0405572 0)
(-0.00361786 -0.0336674 0)
(-0.000907562 -0.0237729 0)
(3.32815e-05 -0.00977866 0)
(0.000103615 -0.0091006 0)
(0.00156107 -0.0232429 0)
(0.00504644 -0.0341416 0)
(0.01009 -0.0424555 0)
(0.0164872 -0.0485878 0)
(0.0238727 -0.0527819 0)
(0.0318858 -0.0551984 0)
(0.0401857 -0.0559734 0)
(0.0484729 -0.0552511 0)
(0.0564995 -0.0531958 0)
(0.0640718 -0.0499907 0)
(0.0710474 -0.0458301 0)
(0.0773289 -0.0409088 0)
(0.0828564 -0.0354121 0)
(0.0875985 -0.029509 0)
(0.0915444 -0.023346 0)
(0.0946957 -0.0170458 0)
(0.0970601 -0.0107061 0)
(0.0986457 -0.00440099 0)
(0.0994561 0.00181719 0)
(0.0994855 0.00791527 0)
(0.0987163 0.0138761 0)
(0.0971172 0.0196986 0)
(0.0946411 0.0253976 0)
(0.0912251 0.0310072 0)
(0.0867912 0.0365863 0)
(0.0812488 0.0422264 0)
(0.0744987 0.0480562 0)
(0.0664403 0.0542341 0)
(0.0569842 0.06091 0)
(0.046074 0.0681433 0)
(0.0337226 0.0757752 0)
(0.0200638 0.0832994 0)
(0.00541119 0.0898182 0)
(-0.009709 0.0941666 0)
(-0.0245588 0.0952209 0)
(-0.0383444 0.0923505 0)
(-0.0503617 0.0855617 0)
(-0.0601408 0.0754524 0)
(-0.0675056 0.0630014 0)
(-0.0725433 0.0492959 0)
(-0.0755129 0.0352988 0)
(-0.0767396 0.0217174 0)
(-0.0765305 0.00897829 0)
(-0.0751281 -0.00272033 0)
(-0.0727011 -0.0133264 0)
(-0.0693522 -0.022853 0)
(-0.0651472 -0.0313152 0)
(-0.060141 -0.038696 0)
(-0.0544006 -0.0449337 0)
(-0.0480241 -0.0499246 0)
(-0.0411546 -0.0535347 0)
(-0.033988 -0.0556139 0)
(-0.026774 -0.0560071 0)
(-0.019812 -0.0545573 0)
(-0.0134367 -0.0510913 0)
(-0.00799259 -0.0453826 0)
(-0.0038103 -0.0370851 0)
(-0.00106029 -0.0256473 0)
(-2.09382e-05 -0.010221 0)
(0.000151012 -0.00993721 0)
(0.0017519 -0.0258542 0)
(0.00540105 -0.0384406 0)
(0.0105517 -0.0482118 0)
(0.0169929 -0.0554808 0)
(0.0243541 -0.0604552 0)
(0.0322733 -0.0632997 0)
(0.0404098 -0.0641823 0)
(0.048467 -0.0632948 0)
(0.056203 -0.060856 0)
(0.0634339 -0.0571038 0)
(0.0700299 -0.0522821 0)
(0.0759083 -0.0466279 0)
(0.0810246 -0.0403603 0)
(0.0853627 -0.0336725 0)
(0.0889261 -0.0267276 0)
(0.0917294 -0.0196567 0)
(0.0937921 -0.01256 0)
(0.0951321 -0.00550823 0)
(0.0957612 0.00145392 0)
(0.0956802 0.00830518 0)
(0.094875 0.0150434 0)
(0.093315 0.0216845 0)
(0.0909495 0.0282616 0)
(0.0877073 0.0348268 0)
(0.0834972 0.0414554 0)
(0.0782111 0.0482509 0)
(0.0717297 0.0553472 0)
(0.0639343 0.0628949 0)
(0.0547244 0.0710157 0)
(0.0440472 0.0797084 0)
(0.031939 0.0887075 0)
(0.0185774 0.0973463 0)
(0.00433081 0.104526 0)
(-0.0102241 0.108881 0)
(-0.0243345 0.109176 0)
(-0.0372405 0.104818 0)
(-0.0483172 0.0959992 0)
(-0.0572017 0.0835912 0)
(-0.0638224 0.0688471 0)
(-0.0683426 0.0530565 0)
(-0.0710555 0.0372809 0)
(-0.0722794 0.0222324 0)
(-0.0722843 0.00828273 0)
(-0.0712609 -0.00444691 0)
(-0.0693217 -0.0159757 0)
(-0.06652 -0.0263645 0)
(-0.0628798 -0.035649 0)
(-0.0584231 -0.0438071 0)
(-0.0531925 -0.050751 0)
(-0.0472691 -0.0563351 0)
(-0.0407847 -0.0603732 0)
(-0.0339292 -0.062659 0)
(-0.0269503 -0.0629842 0)
(-0.0201472 -0.061149 0)
(-0.0138547 -0.0569579 0)
(-0.0084162 -0.0501941 0)
(-0.00416222 -0.0405681 0)
(-0.00126403 -0.0276508 0)
(-7.61877e-05 -0.0107846 0)
(0.000192519 -0.0108883 0)
(0.00193805 -0.0286381 0)
(0.00577012 -0.0428907 0)
(0.0110516 -0.0540605 0)
(0.0175527 -0.0623921 0)
(0.0248888 -0.0680665 0)
(0.0326937 -0.071258 0)
(0.0406282 -0.0721701 0)
(0.0484024 -0.0710464 0)
(0.0557862 -0.0681639 0)
(0.0626108 -0.063818 0)
(0.0687634 -0.0583045 0)
(0.0741792 -0.051903 0)
(0.0788304 -0.0448659 0)
(0.0827161 -0.0374096 0)
(0.0858529 -0.0297118 0)
(0.0882669 -0.0219109 0)
(0.0899868 -0.0141078 0)
(0.0910387 -0.00636887 0)
(0.0914413 0.0012706 0)
(0.0912013 0.00880261 0)
(0.0903097 0.0162421 0)
(0.0887391 0.023625 0)
(0.0864395 0.0310064 0)
(0.0833372 0.0384607 0)
(0.0793344 0.0460839 0)
(0.0743126 0.0539956 0)
(0.0681397 0.0623351 0)
(0.0606844 0.0712418 0)
(0.0518395 0.0807995 0)
(0.0415567 0.0909307 0)
(0.0298922 0.101246 0)
(0.0170582 0.110904 0)
(0.00345973 0.11861 0)
(-0.0103038 0.122819 0)
(-0.023499 0.12223 0)
(-0.035429 0.116331 0)
(-0.0455642 0.105528 0)
(-0.0536443 0.0909678 0)
(-0.0596796 0.0741542 0)
(-0.0638768 0.0565395 0)
(-0.0665303 0.0392434 0)
(-0.0679262 0.0229515 0)
(-0.0682835 0.00796374 0)
(-0.0677368 -0.00568048 0)
(-0.0663471 -0.0180664 0)
(-0.0641252 -0.0292944 0)
(-0.0610618 -0.0394117 0)
(-0.0571534 -0.0483832 0)
(-0.052423 -0.0560881 0)
(-0.0469368 -0.0623335 0)
(-0.0408152 -0.0668765 0)
(-0.0342398 -0.0694511 0)
(-0.0274535 -0.0697926 0)
(-0.0207536 -0.0676567 0)
(-0.0144761 -0.062824 0)
(-0.00896847 -0.0550852 0)
(-0.00457263 -0.0441997 0)
(-0.0014748 -0.0298363 0)
(-0.000125065 -0.0114771 0)
(0.000226793 -0.0119426 0)
(0.0021046 -0.0315923 0)
(0.00611312 -0.0474983 0)
(0.0115232 -0.060008 0)
(0.0180782 -0.0693196 0)
(0.0253733 -0.0756002 0)
(0.0330358 -0.0790428 0)
(0.040729 -0.0798939 0)
(0.0481736 -0.0784548 0)
(0.055156 -0.0750655 0)
(0.0615269 -0.0700813 0)
(0.0671947 -0.0638502 0)
(0.0721144 -0.0566942 0)
(0.0762762 -0.0488964 0)
(0.0796938 -0.0406942 0)
(0.0823955 -0.0322775 0)
(0.0844161 -0.0237898 0)
(0.0857912 -0.0153309 0)
(0.0865518 -0.00696157 0)
(0.0867215 0.0012927 0)
(0.0863113 0.00943774 0)
(0.0853161 0.0175064 0)
(0.0837126 0.0255557 0)
(0.081454 0.0336647 0)
(0.0784678 0.0419333 0)
(0.0746552 0.0504817 0)
(0.0698939 0.059448 0)
(0.0640458 0.0689784 0)
(0.0569741 0.0791987 0)
(0.0485697 0.0901474 0)
(0.0387909 0.101659 0)
(0.0277109 0.113208 0)
(0.0155656 0.123776 0)
(0.00277905 0.131879 0)
(-0.0100529 0.135828 0)
(-0.0222433 0.134294 0)
(-0.0331773 0.126882 0)
(-0.0424246 0.114221 0)
(-0.049814 0.097717 0)
(-0.055412 0.0790908 0)
(-0.0594394 0.0599163 0)
(-0.0621671 0.0413364 0)
(-0.0638344 0.0239893 0)
(-0.0646045 0.00809614 0)
(-0.0645598 -0.00638177 0)
(-0.0637183 -0.0195869 0)
(-0.0620579 -0.0316496 0)
(-0.0595446 -0.0426205 0)
(-0.056156 -0.0524459 0)
(-0.0518995 -0.0609681 0)
(-0.046827 -0.0679441 0)
(-0.0410462 -0.0730721 0)
(-0.0347274 -0.0760235 0)
(-0.0281055 -0.0764738 0)
(-0.0214743 -0.0741299 0)
(-0.0151719 -0.0687441 0)
(-0.00955447 -0.0601081 0)
(-0.004984 -0.0480184 0)
(-0.00167114 -0.0322186 0)
(-0.00016543 -0.0122897 0)
(0.000254398 -0.013085 0)
(0.00224645 -0.0346995 0)
(0.00641029 -0.0522491 0)
(0.011929 -0.0660401 0)
(0.0185147 -0.0762435 0)
(0.0257392 -0.083028 0)
(0.0332221 -0.0866171 0)
(0.0406316 -0.0873106 0)
(0.0477024 -0.0854751 0)
(0.0542414 -0.0815179 0)
(0.0601231 -0.0758568 0)
(0.0652798 -0.0688915 0)
(0.0696882 -0.0609838 0)
(0.0733564 -0.0524443 0)
(0.0763119 -0.0435279 0)
(0.0785929 -0.0344331 0)
(0.0802405 -0.0253056 0)
(0.081294 -0.0162427 0)
(0.0817871 -0.00729823 0)
(0.0817449 0.00151254 0)
(0.0811802 0.010209 0)
(0.0800905 0.0188413 0)
(0.0784557 0.0274879 0)
(0.0762327 0.0362522 0)
(0.0733524 0.0452608 0)
(0.0697188 0.0546598 0)
(0.0652109 0.0646076 0)
(0.0596913 0.0752584 0)
(0.0530237 0.0867223 0)
(0.045103 0.0989877 0)
(0.0358962 0.111794 0)
(0.0254906 0.124473 0)
(0.0141365 0.135834 0)
(0.00226004 0.144219 0)
(-0.00956836 0.14783 0)
(-0.0207275 0.145348 0)
(-0.0306938 0.136512 0)
(-0.0391316 0.122171 0)
(-0.0459412 0.103965 0)
(-0.0512213 0.0837896 0)
(-0.0551836 0.0633022 0)
(-0.0580599 0.0436428 0)
(-0.0600362 0.0253914 0)
(-0.061223 0.0086912 0)
(-0.0616576 -0.00656566 0)
(-0.0613253 -0.0205683 0)
(-0.060181 -0.033468 0)
(-0.0581736 -0.0453133 0)
(-0.0552674 -0.0560282 0)
(-0.0514563 -0.0654175 0)
(-0.0467779 -0.0731879 0)
(-0.0413247 -0.0789781 0)
(-0.0352524 -0.0823945 0)
(-0.0287844 -0.0830491 0)
(-0.0222086 -0.0805937 0)
(-0.0158656 -0.0747445 0)
(-0.0101233 -0.0652845 0)
(-0.0053698 -0.0520343 0)
(-0.00184611 -0.0347922 0)
(-0.000197971 -0.0132079 0)
(0.000276611 -0.0143002 0)
(0.00236368 -0.0379359 0)
(0.00665453 -0.057117 0)
(0.0122511 -0.072128 0)
(0.0188326 -0.0831307 0)
(0.0259466 -0.0903115 0)
(0.0332066 -0.0939385 0)
(0.0402878 -0.0943766 0)
(0.046943 -0.092066 0)
(0.0530034 -0.0874867 0)
(0.0583704 -0.0811195 0)
(0.0630021 -0.0734146 0)
(0.0668973 -0.0647697 0)
(0.0700817 -0.0555189 0)
(0.0725954 -0.0459295 0)
(0.0744842 -0.036205 0)
(0.0757933 -0.0264899 0)
(0.0765632 -0.0168767 0)
(0.0768274 -0.00741141 0)
(0.0766101 0.00190099 0)
(0.0759233 0.0110929 0)
(0.0747652 0.0202312 0)
(0.0731172 0.0294141 0)
(0.0709393 0.0387689 0)
(0.0681666 0.0484485 0)
(0.064708 0.0586252 0)
(0.0604477 0.0694783 0)
(0.0552539 0.0811694 0)
(0.0489969 0.0937917 0)
(0.04158 0.10728 0)
(0.0329814 0.121276 0)
(0.0233005 0.13497 0)
(0.012793 0.147004 0)
(0.00187327 0.155574 0)
(-0.00893032 0.158804 0)
(-0.0190741 0.155414 0)
(-0.0281274 0.145287 0)
(-0.0358394 0.129474 0)
(-0.0421639 0.109816 0)
(-0.0472114 0.0883419 0)
(-0.0511687 0.0667611 0)
(-0.0542204 0.0461923 0)
(-0.0564997 0.0271539 0)
(-0.05807 0.00971901 0)
(-0.0589337 -0.00627848 0)
(-0.0590529 -0.0210636 0)
(-0.0583679 -0.0348012 0)
(-0.0568176 -0.0475338 0)
(-0.0543563 -0.0591631 0)
(-0.0509662 -0.0694579 0)
(-0.0466697 -0.0780767 0)
(-0.0415416 -0.0845995 0)
(-0.0357194 -0.0885664 0)
(-0.029411 -0.0895208 0)
(-0.0228957 -0.0870521 0)
(-0.0165155 -0.0808299 0)
(-0.0106516 -0.0706163 0)
(-0.00572155 -0.0562422 0)
(-0.00200036 -0.0375435 0)
(-0.000224491 -0.0142175 0)
(0.000294728 -0.0155746 0)
(0.00245833 -0.0412758 0)
(0.00684493 -0.0620698 0)
(0.0124826 -0.0782347 0)
(0.019018 -0.0899398 0)
(0.0259759 -0.0974057 0)
(0.0329664 -0.100961 0)
(0.0396756 -0.101049 0)
(0.0458779 -0.0981917 0)
(0.0514323 -0.0929455 0)
(0.0562692 -0.0858549 0)
(0.0603729 -0.0774174 0)
(0.0637645 -0.0680621 0)
(0.0664856 -0.058141 0)
(0.0685872 -0.0479291 0)
(0.0701205 -0.0376298 0)
(0.0711328 -0.0273837 0)
(0.0716635 -0.0172759 0)
(0.0717437 -0.00734395 0)
(0.0713947 0.00241799 0)
(0.0706257 0.0120546 0)
(0.0694332 0.0216478 0)
(0.0677989 0.0313143 0)
(0.0656844 0.0412036 0)
(0.0630291 0.0514933 0)
(0.0597475 0.0623805 0)
(0.0557315 0.0740645 0)
(0.0508584 0.0867131 0)
(0.0450097 0.100401 0)
(0.0381014 0.115008 0)
(0.0301247 0.130078 0)
(0.0211887 0.144664 0)
(0.0115478 0.157258 0)
(0.00159345 0.165933 0)
(-0.00819924 0.168767 0)
(-0.0173694 0.16454 0)
(-0.0255753 0.153278 0)
(-0.0326392 0.136213 0)
(-0.0385518 0.115345 0)
(-0.0434203 0.0928018 0)
(-0.047397 0.0703163 0)
(-0.0506172 0.0489762 0)
(-0.0531651 0.0292418 0)
(-0.0550656 0.0111265 0)
(-0.0562951 -0.00558177 0)
(-0.0568011 -0.021134 0)
(-0.0565169 -0.0357033 0)
(-0.0553758 -0.0493246 0)
(-0.0533255 -0.0618794 0)
(-0.0503373 -0.0731042 0)
(-0.0464177 -0.0826133 0)
(-0.0416211 -0.08993 0)
(-0.0360637 -0.0945275 0)
(-0.0299339 -0.0958757 0)
(-0.0234989 -0.0934926 0)
(-0.0170995 -0.086989 0)
(-0.0111302 -0.0760921 0)
(-0.00603909 -0.0606283 0)
(-0.00213735 -0.0404564 0)
(-0.000246891 -0.015307 0)
(0.000309751 -0.0168965 0)
(0.00253266 -0.0446932 0)
(0.00698298 -0.0670724 0)
(0.0126223 -0.0843185 0)
(0.0190662 -0.0966247 0)
(0.0258204 -0.104263 0)
(0.0324953 -0.107641 0)
(0.0387924 -0.10729 0)
(0.0445114 -0.103823 0)
(0.0495415 -0.0978777 0)
(0.053843 -0.0900592 0)
(0.0574268 -0.0809087 0)
(0.060334 -0.070881 0)
(0.0626209 -0.0603401 0)
(0.0643463 -0.049563 0)
(0.0655654 -0.0387493 0)
(0.066325 -0.0280318 0)
(0.0666621 -0.0174867 0)
(0.0666036 -0.00714134 0)
(0.0661663 0.00302047 0)
(0.0653553 0.0130551 0)
(0.064164 0.0230583 0)
(0.0625725 0.0331633 0)
(0.0605433 0.0435394 0)
(0.0580187 0.0543866 0)
(0.0549194 0.0659245 0)
(0.0511462 0.07837 0)
(0.0465882 0.0918949 0)
(0.0411409 0.106553 0)
(0.0347361 0.122171 0)
(0.0273792 0.138193 0)
(0.0191873 0.153548 0)
(0.0104077 0.166596 0)
(0.00140131 0.175312 0)
(-0.0074167 0.177757 0)
(-0.0156684 0.172785 0)
(-0.023094 0.160557 0)
(-0.0295762 0.142456 0)
(-0.035129 0.120604 0)
(-0.039846 0.0971934 0)
(-0.0438406 0.0739621 0)
(-0.0472006 0.0519622 0)
(-0.0499675 0.0316028 0)
(-0.0521358 0.01285 0)
(-0.0536641 -0.00454179 0)
(-0.0544927 -0.0208415 0)
(-0.054553 -0.0362264 0)
(-0.0537768 -0.0507246 0)
(-0.0521075 -0.0642012 0)
(-0.0495061 -0.0763658 0)
(-0.0459629 -0.0867934 0)
(-0.0415106 -0.0949548 0)
(-0.0362404 -0.100256 0)
(-0.030318 -0.102088 0)
(-0.0239937 -0.09989 0)
(-0.0176043 -0.0931988 0)
(-0.0115552 -0.0816916 0)
(-0.00632458 -0.0651742 0)
(-0.00226064 -0.0435151 0)
(-0.000266701 -0.0164673 0)
(0.000322335 -0.0182553 0)
(0.00258842 -0.0481629 0)
(0.00707068 -0.072089 0)
(0.0126713 -0.0903362 0)
(0.018978 -0.103138 0)
(0.0254817 -0.110838 0)
(0.0317985 -0.113936 0)
(0.0376492 -0.113066 0)
(0.0428628 -0.108941 0)
(0.0473602 -0.102277 0)
(0.0511319 -0.0937391 0)
(0.0542134 -0.083907 0)
(0.0566643 -0.0732546 0)
(0.0585522 -0.0621518 0)
(0.0599419 -0.0508721 0)
(0.0608896 -0.0396071 0)
(0.0614405 -0.0284792 0)
(0.0616273 -0.0175535 0)
(0.0614722 -0.00684689 0)
(0.0609864 0.00366768 0)
(0.0601699 0.0140576 0)
(0.059012 0.0244309 0)
(0.0574903 0.0349355 0)
(0.0555669 0.0457581 0)
(0.0531866 0.0571181 0)
(0.0502759 0.0692545 0)
(0.0467449 0.0823982 0)
(0.0424958 0.096722 0)
(0.0374405 0.112258 0)
(0.0315281 0.128775 0)
(0.0247791 0.145631 0)
(0.0173163 0.161636 0)
(0.00937608 0.17504 0)
(0.00128361 0.183748 0)
(-0.00660853 0.185827 0)
(-0.0140018 0.180213 0)
(-0.0207098 0.167186 0)
(-0.0266638 0.148253 0)
(-0.0318907 0.125621 0)
(-0.0364642 0.101519 0)
(-0.0404584 0.0776744 0)
(-0.0439177 0.0551047 0)
(-0.0468477 0.0341774 0)
(-0.04922 0.014824 0)
(-0.0509823 -0.00322342 0)
(-0.052073 -0.0202447 0)
(-0.0524258 -0.0364189 0)
(-0.0519739 -0.0517694 0)
(-0.0506581 -0.0661495 0)
(-0.0484307 -0.0792486 0)
(-0.0452657 -0.0906091 0)
(-0.0411731 -0.0996536 0)
(-0.0362172 -0.105722 0)
(-0.0305369 -0.108125 0)
(-0.0243618 -0.10621 0)
(-0.0180196 -0.0994278 0)
(-0.0119234 -0.0873878 0)
(-0.00657947 -0.0698589 0)
(-0.00237273 -0.0467047 0)
(-0.000284963 -0.0176919 0)
(0.000332854 -0.0196418 0)
(0.00262684 -0.0516605 0)
(0.00711001 -0.0770838 0)
(0.0126324 -0.0962449 0)
(0.0187575 -0.109436 0)
(0.0249673 -0.117087 0)
(0.0308886 -0.11981 0)
(0.0362665 -0.118355 0)
(0.0409617 -0.113534 0)
(0.044928 -0.106146 0)
(0.048185 -0.0969111 0)
(0.0507908 -0.0864395 0)
(0.0528201 -0.0752181 0)
(0.054349 -0.0636161 0)
(0.0554455 -0.051899 0)
(0.0561649 -0.0402465 0)
(0.0565487 -0.0287684 0)
(0.0566251 -0.0175174 0)
(0.0564103 -0.00649904 0)
(0.0559097 0.00432419 0)
(0.055118 0.0150302 0)
(0.0540201 0.0257381 0)
(0.0525902 0.0366089 0)
(0.0507895 0.0478437 0)
(0.0485647 0.0596785 0)
(0.0458475 0.0723677 0)
(0.0425578 0.0861524 0)
(0.0386113 0.101203 0)
(0.0339374 0.117525 0)
(0.0285032 0.134836 0)
(0.022344 0.152408 0)
(0.0155869 0.168952 0)
(0.00845394 0.182625 0)
(0.00123204 0.191288 0)
(-0.00578849 0.193033 0)
(-0.012383 0.186882 0)
(-0.0184289 0.173218 0)
(-0.0238959 0.153641 0)
(-0.0288163 0.13041 0)
(-0.0332411 0.105766 0)
(-0.0372068 0.0814186 0)
(-0.04072 0.0583528 0)
(-0.043757 0.0369053 0)
(-0.0462726 0.0169855 0)
(-0.0482091 -0.00168704 0)
(-0.0495069 -0.0193973 0)
(-0.0501048 -0.0363251 0)
(-0.0499396 -0.0524915 0)
(-0.0489516 -0.0677437 0)
(-0.0470856 -0.0817577 0)
(-0.0443004 -0.0940511 0)
(-0.0405833 -0.104004 0)
(-0.0359702 -0.110894 0)
(-0.0305702 -0.113946 0)
(-0.0245874 -0.112411 0)
(-0.0183356 -0.105637 0)
(-0.0122307 -0.0931489 0)
(-0.00680356 -0.0746583 0)
(-0.0024748 -0.05001 0)
(-0.000302269 -0.0189753 0)
(0.000341497 -0.021047 0)
(0.00264875 -0.0551626 0)
(0.00710286 -0.0820224 0)
(0.0125092 -0.102004 0)
(0.0184113 -0.115474 0)
(0.0242883 -0.122973 0)
(0.0297833 -0.125237 0)
(0.0346701 -0.12314 0)
(0.0388432 -0.117602 0)
(0.0422893 -0.109499 0)
(0.0450553 -0.0996004 0)
(0.0472187 -0.0885404 0)
(0.0488662 -0.0768112 0)
(0.050079 -0.0647756 0)
(0.0509255 -0.0526866 0)
(0.0514581 -0.0407091 0)
(0.0517136 -0.0289383 0)
(0.0517144 -0.0174141 0)
(0.0514709 -0.00613016 0)
(0.0509829 0.00496123 0)
(0.0502395 0.0159478 0)
(0.0492212 0.0269589 0)
(0.0478991 0.0381665 0)
(0.0462329 0.0497842 0)
(0.044171 0.0620609 0)
(0.0416501 0.0752629 0)
(0.0385994 0.0896366 0)
(0.0349488 0.105345 0)
(0.0306449 0.12237 0)
(0.0256732 0.140372 0)
(0.0200827 0.15855 0)
(0.0140032 0.175526 0)
(0.00764039 0.189391 0)
(0.0012418 0.197982 0)
(-0.00496206 0.199433 0)
(-0.0108134 0.192848 0)
(-0.0162445 0.178698 0)
(-0.0212553 0.158644 0)
(-0.0258779 0.134971 0)
(-0.0301404 0.109914 0)
(-0.0340454 0.085156 0)
(-0.0375669 0.061656 0)
(-0.0406579 0.0397301 0)
(-0.043262 0.0192771 0)
(-0.0453194 1.29629e-05 0)
(-0.0467752 -0.0183481 0)
(-0.0475753 -0.0359857 0)
(-0.047662 -0.0529217 0)
(-0.0469766 -0.0690027 0)
(-0.0454584 -0.083899 0)
(-0.0430527 -0.0971112 0)
(-0.0397249 -0.107984 0)
(-0.0354822 -0.115737 0)
(-0.0304012 -0.11951 0)
(-0.0246566 -0.118448 0)
(-0.0185425 -0.111785 0)
(-0.0124715 -0.0989382 0)
(-0.00699492 -0.0795458 0)
(-0.00256688 -0.0534153 0)
(-0.000318875 -0.0203126 0)
(0.000348354 -0.0224625 0)
(0.00265481 -0.0586466 0)
(0.00705125 -0.0868719 0)
(0.0123058 -0.107574 0)
(0.0179474 -0.121215 0)
(0.0234582 -0.128462 0)
(0.0285034 -0.130193 0)
(0.0328889 -0.127415 0)
(0.0365446 -0.121153 0)
(0.0394893 -0.112357 0)
(0.0417945 -0.101839 0)
(0.043554 -0.0902487 0)
(0.0448624 -0.0780768 0)
(0.0458031 -0.0656739 0)
(0.0464419 -0.0532768 0)
(0.0468268 -0.0410335 0)
(0.0469886 -0.0290237 0)
(0.0469438 -0.0172739 0)
(0.0466969 -0.00576626 0)
(0.0462422 0.00555682 0)
(0.0455638 0.0167923 0)
(0.0446383 0.0280787 0)
(0.0434337 0.0395974 0)
(0.0419087 0.0515723 0)
(0.0400128 0.0642622 0)
(0.037688 0.0779406 0)
(0.0348728 0.0928557 0)
(0.0315107 0.10916 0)
(0.0275655 0.126804 0)
(0.0230401 0.145402 0)
(0.0179963 0.16408 0)
(0.0125645 0.181393 0)
(0.00693291 0.195382 0)
(0.00131003 0.203882 0)
(-0.00412961 0.20508 0)
(-0.00928792 0.19816 0)
(-0.0141436 0.18366 0)
(-0.0187198 0.163277 0)
(-0.023046 0.139299 0)
(-0.0271282 0.113937 0)
(-0.0309393 0.0888475 0)
(-0.0344264 0.0649665 0)
(-0.0375241 0.0426006 0)
(-0.0401684 0.021648 0)
(-0.0423003 0.00182854 0)
(-0.043871 -0.0171403 0)
(-0.0448347 -0.0354377 0)
(-0.0451406 -0.0530892 0)
(-0.0447326 -0.0699463 0)
(-0.0435469 -0.0856806 0)
(-0.0415175 -0.099784 0)
(-0.0385896 -0.111575 0)
(-0.0347419 -0.120218 0)
(-0.0300175 -0.124774 0)
(-0.0245574 -0.124273 0)
(-0.0186302 -0.117823 0)
(-0.0126394 -0.104716 0)
(-0.00715037 -0.0844918 0)
(-0.00264814 -0.0569033 0)
(-0.000334801 -0.0216987 0)
(0.000353481 -0.0238802 0)
(0.00264565 -0.062091 0)
(0.00695736 -0.0916014 0)
(0.0120274 -0.11292 0)
(0.0173749 -0.126626 0)
(0.0224919 -0.133531 0)
(0.0270705 -0.134668 0)
(0.0309519 -0.131181 0)
(0.0341022 -0.124202 0)
(0.0365707 -0.114747 0)
(0.0384502 -0.103663 0)
(0.0398471 -0.0916066 0)
(0.0408604 -0.0790588 0)
(0.041572 -0.0663537 0)
(0.0420435 -0.0537092 0)
(0.0423164 -0.0412548 0)
(0.0424151 -0.0290545 0)
(0.0423497 -0.0171216 0)
(0.0421192 -0.00542737 0)
(0.0417127 0.00609537 0)
(0.0411101 0.017552 0)
(0.0402846 0.0290892 0)
(0.0392018 0.0408964 0)
(0.0378194 0.0532056 0)
(0.036089 0.0662823 0)
(0.0339576 0.0804041 0)
(0.0313726 0.0958158 0)
(0.0282912 0.112655 0)
(0.0246934 0.130843 0)
(0.0205986 0.149945 0)
(0.0160795 0.169027 0)
(0.0112658 0.186588 0)
(0.00632716 0.200641 0)
(0.00143451 0.209037 0)
(-0.00328911 0.210023 0)
(-0.00779806 0.202858 0)
(-0.0121102 0.18813 0)
(-0.0162667 0.167549 0)
(-0.0202928 0.143383 0)
(-0.0241748 0.11781 0)
(-0.0278605 0.0924565 0)
(-0.0312746 0.0682419 0)
(-0.0343379 0.0454724 0)
(-0.0369813 0.0240543 0)
(-0.0391482 0.00371809 0)
(-0.0407964 -0.0158123 0)
(-0.0418893 -0.0347154 0)
(-0.0423836 -0.0530227 0)
(-0.0422278 -0.0705952 0)
(-0.0413572 -0.087113 0)
(-0.0396972 -0.102068 0)
(-0.0371754 -0.11476 0)
(-0.0337436 -0.124309 0)
(-0.0294102 -0.129696 0)
(-0.0242796 -0.129838 0)
(-0.0185897 -0.123703 0)
(-0.0127274 -0.110438 0)
(-0.00726595 -0.0894641 0)
(-0.00271721 -0.0604551 0)
(-0.000349922 -0.0231279 0)
(0.000356925 -0.0252922 0)
(0.00262192 -0.0654755 0)
(0.00682349 -0.0961822 0)
(0.0116789 -0.118012 0)
(0.0167031 -0.131679 0)
(0.021404 -0.13816 0)
(0.0255055 -0.138654 0)
(0.0288865 -0.134446 0)
(0.0315492 -0.12677 0)
(0.0335709 -0.116703 0)
(0.0350629 -0.105114 0)
(0.0361395 -0.0926572 0)
(0.0369008 -0.0798004 0)
(0.0374248 -0.0668559 0)
(0.0377661 -0.0540202 0)
(0.0379589 -0.0414042 0)
(0.0380206 -0.0290563 0)
(0.037955 -0.0169773 0)
(0.0377557 -0.00512815 0)
(0.0374073 0.00656676 0)
(0.0368864 0.0182206 0)
(0.0361633 0.0299872 0)
(0.0352018 0.0420629 0)
(0.03396 0.0546854 0)
(0.0323913 0.0681247 0)
(0.030448 0.0826582 0)
(0.0280869 0.0985239 0)
(0.0252781 0.115841 0)
(0.0220169 0.1345 0)
(0.0183377 0.154019 0)
(0.0143225 0.173414 0)
(0.0100986 0.191144 0)
(0.00581692 0.205209 0)
(0.00161258 0.213491 0)
(-0.00243796 0.214306 0)
(-0.00633478 0.206977 0)
(-0.0101286 0.192128 0)
(-0.0138748 0.171462 0)
(-0.0175941 0.147211 0)
(-0.0212558 0.121508 0)
(-0.0247871 0.0959495 0)
(-0.0280947 0.0714452 0)
(-0.0310889 0.0483077 0)
(-0.033697 0.0264592 0)
(-0.0358657 0.00564622 0)
(-0.0375597 -0.0143976 0)
(-0.0387511 -0.0338497 0)
(-0.0394053 -0.0527495 0)
(-0.0394766 -0.0709714 0)
(-0.0389018 -0.0882099 0)
(-0.0376009 -0.103965 0)
(-0.0354868 -0.117528 0)
(-0.0324865 -0.127984 0)
(-0.0285744 -0.134239 0)
(-0.0238159 -0.135096 0)
(-0.0184129 -0.129375 0)
(-0.0127288 -0.116061 0)
(-0.00733742 -0.0944277 0)
(-0.00277243 -0.0640495 0)
(-0.000364026 -0.0245936 0)
(0.000358745 -0.0266911 0)
(0.00258432 -0.068781 0)
(0.00665196 -0.100588 0)
(0.0112655 -0.122821 0)
(0.015941 -0.13635 0)
(0.0202084 -0.142336 0)
(0.0238275 -0.142151 0)
(0.0267169 -0.137224 0)
(0.0289138 -0.128885 0)
(0.0305211 -0.118259 0)
(0.0316643 -0.10623 0)
(0.0324625 -0.0934431 0)
(0.0330131 -0.0803428 0)
(0.0333874 -0.0672179 0)
(0.0336319 -0.0542425 0)
(0.0337724 -0.0415086 0)
(0.033819 -0.0290501 0)
(0.0337691 -0.0168562 0)
(0.0336116 -0.00487877 0)
(0.0333274 0.00696536 0)
(0.03289 0.0187962 0)
(0.032268 0.0307738 0)
(0.0314244 0.0430999 0)
(0.0303178 0.0560165 0)
(0.0289047 0.0697949 0)
(0.0271431 0.0847095 0)
(0.0249988 0.100987 0)
(0.0224544 0.118728 0)
(0.0195197 0.137787 0)
(0.0162422 0.157641 0)
(0.0127117 0.177267 0)
(0.00905161 0.195093 0)
(0.00539391 0.209123 0)
(0.00184032 0.217285 0)
(-0.00157445 0.217964 0)
(-0.00489006 0.210545 0)
(-0.008185 0.195669 0)
(-0.011526 0.175016 0)
(-0.0149297 0.150767 0)
(-0.0183519 0.125006 0)
(-0.0217028 0.0992975 0)
(-0.0248755 0.074545 0)
(-0.0277715 0.051075 0)
(-0.0303164 0.0288321 0)
(-0.0324598 0.00758334 0)
(-0.0341727 -0.0129251 0)
(-0.0354359 -0.0328689 0)
(-0.0362238 -0.052296 0)
(-0.0364976 -0.0710973 0)
(-0.0361979 -0.0889873 0)
(-0.0352423 -0.105481 0)
(-0.0335328 -0.119873 0)
(-0.0309745 -0.131222 0)
(-0.027509 -0.138368 0)
(-0.0231615 -0.140003 0)
(-0.0180934 -0.134789 0)
(-0.0126376 -0.121536 0)
(-0.00736057 -0.0993451 0)
(-0.00281201 -0.0676635 0)
(-0.000376852 -0.0260885 0)
(0.000359005 -0.0280698 0)
(0.00253348 -0.0719893 0)
(0.00644488 -0.104794 0)
(0.0107917 -0.127322 0)
(0.0150965 -0.140621 0)
(0.0189169 -0.146049 0)
(0.0220526 -0.145162 0)
(0.0244627 -0.139531 0)
(0.0262183 -0.130573 0)
(0.0274445 -0.119452 0)
(0.0282774 -0.107053 0)
(0.0288367 -0.0940046 0)
(0.0292145 -0.0807242 0)
(0.0294733 -0.0674738 0)
(0.02965 -0.0544045 0)
(0.0297618 -0.0415908 0)
(0.0298109 -0.0290527 0)
(0.029789 -0.0167696 0)
(0.0296806 -0.00468563 0)
(0.0294631 0.00728899 0)
(0.0291084 0.0192801 0)
(0.0285837 0.0314528 0)
(0.0278522 0.0440131 0)
(0.026874 0.0572054 0)
(0.0256091 0.0713 0)
(0.0240217 0.0865651 0)
(0.0220869 0.103214 0)
(0.0197992 0.121323 0)
(0.0171817 0.140715 0)
(0.0142937 0.160829 0)
(0.0112305 0.180606 0)
(0.00811075 0.198461 0)
(0.00504774 0.212416 0)
(0.0021121 0.220453 0)
(-0.000698535 0.22103 0)
(-0.00345797 0.213584 0)
(-0.00626824 0.198763 0)
(-0.00920556 0.178208 0)
(-0.0122839 0.154039 0)
(-0.0154484 0.128284 0)
(-0.0185962 0.102475 0)
(-0.0216097 0.0775152 0)
(-0.0243841 0.053749 0)
(-0.026843 0.0311483 0)
(-0.0289392 0.00950507 0)
(-0.030649 -0.0114194 0)
(-0.031961 -0.0317977 0)
(-0.0328588 -0.0516867 0)
(-0.0333115 -0.0709958 0)
(-0.0332653 -0.0894637 0)
(-0.0326388 -0.106628 0)
(-0.0313265 -0.121795 0)
(-0.0292153 -0.134007 0)
(-0.0262165 -0.142053 0)
(-0.0223144 -0.144515 0)
(-0.0176265 -0.139898 0)
(-0.0124486 -0.126816 0)
(-0.00733146 -0.104177 0)
(-0.00283416 -0.0712719 0)
(-0.000388115 -0.0276041 0)
(0.000357765 -0.0294214 0)
(0.00246994 -0.0750835 0)
(0.00620396 -0.108779 0)
(0.0102611 -0.131493 0)
(0.0141757 -0.144474 0)
(0.0175389 -0.149294 0)
(0.0201932 -0.147696 0)
(0.0221388 -0.141388 0)
(0.0234785 -0.131865 0)
(0.0243565 -0.120317 0)
(0.0249153 -0.107621 0)
(0.0252722 -0.094379 0)
(0.025511 -0.0809785 0)
(0.0256839 -0.0676528 0)
(0.0258175 -0.0545305 0)
(0.0259196 -0.0416691 0)
(0.0259851 -0.0290771 0)
(0.0260001 -0.0167256 0)
(0.0259451 -0.00455225 0)
(0.025795 0.00753798 0)
(0.02552 0.0196757 0)
(0.0250874 0.0320299 0)
(0.0244611 0.0448096 0)
(0.0236035 0.0582598 0)
(0.022479 0.0726477 0)
(0.0210585 0.0882326 0)
(0.0193263 0.105211 0)
(0.0172883 0.123635 0)
(0.01498 0.143294 0)
(0.0124706 0.163594 0)
(0.00985967 0.18345 0)
(0.00725966 0.201274 0)
(0.00476587 0.215117 0)
(0.00242027 0.223025 0)
(0.000187663 0.223528 0)
(-0.00203515 0.216111 0)
(-0.00437044 0.201415 0)
(-0.00690287 0.181033 0)
(-0.0096451 0.157013 0)
(-0.0125346 0.131321 0)
(-0.0154593 0.105461 0)
(-0.0182933 0.0803342 0)
(-0.0209266 0.0563089 0)
(-0.0232817 0.0333881 0)
(-0.0253132 0.0113917 0)
(-0.027002 -0.00990099 0)
(-0.0283436 -0.030658 0)
(-0.0293304 -0.0509444 0)
(-0.0299397 -0.0706894 0)
(-0.0301255 -0.0896585 0)
(-0.0298098 -0.107419 0)
(-0.0288837 -0.123295 0)
(-0.02722 -0.136331 0)
(-0.0247023 -0.145269 0)
(-0.021275 -0.148595 0)
(-0.0170093 -0.144654 0)
(-0.0121577 -0.131854 0)
(-0.00724659 -0.108884 0)
(-0.00283717 -0.0748476 0)
(-0.000397524 -0.0291309 0)
(0.000355071 -0.0307394 0)
(0.00239404 -0.0780471 0)
(0.00593025 -0.11252 0)
(0.00967597 -0.135314 0)
(0.0131829 -0.147897 0)
(0.0160808 -0.152068 0)
(0.0182575 -0.149761 0)
(0.0197544 -0.142815 0)
(0.0207036 -0.132789 0)
(0.0212645 -0.120887 0)
(0.0215825 -0.107968 0)
(0.0217691 -0.0945993 0)
(0.0218981 -0.0811352 0)
(0.02201 -0.0677798 0)
(0.0221203 -0.0546399 0)
(0.0222278 -0.0417581 0)
(0.02232 -0.0291332 0)
(0.022378 -0.0167294 0)
(0.0223785 -0.00447993 0)
(0.0222945 0.00771435 0)
(0.0220956 0.0199876 0)
(0.0217492 0.0325116 0)
(0.0212209 0.045497 0)
(0.0204764 0.0591876 0)
(0.0194849 0.0738455 0)
(0.0182244 0.0897188 0)
(0.0166887 0.106986 0)
(0.0148946 0.125671 0)
(0.0128888 0.145534 0)
(0.0107491 0.16595 0)
(0.00857757 0.185817 0)
(0.00647988 0.203553 0)
(0.00453376 0.217251 0)
(0.00275507 0.225026 0)
(0.00107967 0.22548 0)
(-0.00062101 0.218138 0)
(-0.0024869 0.203629 0)
(-0.00461063 0.183484 0)
(-0.00700518 0.159673 0)
(-0.00960343 0.1341 0)
(-0.0122869 0.108236 0)
(-0.0149239 0.0829839 0)
(-0.0174004 0.0587381 0)
(-0.0196373 0.0355357 0)
(-0.0215905 0.0132277 0)
(-0.023244 -0.00838656 0)
(-0.0245994 -0.0294683 0)
(-0.0256568 -0.0500897 0)
(-0.0264026 -0.0701993 0)
(-0.0267994 -0.089592 0)
(-0.0267754 -0.107868 0)
(-0.0262218 -0.124383 0)
(-0.0250014 -0.138188 0)
(-0.0229741 -0.147998 0)
(-0.0200463 -0.15221 0)
(-0.0162408 -0.149014 0)
(-0.0117619 -0.136602 0)
(-0.00710293 -0.113422 0)
(-0.00281946 -0.0783623 0)
(-0.000404784 -0.0306586 0)
(0.000350935 -0.0320173 0)
(0.00230582 -0.0808643 0)
(0.00562402 -0.115997 0)
(0.00903734 -0.138765 0)
(0.0121201 -0.150878 0)
(0.0145458 -0.154369 0)
(0.0162498 -0.151369 0)
(0.0173137 -0.143833 0)
(0.0178964 -0.133373 0)
(0.0181685 -0.121194 0)
(0.018275 -0.108124 0)
(0.018319 -0.0946937 0)
(0.0183622 -0.0812187 0)
(0.0184328 -0.0678747 0)
(0.0185352 -0.054748 0)
(0.0186591 -0.0418686 0)
(0.0187852 -0.0292274 0)
(0.0188896 -0.016784 0)
(0.0189462 -0.0044684 0)
(0.0189263 0.00782108 0)
(0.0187991 0.0202208 0)
(0.0185332 0.0329044 0)
(0.0180964 0.0460824 0)
(0.0174581 0.059996 0)
(0.0165932 0.0749001 0)
(0.0154872 0.0910296 0)
(0.0141432 0.108543 0)
(0.0125887 0.127437 0)
(0.0108803 0.147442 0)
(0.0091033 0.167907 0)
(0.00736079 0.18772 0)
(0.00575106 0.205316 0)
(0.00433504 0.218838 0)
(0.00310474 0.226474 0)
(0.00197061 0.226899 0)
(0.000782279 0.219674 0)
(-0.000615829 0.205404 0)
(-0.0023248 0.185552 0)
(-0.00435929 0.162008 0)
(-0.00665033 0.136605 0)
(-0.0090759 0.110783 0)
(-0.0115004 0.0854491 0)
(-0.0138067 0.0610231 0)
(-0.0159138 0.037579 0)
(-0.017778 0.0150007 0)
(-0.0193852 -0.00688951 0)
(-0.0207414 -0.028244 0)
(-0.0218544 -0.0491404 0)
(-0.0227187 -0.0695455 0)
(-0.0233068 -0.0892842 0)
(-0.0235552 -0.107995 0)
(-0.0233586 -0.125068 0)
(-0.0225738 -0.139577 0)
(-0.0210417 -0.150224 0)
(-0.0186327 -0.15533 0)
(-0.0153214 -0.152937 0)
(-0.0112591 -0.141015 0)
(-0.00689795 -0.117751 0)
(-0.00277958 -0.081786 0)
(-0.000409608 -0.032176 0)
(0.000345322 -0.0332485 0)
(0.00220497 -0.0835188 0)
(0.00528462 -0.11919 0)
(0.00834451 -0.141829 0)
(0.010987 -0.153404 0)
(0.012934 -0.156198 0)
(0.0141701 -0.152528 0)
(0.0148159 -0.144461 0)
(0.0150537 -0.133642 0)
(0.015062 -0.121264 0)
(0.0149817 -0.108117 0)
(0.0149053 -0.0946857 0)
(0.0148815 -0.0812485 0)
(0.0149256 -0.0679526 0)
(0.015031 -0.054866 0)
(0.0151785 -0.042008 0)
(0.0153427 -0.0293638 0)
(0.0154951 -0.0168905 0)
(0.015607 -0.00451629 0)
(0.0156486 0.00786154 0)
(0.0155892 0.0203804 0)
(0.0153986 0.0332141 0)
(0.0150477 0.046572 0)
(0.0145103 0.0606909 0)
(0.0137671 0.0758168 0)
(0.0128117 0.0921696 0)
(0.0116564 0.109886 0)
(0.0103388 0.128936 0)
(0.00892478 0.149021 0)
(0.00750555 0.169471 0)
(0.00618427 0.18917 0)
(0.00505137 0.206577 0)
(0.00415173 0.219894 0)
(0.00345577 0.227385 0)
(0.00285151 0.227797 0)
(0.00216993 0.220721 0)
(0.00124145 0.206735 0)
(-4.40008e-05 0.187228 0)
(-0.001705 0.164001 0)
(-0.00367298 0.138819 0)
(-0.00582461 0.113088 0)
(-0.00802224 0.0877162 0)
(-0.0101464 0.0631525 0)
(-0.012114 0.0395078 0)
(-0.0138806 0.0167013 0)
(-0.0154327 -0.00542031 0)
(-0.01678 -0.0269978 0)
(-0.0179361 -0.0481117 0)
(-0.0189037 -0.0687457 0)
(-0.0196654 -0.0887541 0)
(-0.0201676 -0.107815 0)
(-0.0203114 -0.125362 0)
(-0.0199522 -0.140503 0)
(-0.0189156 -0.151938 0)
(-0.0170403 -0.157932 0)
(-0.0142527 -0.156386 0)
(-0.0106482 -0.145048 0)
(-0.00662964 -0.121828 0)
(-0.00271622 -0.0850879 0)
(-0.00041171 -0.0336709 0)
(0.000338134 -0.0344263 0)
(0.0020908 -0.085994 0)
(0.00491042 -0.122079 0)
(0.00759524 -0.144486 0)
(0.00978103 -0.155465 0)
(0.0112427 -0.157553 0)
(0.012015 -0.153249 0)
(0.0122559 -0.144715 0)
(0.0121675 -0.133618 0)
(0.0119325 -0.121121 0)
(0.0116851 -0.107967 0)
(0.0115053 -0.094593 0)
(0.0114279 -0.0812386 0)
(0.0114552 -0.068024 0)
(0.0115701 -0.0550009 0)
(0.0117452 -0.0421803 0)
(0.011949 -0.0295442 0)
(0.0121492 -0.0170485 0)
(0.0123148 -0.00462159 0)
(0.0124151 0.00783905 0)
(0.0124198 0.0204705 0)
(0.0123007 0.0334455 0)
(0.0120317 0.0469706 0)
(0.0115914 0.0612767 0)
(0.0109671 0.0765991 0)
(0.0101603 0.0931412 0)
(0.00919276 0.111017 0)
(0.00811156 0.13017 0)
(0.00699093 0.150277 0)
(0.00592689 0.170649 0)
(0.00502176 0.190174 0)
(0.00435773 0.207347 0)
(0.00396456 0.22043 0)
(0.00379316 0.227769 0)
(0.00371173 0.22818 0)
(0.00353494 0.22128 0)
(0.00308088 0.207616 0)
(0.00223014 0.188499 0)
(0.000957952 0.165639 0)
(-0.000670393 0.140727 0)
(-0.00253225 0.115134 0)
(-0.00448914 0.0897724 0)
(-0.00641981 0.0651159 0)
(-0.00823899 0.0413138 0)
(-0.00990089 0.0183217 0)
(-0.0113913 -0.00398709 0)
(-0.0127218 -0.0257395 0)
(-0.0139114 -0.0470161 0)
(-0.0149698 -0.067815 0)
(-0.0158899 -0.0880189 0)
(-0.0166287 -0.107347 0)
(-0.0170966 -0.125281 0)
(-0.0171509 -0.140971 0)
(-0.0166072 -0.153134 0)
(-0.0152761 -0.159995 0)
(-0.0130377 -0.159328 0)
(-0.00992889 -0.148661 0)
(-0.00629637 -0.125612 0)
(-0.0026282 -0.0882364 0)
(-0.00041081 -0.0351308 0)
(0.000329204 -0.0355432 0)
(0.00196218 -0.0882722 0)
(0.00449887 -0.12464 0)
(0.00678582 -0.146717 0)
(0.0084977 -0.157049 0)
(0.00946665 -0.158433 0)
(0.00977797 -0.15354 0)
(0.00962465 -0.144611 0)
(0.00922523 -0.133317 0)
(0.00876307 -0.120781 0)
(0.00836289 -0.107689 0)
(0.00809103 -0.0944279 0)
(0.00796789 -0.0811981 0)
(0.00798336 -0.0680947 0)
(0.00811013 -0.055156 0)
(0.00831323 -0.0423869 0)
(0.00855589 -0.0297681 0)
(0.00880232 -0.0172565 0)
(0.00901936 -0.00478192 0)
(0.00917573 0.00775661 0)
(0.00924188 0.0204944 0)
(0.00919155 0.0336019 0)
(0.00900221 0.0472811 0)
(0.0086575 0.0617556 0)
(0.00815147 0.0772483 0)
(0.0074938 0.0939447 0)
(0.00671532 0.111936 0)
(0.00587226 0.131139 0)
(0.00504633 0.151208 0)
(0.00433741 0.171442 0)
(0.00384612 0.190739 0)
(0.0036463 0.207632 0)
(0.0037534 0.220455 0)
(0.00410074 0.227633 0)
(0.00453913 0.22805 0)
(0.0048688 0.221348 0)
(0.00489654 0.208038 0)
(0.00449351 0.189351 0)
(0.00362712 0.166903 0)
(0.00235656 0.142312 0)
(0.000801284 0.116909 0)
(-0.000900569 0.0916053 0)
(-0.00262643 0.0669034 0)
(-0.00428866 0.0429895 0)
(-0.00583935 0.0198556 0)
(-0.00726251 -0.00259611 0)
(-0.00857063 -0.0244765 0)
(-0.00978642 -0.0458633 0)
(-0.010926 -0.0667661 0)
(-0.0119918 -0.0870939 0)
(-0.0129523 -0.106607 0)
(-0.0137287 -0.124838 0)
(-0.0141839 -0.140991 0)
(-0.0141278 -0.153811 0)
(-0.0133476 -0.161502 0)
(-0.0116798 -0.161731 0)
(-0.00910164 -0.151812 0)
(-0.00589695 -0.129061 0)
(-0.00251446 -0.0911991 0)
(-0.000406628 -0.0365422 0)
(0.00031828 -0.0365914 0)
(0.00181759 -0.0903343 0)
(0.00404652 -0.126851 0)
(0.00591133 -0.148501 0)
(0.00713097 -0.158144 0)
(0.00759875 -0.158834 0)
(0.0074502 -0.153406 0)
(0.00691073 -0.144161 0)
(0.00621144 -0.132755 0)
(0.00553303 -0.120257 0)
(0.00498881 -0.107294 0)
(0.00463046 -0.0941975 0)
(0.00446422 -0.0811308 0)
(0.00446798 -0.0681662 0)
(0.00460509 -0.0553309 0)
(0.00483374 -0.0426262 0)
(0.00511235 -0.0300336 0)
(0.00540198 -0.0175121 0)
(0.00566776 -0.0049948 0)
(0.00587796 0.00761657 0)
(0.00600379 0.0204543 0)
(0.00602116 0.0336848 0)
(0.00591122 0.0475045 0)
(0.00566286 0.0621275 0)
(0.00527698 0.0777632 0)
(0.00477142 0.0945782 0)
(0.00418592 0.11264 0)
(0.00358527 0.13184 0)
(0.0030579 0.151813 0)
(0.00270668 0.17185 0)
(0.00262985 0.190865 0)
(0.00289282 0.207438 0)
(0.00349759 0.219972 0)
(0.00436162 0.226979 0)
(0.00532046 0.227407 0)
(0.00616154 0.220919 0)
(0.00668108 0.20799 0)
(0.00674054 0.189769 0)
(0.0062981 0.167777 0)
(0.00540491 0.143555 0)
(0.00417481 0.118394 0)
(0.00274362 0.0932022 0)
(0.00123465 0.0685055 0)
(-0.000261621 0.0445275 0)
(-0.00169464 0.0212977 0)
(-0.00304584 -0.00125217 0)
(-0.0043273 -0.0232143 0)
(-0.00556431 -0.0446605 0)
(-0.00677811 -0.0656087 0)
(-0.00797983 -0.0859915 0)
(-0.00914958 -0.105608 0)
(-0.0102205 -0.124048 0)
(-0.011064 -0.14057 0)
(-0.0114885 -0.153969 0)
(-0.0112628 -0.162443 0)
(-0.0101832 -0.163571 0)
(-0.00816736 -0.154465 0)
(-0.00543051 -0.132134 0)
(-0.00237405 -0.0939433 0)
(-0.000398886 -0.037891 0)
(0.000305031 -0.0375616 0)
(0.00165514 -0.0921593 0)
(0.00354927 -0.128687 0)
(0.00496595 -0.149817 0)
(0.00567377 -0.158735 0)
(0.00563063 -0.158752 0)
(0.00502139 -0.15285 0)
(0.00410065 -0.143371 0)
(0.00310828 -0.131938 0)
(0.00221932 -0.119557 0)
(0.00153402 -0.106786 0)
(0.00108911 -0.0939029 0)
(0.000877122 -0.0810354 0)
(0.000864769 -0.0682355 0)
(0.00100696 -0.0555218 0)
(0.00125578 -0.0428943 0)
(0.00156543 -0.0303366 0)
(0.00189421 -0.0178121 0)
(0.0022057 -0.00525767 0)
(0.00246783 0.00742064 0)
(0.00265264 0.0203508 0)
(0.00273823 0.0336941 0)
(0.00270952 0.0476393 0)
(0.00256068 0.0623899 0)
(0.00229947 0.0781402 0)
(0.00195176 0.0950366 0)
(0.00156588 0.113123 0)
(0.00121464 0.132269 0)
(0.000992404 0.152088 0)
(0.0010043 0.171871 0)
(0.00134561 0.190552 0)
(0.00207323 0.206763 0)
(0.00317646 0.218983 0)
(0.00455858 0.225806 0)
(0.00604177 0.226246 0)
(0.00740211 0.219984 0)
(0.00842584 0.207457 0)
(0.00896439 0.189734 0)
(0.00896543 0.16824 0)
(0.00847032 0.144437 0)
(0.00758537 0.119572 0)
(0.00644242 0.0945475 0)
(0.00516439 0.0699105 0)
(0.00384411 0.04592 0)
(0.0025355 0.0226425 0)
(0.00126066 4.09731e-05 0)
(9.18478e-06 -0.0219563 0)
(-0.00124566 -0.0434122 0)
(-0.00252914 -0.0643497 0)
(-0.00386001 -0.0847214 0)
(-0.00522931 -0.104364 0)
(-0.0065828 -0.122922 0)
(-0.00780268 -0.139721 0)
(-0.00869987 -0.153611 0)
(-0.00902984 -0.162808 0)
(-0.00855258 -0.164824 0)
(-0.00712749 -0.156585 0)
(-0.00489648 -0.134793 0)
(-0.00220611 -0.0964362 0)
(-0.0003873 -0.0391626 0)
(0.000289043 -0.0384438 0)
(0.00147264 -0.0937242 0)
(0.00300254 -0.13012 0)
(0.00394342 -0.15064 0)
(0.00411863 -0.158807 0)
(0.00355353 -0.158181 0)
(0.00248068 -0.151874 0)
(0.00118025 -0.142246 0)
(-0.000103035 -0.130872 0)
(-0.00120234 -0.118682 0)
(-0.00203158 -0.106163 0)
(-0.00256877 -0.0935401 0)
(-0.00283427 -0.0809061 0)
(-0.00287151 -0.0682958 0)
(-0.00273305 -0.0557217 0)
(-0.00247213 -0.0431846 0)
(-0.00213822 -0.0306721 0)
(-0.00177544 -0.0181524 0)
(-0.00142157 -0.00556797 0)
(-0.00110897 0.0071699 0)
(-0.000864791 0.0201837 0)
(-0.000708794 0.0336277 0)
(-0.000652343 0.047682 0)
(-0.000696012 0.0625377 0)
(-0.000825317 0.0783727 0)
(-0.00100656 0.0953127 0)
(-0.00118323 0.113378 0)
(-0.00127513 0.132416 0)
(-0.00118269 0.152025 0)
(-0.000799387 0.171498 0)
(-3.32857e-05 0.189796 0)
(0.00116409 0.205605 0)
(0.00276989 0.217484 0)
(0.00467464 0.224109 0)
(0.00668893 0.224559 0)
(0.0085788 0.218531 0)
(0.0101211 0.206426 0)
(0.0111569 0.189229 0)
(0.0116223 0.168272 0)
(0.0115473 0.144937 0)
(0.0110289 0.120424 0)
(0.0101934 0.095625 0)
(0.00916215 0.0711054 0)
(0.00802989 0.0471574 0)
(0.00685405 0.0238836 0)
(0.00566039 0.00127923 0)
(0.00444131 -0.0207055 0)
(0.00317035 -0.0421215 0)
(0.00181942 -0.0629932 0)
(0.00036358 -0.0832901 0)
(-0.00119843 -0.102884 0)
(-0.00282503 -0.121473 0)
(-0.00441065 -0.138451 0)
(-0.00577227 -0.15274 0)
(-0.00665688 -0.162591 0)
(-0.00679303 -0.165471 0)
(-0.00598396 -0.15814 0)
(-0.00429462 -0.137 0)
(-0.00200988 -0.0986445 0)
(-0.000371585 -0.0403418 0)
(0.000269829 -0.0392264 0)
(0.00126772 -0.0950035 0)
(0.00240162 -0.131121 0)
(0.00283754 -0.150945 0)
(0.00245834 -0.158343 0)
(0.00135916 -0.157114 0)
(-0.000182106 -0.150475 0)
(-0.00186408 -0.140786 0)
(-0.00344116 -0.129554 0)
(-0.00475659 -0.117628 0)
(-0.0057385 -0.105419 0)
(-0.00637907 -0.0930998 0)
(-0.00671058 -0.0807324 0)
(-0.00678549 -0.0683365 0)
(-0.00666285 -0.055921 0)
(-0.00640041 -0.043489 0)
(-0.00605076 -0.0310334 0)
(-0.00566014 -0.0185287 0)
(-0.00526756 -0.00592355 0)
(-0.00490564 0.00686435 0)
(-0.00460078 0.0199506 0)
(-0.00437069 0.0334816 0)
(-0.00422311 0.0476266 0)
(-0.00415352 0.0625633 0)
(-0.0041409 0.0784514 0)
(-0.00414405 0.0953957 0)
(-0.00409878 0.113393 0)
(-0.00391817 0.13227 0)
(-0.00349837 0.151614 0)
(-0.00273231 0.170723 0)
(-0.00153195 0.188589 0)
(0.000143168 0.203958 0)
(0.00225873 0.215469 0)
(0.00469343 0.221882 0)
(0.00724802 0.222337 0)
(0.00967967 0.216548 0)
(0.0117564 0.204877 0)
(0.0133087 0.188233 0)
(0.0142605 0.167851 0)
(0.0146289 0.145032 0)
(0.0144999 0.120928 0)
(0.0139926 0.0964162 0)
(0.0132259 0.0720757 0)
(0.0122953 0.048229 0)
(0.011262 0.0250142 0)
(0.0101554 0.00245831 0)
(0.00897172 -0.0194641 0)
(0.0076858 -0.0407898 0)
(0.0062679 -0.0615416 0)
(0.00468838 -0.0817021 0)
(0.00293729 -0.101174 0)
(0.00104451 -0.119708 0)
(-0.000897813 -0.136772 0)
(-0.00271564 -0.151362 0)
(-0.00415231 -0.161787 0)
(-0.00491008 -0.165495 0)
(-0.00473916 -0.1591 0)
(-0.00362501 -0.138717 0)
(-0.00178472 -0.100535 0)
(-0.000351452 -0.0414132 0)
(0.000246841 -0.0398965 0)
(0.00103796 -0.0959698 0)
(0.001742 -0.131659 0)
(0.00164271 -0.150707 0)
(0.000686902 -0.157327 0)
(-0.000958721 -0.15554 0)
(-0.00297513 -0.148649 0)
(-0.00504503 -0.138985 0)
(-0.00692427 -0.127978 0)
(-0.00846704 -0.116384 0)
(-0.00961568 -0.10454 0)
(-0.0103758 -0.0925677 0)
(-0.0107903 -0.0804994 0)
(-0.0109196 -0.0683434 0)
(-0.010828 -0.0561068 0)
(-0.010577 -0.0437967 0)
(-0.0102219 -0.0314125 0)
(-0.00981062 -0.0189356 0)
(-0.00938337 -0.00632196 0)
(-0.00897301 0.00650356 0)
(-0.00860529 0.0196486 0)
(-0.00829596 0.0332499 0)
(-0.00804931 0.0474649 0)
(-0.00785593 0.0624559 0)
(-0.00768856 0.078364 0)
(-0.00749893 0.0952718 0)
(-0.0072158 0.113154 0)
(-0.00674635 0.131817 0)
(-0.00598337 0.150841 0)
(-0.0048201 0.169533 0)
(-0.00317303 0.186921 0)
(-0.00100967 0.201813 0)
(0.00162536 0.21293 0)
(0.00459984 0.219116 0)
(0.00770583 0.219568 0)
(0.0106929 0.214019 0)
(0.0133209 0.202794 0)
(0.0154099 0.186724 0)
(0.0168706 0.166953 0)
(0.0177064 0.1447 0)
(0.0179907 0.121062 0)
(0.0178341 0.096901 0)
(0.0173513 0.0728046 0)
(0.0166382 0.0491224 0)
(0.0157585 0.0260258 0)
(0.0147462 0.00357384 0)
(0.0136013 -0.0182337 0)
(0.0123013 -0.0394173 0)
(0.010816 -0.0599949 0)
(0.00911254 -0.0799585 0)
(0.00717362 -0.0992388 0)
(0.00501825 -0.117635 0)
(0.00272586 -0.134689 0)
(0.000459695 -0.149483 0)
(-0.00152485 -0.160396 0)
(-0.00290972 -0.164882 0)
(-0.00339602 -0.15944 0)
(-0.00288809 -0.13991 0)
(-0.00153011 -0.102076 0)
(-0.000326613 -0.0423604 0)
(0.000219498 -0.0404397 0)
(0.000781044 -0.0965936 0)
(0.00101968 -0.131701 0)
(0.000354834 -0.149899 0)
(-0.0011986 -0.15574 0)
(-0.00340331 -0.153451 0)
(-0.00590517 -0.146387 0)
(-0.00837363 -0.136835 0)
(-0.0105679 -0.126131 0)
(-0.0123542 -0.114935 0)
(-0.0136887 -0.103509 0)
(-0.0145893 -0.0919248 0)
(-0.0151083 -0.0801883 0)
(-0.0153122 -0.0682987 0)
(-0.0152699 -0.0562634 0)
(-0.0150457 -0.044095 0)
(-0.0146969 -0.0317998 0)
(-0.0142732 -0.0193672 0)
(-0.0138158 -0.00676058 0)
(-0.0133578 0.00608679 0)
(-0.0129242 0.0192735 0)
(-0.0125292 0.0329255 0)
(-0.0121737 0.0471867 0)
(-0.0118437 0.0622029 0)
(-0.011506 0.0780952 0)
(-0.0111059 0.0949242 0)
(-0.0105659 0.112642 0)
(-0.00978815 0.131039 0)
(-0.00866312 0.14969 0)
(-0.00708527 0.167914 0)
(-0.0049762 0.184779 0)
(-0.00231162 0.199158 0)
(0.000854593 0.209856 0)
(0.00438054 0.215798 0)
(0.00805034 0.216239 0)
(0.0116073 0.210929 0)
(0.0148037 0.200158 0)
(0.0174494 0.184682 0)
(0.0194418 0.165555 0)
(0.0207692 0.143914 0)
(0.0214916 0.120803 0)
(0.0217093 0.0970577 0)
(0.0215315 0.0732737 0)
(0.021053 0.0498231 0)
(0.0203401 0.0269085 0)
(0.0194304 0.00461998 0)
(0.0183287 -0.0170167 0)
(0.0170157 -0.0380039 0)
(0.015462 -0.0583521 0)
(0.0136331 -0.0780588 0)
(0.0115059 -0.0970788 0)
(0.00908961 -0.115259 0)
(0.00645116 -0.132211 0)
(0.00374253 -0.147109 0)
(0.00121534 -0.158416 0)
(-0.000798789 -0.163622 0)
(-0.00195803 -0.159135 0)
(-0.00208471 -0.140546 0)
(-0.00124568 -0.103234 0)
(-0.000296781 -0.0431672 0)
(0.000187208 -0.0408404 0)
(0.000494874 -0.096844 0)
(0.000232052 -0.131216 0)
(-0.00102698 -0.148495 0)
(-0.00319779 -0.153567 0)
(-0.00597615 -0.150832 0)
(-0.00897609 -0.143677 0)
(-0.0118567 -0.134321 0)
(-0.0143831 -0.123996 0)
(-0.0164339 -0.113262 0)
(-0.0179784 -0.102304 0)
(-0.0190451 -0.0911478 0)
(-0.0196937 -0.0797762 0)
(-0.019996 -0.0681815 0)
(-0.0200239 -0.056373 0)
(-0.0198439 -0.0443694 0)
(-0.019515 -0.0321848 0)
(-0.0190882 -0.0198166 0)
(-0.0186056 -0.00723671 0)
(-0.0181005 0.00561273 0)
(-0.0175977 0.0188202 0)
(-0.0171094 0.0324994 0)
(-0.0166335 0.0467796 0)
(-0.0161518 0.0617887 0)
(-0.0156257 0.0776272 0)
(-0.0149947 0.094333 0)
(-0.0141758 0.111838 0)
(-0.0130673 0.129916 0)
(-0.0115585 0.14814 0)
(-0.00954604 0.165847 0)
(-0.00695729 0.182147 0)
(-0.00377627 0.19598 0)
(-6.55697e-05 0.206235 0)
(0.00402459 0.211916 0)
(0.00827124 0.212337 0)
(0.0124127 0.207262 0)
(0.0161942 0.19695 0)
(0.019416 0.182086 0)
(0.021962 0.163634 0)
(0.0238051 0.142651 0)
(0.0249903 0.120124 0)
(0.0256064 0.0968634 0)
(0.0257557 0.0734631 0)
(0.0255306 0.0503153 0)
(0.024999 0.0276509 0)
(0.0242019 0.00558973 0)
(0.0231488 -0.0158161 0)
(0.0218244 -0.0365499 0)
(0.0202014 -0.0566116 0)
(0.018245 -0.0760015 0)
(0.015928 -0.0946942 0)
(0.0132511 -0.112579 0)
(0.0102695 -0.12934 0)
(0.00712268 -0.144245 0)
(0.00405664 -0.155853 0)
(0.00141364 -0.161706 0)
(-0.000429697 -0.158165 0)
(-0.00121609 -0.140594 0)
(-0.000931249 -0.103978 0)
(-0.000261689 -0.0438168 0)
(0.000149342 -0.0410816 0)
(0.000178059 -0.0966891 0)
(-0.000620929 -0.130171 0)
(-0.00250052 -0.146474 0)
(-0.0053082 -0.15079 0)
(-0.00867466 -0.147671 0)
(-0.0121861 -0.140505 0)
(-0.0154953 -0.131426 0)
(-0.0183749 -0.121553 0)
(-0.0207158 -0.111339 0)
(-0.0224988 -0.100898 0)
(-0.0237612 -0.090209 0)
(-0.0245685 -0.0792369 0)
(-0.0249958 -0.0679681 0)
(-0.0251172 -0.0564152 0)
(-0.0250008 -0.0446036 0)
(-0.0247067 -0.0325553 0)
(-0.0242871 -0.0202763 0)
(-0.0237849 -0.00774733 0)
(-0.0232337 0.00507988 0)
(-0.0226577 0.0182827 0)
(-0.0220675 0.0319615 0)
(-0.0214584 0.0462295 0)
(-0.020808 0.0611958 0)
(-0.020073 0.0769392 0)
(-0.019188 0.0934757 0)
(-0.0180655 0.110717 0)
(-0.0166012 0.128424 0)
(-0.0146844 0.14617 0)
(-0.0122151 0.163314 0)
(-0.00912715 0.179009 0)
(-0.00541288 0.192265 0)
(-0.00114335 0.202052 0)
(0.00352407 0.207457 0)
(0.00836047 0.207846 0)
(0.0131 0.203003 0)
(0.0174822 0.193152 0)
(0.021298 0.178914 0)
(0.0244181 0.161167 0)
(0.0267994 0.140888 0)
(0.0284715 0.119004 0)
(0.0295102 0.0962947 0)
(0.0300092 0.0733518 0)
(0.0300574 0.0505816 0)
(0.0297229 0.0282399 0)
(0.0290497 0.00647477 0)
(0.028052 -0.0146361 0)
(0.0267188 -0.0350556 0)
(0.0250259 -0.0547719 0)
(0.0229398 -0.0737845 0)
(0.0204308 -0.0920838 0)
(0.0174929 -0.109599 0)
(0.0141702 -0.126081 0)
(0.0105897 -0.140894 0)
(0.00698871 -0.152706 0)
(0.003717 -0.159134 0)
(0.00118217 -0.156513 0)
(-0.000284401 -0.140025 0)
(-0.000586725 -0.104278 0)
(-0.000221083 -0.0442923 0)
(0.000105355 -0.0411459 0)
(-0.000169515 -0.0960979 0)
(-0.00153688 -0.128538 0)
(-0.00406112 -0.14381 0)
(-0.00752261 -0.147393 0)
(-0.01149 -0.143953 0)
(-0.015527 -0.136855 0)
(-0.0192835 -0.128131 0)
(-0.022541 -0.118775 0)
(-0.0252014 -0.109138 0)
(-0.0272553 -0.0992584 0)
(-0.0287466 -0.0890776 0)
(-0.0297445 -0.0785411 0)
(-0.0303261 -0.0676322 0)
(-0.0305665 -0.0563676 0)
(-0.0305348 -0.0447794 0)
(-0.030292 -0.0328981 0)
(-0.029891 -0.020738 0)
(-0.0293756 -0.00828901 0)
(-0.0287793 0.00448668 0)
(-0.0281258 0.0176545 0)
(-0.0274246 0.0313004 0)
(-0.0266681 0.0455207 0)
(-0.0258304 0.0604043 0)
(-0.0248642 0.0760085 0)
(-0.0236999 0.0923272 0)
(-0.0222469 0.109253 0)
(-0.0203995 0.126537 0)
(-0.0180486 0.143756 0)
(-0.0150986 0.160291 0)
(-0.0114906 0.175346 0)
(-0.00722548 0.187995 0)
(-0.00238263 0.197295 0)
(0.00287466 0.202408 0)
(0.00831267 0.202756 0)
(0.0136624 0.198137 0)
(0.0186586 0.188749 0)
(0.0230837 0.175149 0)
(0.0267958 0.158133 0)
(0.029736 0.1386 0)
(0.0319173 0.117416 0)
(0.0334017 0.0953283 0)
(0.0342728 0.0729184 0)
(0.0346145 0.0506036 0)
(0.0344941 0.0286614 0)
(0.0339575 0.00726534 0)
(0.0330233 -0.0134818 0)
(0.0316852 -0.0335227 0)
(0.0299229 -0.0528318 0)
(0.0277054 -0.0714055 0)
(0.0250023 -0.0892462 0)
(0.0218025 -0.106317 0)
(0.0181405 -0.122435 0)
(0.0141306 -0.137062 0)
(0.0100001 -0.148979 0)
(0.00610156 -0.1559 0)
(0.00286933 -0.154169 0)
(0.000706321 -0.138815 0)
(-0.000212481 -0.104103 0)
(-0.00017465 -0.0445767 0)
(5.51262e-05 -0.0410155 0)
(-0.000546765 -0.0950422 0)
(-0.00251121 -0.12629 0)
(-0.0056998 -0.140487 0)
(-0.00982768 -0.143362 0)
(-0.0144065 -0.139664 0)
(-0.0189829 -0.13271 0)
(-0.0232071 -0.124411 0)
(-0.0268696 -0.115634 0)
(-0.0298822 -0.106624 0)
(-0.0322427 -0.0973519 0)
(-0.0339988 -0.0877193 0)
(-0.0352217 -0.0776568 0)
(-0.0359889 -0.0671454 0)
(-0.0363756 -0.0562058 0)
(-0.0364513 -0.0448774 0)
(-0.0362774 -0.0331985 0)
(-0.0359074 -0.0211922 0)
(-0.0353857 -0.0088578 0)
(-0.0347458 0.00383166 0)
(-0.0340108 0.0169288 0)
(-0.0331889 0.0305042 0)
(-0.0322699 0.0446361 0)
(-0.0312251 0.059393 0)
(-0.0300039 0.0748102 0)
(-0.0285334 0.0908603 0)
(-0.0267213 0.107419 0)
(-0.0244623 0.124228 0)
(-0.0216499 0.140872 0)
(-0.0181946 0.156757 0)
(-0.0140454 0.171137 0)
(-0.00921211 0.183156 0)
(-0.00378211 0.191949 0)
(0.00207617 0.196757 0)
(0.00812563 0.197054 0)
(0.0140948 0.192653 0)
(0.0197151 0.183728 0)
(0.0247616 0.170776 0)
(0.0290802 0.154515 0)
(0.0325965 0.135768 0)
(0.0353068 0.11534 0)
(0.037258 0.0939418 0)
(0.0385227 0.0721416 0)
(0.039178 0.0503625 0)
(0.039289 0.0288999 0)
(0.0389027 0.00795037 0)
(0.0380416 -0.0123601 0)
(0.0367041 -0.0319539 0)
(0.0348745 -0.0507912 0)
(0.0325251 -0.0688629 0)
(0.0296264 -0.0861799 0)
(0.0261641 -0.102736 0)
(0.0221645 -0.118407 0)
(0.01773 -0.132752 0)
(0.0130764 -0.144675 0)
(0.00855591 -0.152003 0)
(0.00462363 -0.151121 0)
(0.00175086 -0.136945 0)
(0.000190173 -0.103426 0)
(-0.000122112 -0.0446533 0)
(-1.27839e-06 -0.0406739 0)
(-0.000951325 -0.0934958 0)
(-0.0035361 -0.123407 0)
(-0.00740223 -0.13649 0)
(-0.0122035 -0.138688 0)
(-0.0174008 -0.134795 0)
(-0.0225291 -0.128052 0)
(-0.0272417 -0.120242 0)
(-0.0313381 -0.112099 0)
(-0.0347376 -0.103764 0)
(-0.0374423 -0.0951411 0)
(-0.0395013 -0.0860978 0)
(-0.0409854 -0.0765502 0)
(-0.041971 -0.0664774 0)
(-0.0425327 -0.0559043 0)
(-0.0427395 -0.0448769 0)
(-0.0426533 -0.0334412 0)
(-0.0423277 -0.0216289 0)
(-0.0418075 -0.00944917 0)
(-0.0411259 0.00311363 0)
(-0.0403054 0.0160986 0)
(-0.0393529 0.0295602 0)
(-0.0382561 0.043558 0)
(-0.0369838 0.0581396 0)
(-0.0354829 0.0733185 0)
(-0.0336786 0.0890468 0)
(-0.0314783 0.105184 0)
(-0.0287784 0.121469 0)
(-0.0254772 0.137491 0)
(-0.0214923 0.152689 0)
(-0.0167816 0.166364 0)
(-0.0113641 0.177731 0)
(-0.00533485 0.186003 0)
(0.00113306 0.190496 0)
(0.00780064 0.190733 0)
(0.014395 0.186543 0)
(0.0206455 0.17808 0)
(0.0263208 0.165783 0)
(0.0312559 0.150299 0)
(0.0353612 0.132375 0)
(0.0386165 0.112757 0)
(0.0410528 0.0921149 0)
(0.0427304 0.0710012 0)
(0.0437182 0.0498398 0)
(0.0440779 0.0289397 0)
(0.0438565 0.00851755 0)
(0.0430795 -0.0112793 0)
(0.0417499 -0.030354 0)
(0.0398568 -0.0486518 0)
(0.0373769 -0.0661565 0)
(0.0342826 -0.0828842 0)
(0.0305582 -0.0988543 0)
(0.0262234 -0.114 0)
(0.0213698 -0.127972 0)
(0.016201 -0.139803 0)
(0.0110659 -0.147448 0)
(0.00643529 -0.147363 0)
(0.00284363 -0.134395 0)
(0.000619361 -0.102226 0)
(-6.36124e-05 -0.0445057 0)
(-6.36338e-05 -0.0401057 0)
(-0.00137917 -0.0914379 0)
(-0.0045998 -0.119873 0)
(-0.0091485 -0.131813 0)
(-0.0146231 -0.133366 0)
(-0.0204407 -0.129337 0)
(-0.0261307 -0.122867 0)
(-0.0313514 -0.1156 0)
(-0.0359104 -0.108137 0)
(-0.0397322 -0.100519 0)
(-0.0428199 -0.0925874 0)
(-0.045221 -0.0841753 0)
(-0.0470035 -0.0751862 0)
(-0.0482414 -0.065597 0)
(-0.0490077 -0.0554362 0)
(-0.0493706 -0.0447559 0)
(-0.0493915 -0.0336095 0)
(-0.0491245 -0.0220371 0)
(-0.0486142 -0.010058 0)
(-0.0478935 0.00233178 0)
(-0.046984 0.0151571 0)
(-0.0458914 0.0284558 0)
(-0.0446015 0.0422684 0)
(-0.0430814 0.0566214 0)
(-0.0412761 0.071507 0)
(-0.0391106 0.0868581 0)
(-0.0364933 0.102521 0)
(-0.0333243 0.11823 0)
(-0.0295081 0.133588 0)
(-0.0249708 0.148063 0)
(-0.0196804 0.161009 0)
(-0.0136653 0.171708 0)
(-0.00702789 0.179449 0)
(5.47753e-05 0.183617 0)
(0.0073429 0.183788 0)
(0.0145634 0.179804 0)
(0.0214449 0.1718 0)
(0.027751 0.160164 0)
(0.033307 0.145475 0)
(0.0380091 0.128408 0)
(0.0418204 0.109651 0)
(0.044756 0.0898304 0)
(0.0468628 0.0694789 0)
(0.0482003 0.0490175 0)
(0.0488253 0.0287647 0)
(0.0487836 0.00895364 0)
(0.0481029 -0.0102495 0)
(0.0467904 -0.0287295 0)
(0.0448399 -0.0464171 0)
(0.042233 -0.0632877 0)
(0.0389453 -0.0793602 0)
(0.0349607 -0.0946753 0)
(0.0302944 -0.109217 0)
(0.0250284 -0.122729 0)
(0.0193543 -0.13437 0)
(0.013615 -0.14224 0)
(0.00829209 -0.142895 0)
(0.00397773 -0.131154 0)
(0.00107277 -0.10048 0)
(6.60915e-07 -0.0441192 0)
(-0.000131319 -0.0392982 0)
(-0.00182434 -0.0888545 0)
(-0.00568656 -0.115684 0)
(-0.0109129 -0.126458 0)
(-0.0170517 -0.127399 0)
(-0.023485 -0.123285 0)
(-0.0297414 -0.117141 0)
(-0.0354867 -0.110461 0)
(-0.0405354 -0.103717 0)
(-0.0448139 -0.0968536 0)
(-0.048323 -0.0896515 0)
(-0.0511054 -0.0819133 0)
(-0.0532239 -0.0735287 0)
(-0.0547486 -0.064472 0)
(-0.0557498 -0.054774 0)
(-0.0562941 -0.0444919 0)
(-0.0564426 -0.0336861 0)
(-0.056249 -0.0224052 0)
(-0.0557579 -0.0106784 0)
(-0.0550012 0.00148592 0)
(-0.0539999 0.0140981 0)
(-0.0527584 0.0271789 0)
(-0.0512611 0.0407496 0)
(-0.0494735 0.054816 0)
(-0.0473405 0.0693499 0)
(-0.0447878 0.0842665 0)
(-0.0417266 0.0994008 0)
(-0.0380625 0.114486 0)
(-0.0337079 0.12914 0)
(-0.0285989 0.142863 0)
(-0.0227143 0.155059 0)
(-0.0160921 0.165077 0)
(-0.0088419 0.17228 0)
(-0.00114418 0.17612 0)
(0.00676165 0.17622 0)
(0.0146036 0.172437 0)
(0.0221108 0.164889 0)
(0.0290434 0.153919 0)
(0.0352182 0.140041 0)
(0.0405183 0.123862 0)
(0.0448909 0.106012 0)
(0.0483349 0.087075 0)
(0.0508832 0.0675596 0)
(0.0525848 0.0478798 0)
(0.0534901 0.0283595 0)
(0.0536428 0.00924477 0)
(0.0530715 -0.0092819 0)
(0.0517871 -0.0270891 0)
(0.0497876 -0.0440933 0)
(0.0470599 -0.0602607 0)
(0.0435831 -0.0756109 0)
(0.0393426 -0.0902025 0)
(0.0343503 -0.104066 0)
(0.0286805 -0.117031 0)
(0.022513 -0.128387 0)
(0.0161834 -0.136389 0)
(0.0101793 -0.137719 0)
(0.00514433 -0.127215 0)
(0.00154738 -0.0981726 0)
(7.05668e-05 -0.0434799 0)
(-0.000203281 -0.0382427 0)
(-0.00227884 -0.0857404 0)
(-0.00677665 -0.110845 0)
(-0.0126638 -0.120436 0)
(-0.0194473 -0.120799 0)
(-0.0264823 -0.116645 0)
(-0.0333028 -0.110865 0)
(-0.0395836 -0.104805 0)
(-0.0451447 -0.098809 0)
(-0.0499113 -0.092731 0)
(-0.0538782 -0.086295 0)
(-0.05708 -0.0792734 0)
(-0.0595718 -0.0715418 0)
(-0.0614178 -0.0630699 0)
(-0.0626844 -0.0538895 0)
(-0.0634362 -0.0440617 0)
(-0.0637334 -0.0336533 0)
(-0.0636289 -0.0227208 0)
(-0.0631669 -0.0113039 0)
(-0.0623785 0.000576698 0)
(-0.0612838 0.0129162 0)
(-0.0598859 0.0257184 0)
(-0.0581682 0.0389853 0)
(-0.0560958 0.0527029 0)
(-0.053614 0.0668236 0)
(-0.050651 0.0812468 0)
(-0.0471225 0.0957986 0)
(-0.0429413 0.110214 0)
(-0.0380294 0.124127 0)
(-0.0323343 0.137071 0)
(-0.0258461 0.148503 0)
(-0.0186131 0.157835 0)
(-0.0107512 0.164498 0)
(-0.00244415 0.168009 0)
(0.00607023 0.168035 0)
(0.0145222 0.164451 0)
(0.0226429 0.157357 0)
(0.0301904 0.147055 0)
(0.0369746 0.134 0)
(0.0428668 0.118737 0)
(0.0477991 0.101836 0)
(0.0517547 0.0838406 0)
(0.0547517 0.0652318 0)
(0.0568279 0.0464132 0)
(0.0580265 0.0277098 0)
(0.0583873 0.009377 0)
(0.057939 -0.00838937 0)
(0.0566949 -0.0254435 0)
(0.0546573 -0.0416888 0)
(0.0518174 -0.0570821 0)
(0.0481589 -0.0716419 0)
(0.043669 -0.0854417 0)
(0.0383587 -0.0985541 0)
(0.0322958 -0.11089 0)
(0.02565 -0.12187 0)
(0.0187479 -0.129911 0)
(0.0120794 -0.131846 0)
(0.00633256 -0.122576 0)
(0.00203912 -0.0952907 0)
(0.000145757 -0.0425759 0)
(-0.000278013 -0.036935 0)
(-0.00273284 -0.0821007 0)
(-0.00784676 -0.105373 0)
(-0.0143646 -0.113772 0)
(-0.0217603 -0.113586 0)
(-0.029372 -0.109428 0)
(-0.036744 -0.104039 0)
(-0.0435623 -0.0986187 0)
(-0.0496511 -0.0933886 0)
(-0.0549314 -0.0881194 0)
(-0.0593884 -0.082482 0)
(-0.063045 -0.0762187 0)
(-0.0659461 -0.0691897 0)
(-0.0681476 -0.0613581 0)
(-0.0697107 -0.0527541 0)
(-0.0706969 -0.0434415 0)
(-0.0711647 -0.0334921 0)
(-0.071166 -0.0229706 0)
(-0.0707444 -0.0119268 0)
(-0.0699301 -0.000394039 0)
(-0.0687419 0.0116075 0)
(-0.0671822 0.0240649 0)
(-0.0652338 0.0369615 0)
(-0.0628623 0.0502641 0)
(-0.0600147 0.0639076 0)
(-0.0566229 0.0777778 0)
(-0.0526091 0.091694 0)
(-0.0478947 0.105396 0)
(-0.0424131 0.118535 0)
(-0.036124 0.130681 0)
(-0.0290299 0.141338 0)
(-0.0211892 0.149982 0)
(-0.0127242 0.156108 0)
(-0.00382057 0.159294 0)
(0.00528595 0.159249 0)
(0.0143291 0.155861 0)
(0.0230434 0.149219 0)
(0.0311864 0.139586 0)
(0.0385625 0.127364 0)
(0.0450329 0.113039 0)
(0.0505159 0.0971257 0)
(0.054979 0.0801248 0)
(0.0584262 0.062489 0)
(0.0608832 0.0446076 0)
(0.0623847 0.0268032 0)
(0.0629656 0.00933692 0)
(0.0626536 -0.0075852 0)
(0.0614632 -0.0238052 0)
(0.0593998 -0.0392145 0)
(0.0564589 -0.0537612 0)
(0.0526282 -0.0674615 0)
(0.0478983 -0.0804014 0)
(0.0422804 -0.0926919 0)
(0.0358383 -0.104322 0)
(0.0287329 -0.114837 0)
(0.021281 -0.122825 0)
(0.0139713 -0.125291 0)
(0.00752916 -0.117243 0)
(0.00254276 -0.0918287 0)
(0.000225649 -0.0413977 0)
(-0.000353589 -0.0353771 0)
(-0.00317495 -0.0779528 0)
(-0.00887083 -0.0992998 0)
(-0.0159745 -0.106505 0)
(-0.0239355 -0.105798 0)
(-0.0320845 -0.10166 0)
(-0.0399818 -0.0966744 0)
(-0.0473268 -0.0918977 0)
(-0.0539472 -0.0874394 0)
(-0.0597576 -0.0829931 0)
(-0.0647301 -0.0781807 0)
(-0.0688728 -0.0727147 0)
(-0.0722167 -0.066438 0)
(-0.0748075 -0.059304 0)
(-0.0766987 -0.0513387 0)
(-0.0779475 -0.0426063 0)
(-0.0786095 -0.0331827 0)
(-0.0787354 -0.0231399 0)
(-0.0783673 -0.0125378 0)
(-0.077535 -0.00142262 0)
(-0.076256 0.0101705 0)
(-0.0745323 0.0222122 0)
(-0.072347 0.0346676 0)
(-0.0696668 0.047486 0)
(-0.0664417 0.0605867 0)
(-0.0626091 0.073844 0)
(-0.058099 0.0870732 0)
(-0.0528433 0.100021 0)
(-0.0467877 0.112358 0)
(-0.0399056 0.12369 0)
(-0.0322118 0.133568 0)
(-0.0237751 0.141528 0)
(-0.0147235 0.147126 0)
(-0.0052444 0.149995 0)
(0.00442969 0.149881 0)
(0.0140372 0.14669 0)
(0.0233169 0.140497 0)
(0.0320274 0.131534 0)
(0.0399696 0.120153 0)
(0.0469959 0.106784 0)
(0.0530122 0.0918914 0)
(0.0579717 0.0759324 0)
(0.0618637 0.0593302 0)
(0.064702 0.0424572 0)
(0.0665119 0.0256303 0)
(0.0673224 0.00911252 0)
(0.0671585 -0.00688267 0)
(0.0660351 -0.0221876 0)
(0.0639592 -0.0366832 0)
(0.0609298 -0.0503094 0)
(0.0569389 -0.0630804 0)
(0.0519808 -0.0750931 0)
(0.0460688 -0.0864932 0)
(0.039265 -0.0973426 0)
(0.0317232 -0.107311 0)
(0.0237504 -0.115157 0)
(0.0158303 -0.118078 0)
(0.00871821 -0.111231 0)
(0.00305173 -0.0877877 0)
(0.000309384 -0.039939 0)
(-0.000427759 -0.0335777 0)
(-0.00359289 -0.0733268 0)
(-0.00982141 -0.0926729 0)
(-0.0174505 -0.0986881 0)
(-0.0259134 -0.0974845 0)
(-0.0345432 -0.0933804 0)
(-0.0429218 -0.0887971 0)
(-0.0507652 -0.084653 0)
(-0.0579052 -0.0809575 0)
(-0.0642483 -0.0773361 0)
(-0.0697512 -0.0733663 0)
(-0.074404 -0.0687312 0)
(-0.0782209 -0.0632539 0)
(-0.0812336 -0.0568748 0)
(-0.0834857 -0.0496127 0)
(-0.0850274 -0.0415293 0)
(-0.0859104 -0.0327028 0)
(-0.0861827 -0.0232116 0)
(-0.0858852 -0.0131252 0)
(-0.0850467 -0.00250226 0)
(-0.0836839 0.00860726 0)
(-0.0817989 0.0201578 0)
(-0.0793758 0.0320981 0)
(-0.0763836 0.0443611 0)
(-0.072777 0.0568525 0)
(-0.0684998 0.0694377 0)
(-0.0634916 0.0819309 0)
(-0.0576961 0.0940869 0)
(-0.0510725 0.105599 0)
(-0.0436082 0.116106 0)
(-0.0353311 0.125207 0)
(-0.0263197 0.132492 0)
(-0.0167076 0.137575 0)
(-0.0066829 0.140137 0)
(0.00352542 0.139962 0)
(0.0136618 0.136969 0)
(0.0234701 0.131226 0)
(0.0327118 0.122932 0)
(0.0411855 0.112395 0)
(0.0487368 0.0999967 0)
(0.0552606 0.0861513 0)
(0.0606967 0.0712753 0)
(0.065021 0.055761 0)
(0.0682346 0.0399618 0)
(0.0703532 0.0241856 0)
(0.0713987 0.00869442 0)
(0.0713921 -0.00629369 0)
(0.0703471 -0.0206037 0)
(0.0682713 -0.034108 0)
(0.0651664 -0.0467397 0)
(0.0610283 -0.0585116 0)
(0.0558561 -0.0695307 0)
(0.049667 -0.0799754 0)
(0.0425237 -0.0899761 0)
(0.0345749 -0.099321 0)
(0.0261176 -0.10694 0)
(0.0176272 -0.11024 0)
(0.0098809 -0.104564 0)
(0.00355807 -0.0831773 0)
(0.000395785 -0.0381974 0)
(-0.00049812 -0.0315527 0)
(-0.00397438 -0.0682663 0)
(-0.0106715 -0.0855543 0)
(-0.0187498 -0.0903918 0)
(-0.0276335 -0.0887145 0)
(-0.0366673 -0.0846505 0)
(-0.0454612 -0.0804533 0)
(-0.0537517 -0.0769145 0)
(-0.0613771 -0.0739565 0)
(-0.0682362 -0.071147 0)
(-0.0742691 -0.0680246 0)
(-0.0794454 -0.0642443 0)
(-0.0837592 -0.0596075 0)
(-0.0872245 -0.054038 0)
(-0.0898715 -0.0475436 0)
(-0.0917403 -0.0401802 0)
(-0.0928761 -0.032026 0)
(-0.0933228 -0.0231639 0)
(-0.093119 -0.0136721 0)
(-0.0922925 -0.00362107 0)
(-0.0908596 0.0069252 0)
(-0.0888232 0.017906 0)
(-0.0861694 0.0292544 0)
(-0.0828708 0.0408895 0)
(-0.0788878 0.0527053 0)
(-0.0741726 0.0645611 0)
(-0.0686755 0.076272 0)
(-0.0623531 0.0876038 0)
(-0.0551791 0.098272 0)
(-0.0471552 0.107949 0)
(-0.0383222 0.116279 0)
(-0.0287681 0.122903 0)
(-0.0186317 0.127487 0)
(-0.0081008 0.129757 0)
(0.00259946 0.129531 0)
(0.0132204 0.126741 0)
(0.0235122 0.121444 0)
(0.0332399 0.113817 0)
(0.0422018 0.104127 0)
(0.0502383 0.0927093 0)
(0.0572349 0.0799326 0)
(0.0631195 0.0661737 0)
(0.067855 0.0517944 0)
(0.0714305 0.0371273 0)
(0.0738512 0.0224689 0)
(0.0751312 0.00807747 0)
(0.0752861 -0.00582703 0)
(0.074327 -0.0190646 0)
(0.0722612 -0.0315012 0)
(0.0690923 -0.0430651 0)
(0.0648202 -0.0537692 0)
(0.0594502 -0.0637312 0)
(0.0530052 -0.0731603 0)
(0.045551 -0.0822509 0)
(0.037233 -0.0909037 0)
(0.0283375 -0.0982185 0)
(0.0193282 -0.10182 0)
(0.0109954 -0.0972762 0)
(0.0040523 -0.0780169 0)
(0.000483333 -0.0361753 0)
(-0.000562382 -0.0293247 0)
(-0.00430837 -0.0628269 0)
(-0.0113969 -0.0780211 0)
(-0.0198328 -0.0817036 0)
(-0.0290375 -0.0795771 0)
(-0.0383759 -0.0755528 0)
(-0.0474923 -0.0717141 0)
(-0.0561501 -0.0687377 0)
(-0.0641981 -0.0664736 0)
(-0.0715303 -0.0644444 0)
(-0.0780707 -0.062157 0)
(-0.0837676 -0.0592407 0)
(-0.0885919 -0.0554741 0)
(-0.0925365 -0.0507615 0)
(-0.0956131 -0.0450958 0)
(-0.097848 -0.0385235 0)
(-0.0992759 -0.0311191 0)
(-0.0999341 -0.0229675 0)
(-0.0998573 -0.0141539 0)
(-0.0990716 -0.00475898 0)
(-0.0975931 0.0051404 0)
(-0.0954259 0.0154695 0)
(-0.0925597 0.0261477 0)
(-0.0889718 0.0370817 0)
(-0.0846299 0.0481566 0)
(-0.0794959 0.0592277 0)
(-0.073532 0.0701136 0)
(-0.0667089 0.0805925 0)
(-0.059015 0.0904027 0)
(-0.0504666 0.0992497 0)
(-0.0411172 0.10682 0)
(-0.0310637 0.1128 0)
(-0.0204494 0.116905 0)
(-0.00946152 0.118901 0)
(0.00167935 0.118636 0)
(0.012732 0.116052 0)
(0.0234534 0.111203 0)
(0.0336137 0.10424 0)
(0.0430119 0.0953958 0)
(0.0514849 0.0849637 0)
(0.0589106 0.073271 0)
(0.0652062 0.0606567 0)
(0.0703227 0.0474519 0)
(0.0742372 0.0339677 0)
(0.0769444 0.0204874 0)
(0.0784496 0.00726315 0)
(0.0787623 -0.00548575 0)
(0.0778897 -0.0175767 0)
(0.0758383 -0.028872 0)
(0.0726134 -0.0392975 0)
(0.06822 -0.0488686 0)
(0.0626707 -0.0577151 0)
(0.055997 -0.0660758 0)
(0.0482695 -0.0742044 0)
(0.0396314 -0.0821065 0)
(0.0303573 -0.0890462 0)
(0.0208945 -0.0928741 0)
(0.0120371 -0.0894171 0)
(0.00452361 -0.0723369 0)
(0.000570183 -0.0338808 0)
(-0.000618723 -0.0269224 0)
(-0.00458648 -0.0570749 0)
(-0.0119788 -0.0701635 0)
(-0.0206673 -0.0727277 0)
(-0.0300742 -0.0701826 0)
(-0.0395928 -0.0661965 0)
(-0.0489085 -0.0626811 0)
(-0.0578193 -0.06021 0)
(-0.0661912 -0.0585774 0)
(-0.0739191 -0.0572751 0)
(-0.0809145 -0.0557877 0)
(-0.087105 -0.0537232 0)
(-0.0924369 -0.0508383 0)
(-0.0968783 -0.0470162 0)
(-0.100418 -0.0422313 0)
(-0.103062 -0.0365165 0)
(-0.104831 -0.0299388 0)
(-0.105751 -0.0225814 0)
(-0.105849 -0.0145333 0)
(-0.105149 -0.00588296 0)
(-0.103665 0.00328195 0)
(-0.101405 0.0128744 0)
(-0.0983603 0.0228021 0)
(-0.0945161 0.0329617 0)
(-0.0898486 0.0432315 0)
(-0.0843306 0.0534652 0)
(-0.0779375 0.0634868 0)
(-0.0706546 0.0730882 0)
(-0.0624858 0.0820307 0)
(-0.0534617 0.0900515 0)
(-0.0436479 0.0968756 0)
(-0.0331499 0.102233 0)
(-0.0221147 0.105881 0)
(-0.0107287 0.107623 0)
(0.000792527 0.107332 0)
(0.0122155 0.104962 0)
(0.0233045 0.10056 0)
(0.0338356 0.0942567 0)
(0.0436097 0.086255 0)
(0.0524615 0.0768105 0)
(0.0602626 0.066212 0)
(0.0669212 0.0547629 0)
(0.0723771 0.0427651 0)
(0.0765959 0.0305075 0)
(0.0795617 0.0182586 0)
(0.0812707 0.0062629 0)
(0.0817254 -0.0052637 0)
(0.0809293 -0.0161387 0)
(0.0788882 -0.0262236 0)
(0.0756099 -0.0354457 0)
(0.0711067 -0.0438258 0)
(0.065401 -0.0515078 0)
(0.0585344 -0.0587588 0)
(0.0505843 -0.0658863 0)
(0.0416915 -0.0729909 0)
(0.0321156 -0.0794935 0)
(0.0222823 -0.0834742 0)
(0.0129787 -0.0810491 0)
(0.00496014 -0.0661804 0)
(0.00065423 -0.0313286 0)
(-0.000666206 -0.0243781 0)
(-0.00480449 -0.0510836 0)
(-0.0124067 -0.0620824 0)
(-0.0212313 -0.063584 0)
(-0.0307038 -0.0606637 0)
(-0.0402523 -0.0567201 0)
(-0.049611 -0.0534905 0)
(-0.058621 -0.051457 0)
(-0.0671758 -0.0503755 0)
(-0.0751794 -0.0497224 0)
(-0.0825373 -0.0489722 0)
(-0.0891601 -0.047719 0)
(-0.0949704 -0.045701 0)
(-0.0999089 -0.0427805 0)
(-0.103937 -0.0389114 0)
(-0.107036 -0.0341095 0)
(-0.109203 -0.0284296 0)
(-0.11045 -0.0219487 0)
(-0.11079 -0.0147548 0)
(-0.110242 -0.00694084 0)
(-0.108817 0.0013984 0)
(-0.106523 0.0101661 0)
(-0.103358 0.0192609 0)
(-0.0993133 0.0285718 0)
(-0.0943748 0.0379728 0)
(-0.0885278 0.0473182 0)
(-0.0817621 0.0564391 0)
(-0.0740783 0.0651419 0)
(-0.0654958 0.0732103 0)
(-0.0560596 0.0804116 0)
(-0.0458469 0.0865067 0)
(-0.0349713 0.0912649 0)
(-0.0235833 0.09448 0)
(-0.0118677 0.0959887 0)
(-3.52692e-05 0.0956859 0)
(0.0116882 0.0935356 0)
(0.0230746 0.0895799 0)
(0.0339061 0.0839327 0)
(0.0439863 0.0767687 0)
(0.0531489 0.0683103 0)
(0.0612606 0.0588117 0)
(0.0682211 0.0485433 0)
(0.0739602 0.0377787 0)
(0.0784327 0.0267848 0)
(0.0816122 0.0158146 0)
(0.0834861 0.00510249 0)
(0.0840506 -0.0051413 0)
(0.0833063 -0.0147376 0)
(0.0812601 -0.0235515 0)
(0.0779255 -0.0315151 0)
(0.0733245 -0.038659 0)
(0.0674922 -0.0451426 0)
(0.0604828 -0.0512593 0)
(0.0523801 -0.057363 0)
(0.0433201 -0.0636378 0)
(0.0335425 -0.06965 0)
(0.0234434 -0.0737104 0)
(0.0137914 -0.0722521 0)
(0.0053496 -0.0596039 0)
(0.000733289 -0.02854 0)
(-0.000705236 -0.0217254 0)
(-0.00496357 -0.0449293 0)
(-0.0126795 -0.0538857 0)
(-0.0215158 -0.054406 0)
(-0.030901 -0.0511744 0)
(-0.0403043 -0.047292 0)
(-0.0495155 -0.0443161 0)
(-0.0584296 -0.0426478 0)
(-0.0669789 -0.0420214 0)
(-0.075088 -0.0419157 0)
(-0.0826664 -0.0418087 0)
(-0.0896145 -0.0412915 0)
(-0.0958345 -0.0400906 0)
(-0.10124 -0.0380504 0)
(-0.105763 -0.0351047 0)
(-0.109353 -0.0312498 0)
(-0.11198 -0.0265243 0)
(-0.113631 -0.0209937 0)
(-0.114302 -0.01474 0)
(-0.113999 -0.00785449 0)
(-0.112726 -0.000434715 0)
(-0.110491 0.00741702 0)
(-0.107295 0.0155936 0)
(-0.103135 0.0239796 0)
(-0.0980099 0.0324473 0)
(-0.0919165 0.0408537 0)
(-0.08486 0.0490384 0)
(-0.0768569 0.0568226 0)
(-0.0679423 0.064012 0)
(-0.0581754 0.0704019 0)
(-0.0476452 0.0757859 0)
(-0.0364728 0.0799675 0)
(-0.0248119 0.0827742 0)
(-0.0128462 0.0840703 0)
(-0.000781845 0.0837705 0)
(0.0111626 0.0818472 0)
(0.0227664 0.0783384 0)
(0.0338177 0.0733426 0)
(0.0441229 0.0670107 0)
(0.0535152 0.0595357 0)
(0.0618571 0.05114 0)
(0.069041 0.0420641 0)
(0.0749874 0.0325548 0)
(0.0796411 0.022857 0)
(0.0829664 0.0132072 0)
(0.0849435 0.00382731 0)
(0.0855642 -0.00508115 0)
(0.0848294 -0.0133466 0)
(0.0827512 -0.0208419 0)
(0.0793531 -0.0275094 0)
(0.0746712 -0.0333923 0)
(0.0687565 -0.0386663 0)
(0.0616759 -0.0436473 0)
(0.053518 -0.0487255 0)
(0.0444085 -0.0541541 0)
(0.0345589 -0.0596307 0)
(0.0243257 -0.0636954 0)
(0.0144454 -0.0631246 0)
(0.00568011 -0.0526781 0)
(0.000805393 -0.0255437 0)
(-0.000737932 -0.018995 0)
(-0.00507071 -0.0386865 0)
(-0.0128061 -0.0456843 0)
(-0.0215238 -0.0453379 0)
(-0.0306554 -0.0418883 0)
(-0.0397158 -0.0381092 0)
(-0.0485579 -0.0353695 0)
(-0.0571409 -0.033997 0)
(-0.0654484 -0.0337202 0)
(-0.0734392 -0.0340377 0)
(-0.0810389 -0.0344484 0)
(-0.0881477 -0.0345532 0)
(-0.0946549 -0.0340772 0)
(-0.100451 -0.0328538 0)
(-0.105437 -0.0308 0)
(-0.109529 -0.0278927 0)
(-0.112666 -0.0241516 0)
(-0.1148 -0.0196262 0)
(-0.115905 -0.0143862 0)
(-0.115964 -0.00851538 0)
(-0.114971 -0.00210742 0)
(-0.112924 0.00473589 0)
(-0.109826 0.0119064 0)
(-0.10568 0.019288 0)
(-0.100492 0.0267549 0)
(-0.0942732 0.0341692 0)
(-0.0870427 0.0413801 0)
(-0.0788336 0.0482243 0)
(-0.0696967 0.0545283 0)
(-0.0597056 0.0601133 0)
(-0.0489607 0.0648021 0)
(-0.0375911 0.0684288 0)
(-0.0257542 0.0708496 0)
(-0.013633 0.0719532 0)
(-0.00143011 0.0716708 0)
(0.0106421 0.069982 0)
(0.022369 0.0669212 0)
(0.0335439 0.0625737 0)
(0.0439758 0.0570694 0)
(0.0534972 0.0505753 0)
(0.0619667 0.0432859 0)
(0.0692703 0.0354135 0)
(0.0753205 0.0271796 0)
(0.0800537 0.0188071 0)
(0.0834275 0.010514 0)
(0.085418 0.00250726 0)
(0.0860178 -0.00502501 0)
(0.0852333 -0.0119235 0)
(0.0830881 -0.0180746 0)
(0.0796216 -0.023435 0)
(0.0748891 -0.0280627 0)
(0.0689594 -0.032148 0)
(0.0619114 -0.0360221 0)
(0.0538329 -0.0400983 0)
(0.0448309 -0.0446807 0)
(0.0350763 -0.049582 0)
(0.0248734 -0.0535688 0)
(0.0149112 -0.053786 0)
(0.00594114 -0.0454883 0)
(0.000869221 -0.0223741 0)
(-0.00076824 -0.0162113 0)
(-0.00513729 -0.0324245 0)
(-0.0128005 -0.0375901 0)
(-0.0212644 -0.0365321 0)
(-0.0299645 -0.0329955 0)
(-0.0384667 -0.0293936 0)
(-0.0466935 -0.026896 0)
(-0.0546774 -0.0257614 0)
(-0.0624653 -0.0257268 0)
(-0.0700634 -0.0263286 0)
(-0.0774264 -0.0271035 0)
(-0.0844672 -0.0276785 0)
(-0.0910718 -0.0277901 0)
(-0.097115 -0.0272711 0)
(-0.102472 -0.026028 0)
(-0.107029 -0.0240219 0)
(-0.110687 -0.0212539 0)
(-0.113364 -0.0177543 0)
(-0.115 -0.0135759 0)
(-0.11555 -0.00878807 0)
(-0.114987 -0.00347364 0)
(-0.113294 0.00227361 0)
(-0.110469 0.00835066 0)
(-0.106513 0.0146463 0)
(-0.101438 0.0210408 0)
(-0.0952645 0.0274047 0)
(-0.0880264 0.033599 0)
(-0.0797707 0.0394762 0)
(-0.0705636 0.044883 0)
(-0.0604929 0.0496642 0)
(-0.0496707 0.0536688 0)
(-0.0382346 0.0567577 0)
(-0.0263467 0.0588118 0)
(-0.014191 0.0597403 0)
(-0.00196806 0.0594886 0)
(0.0101137 0.0580423 0)
(0.0218439 0.0554325 0)
(0.0330196 0.0517329 0)
(0.0434511 0.0470553 0)
(0.0529697 0.0415435 0)
(0.0614304 0.0353666 0)
(0.0687141 0.0287107 0)
(0.0747272 0.0217722 0)
(0.0794015 0.0147512 0)
(0.0826924 0.0078443 0)
(0.0845783 0.00123907 0)
(0.0850592 -0.00489479 0)
(0.0841553 -0.0104163 0)
(0.0819096 -0.0152302 0)
(0.0783844 -0.019311 0)
(0.0736578 -0.0227311 0)
(0.0678172 -0.0256902 0)
(0.0609491 -0.0285231 0)
(0.0531322 -0.0316486 0)
(0.0444418 -0.0354006 0)
(0.0349941 -0.0396887 0)
(0.0250248 -0.0435023 0)
(0.0151583 -0.0443798 0)
(0.00612381 -0.0381342 0)
(0.000924536 -0.019071 0)
(-0.00080134 -0.0133904 0)
(-0.0051742 -0.0262073 0)
(-0.0126705 -0.0297167 0)
(-0.0207364 -0.0281495 0)
(-0.0288158 -0.024699 0)
(-0.036533 -0.0213849 0)
(-0.0438851 -0.0191643 0)
(-0.0509843 -0.0182297 0)
(-0.057949 -0.0183381 0)
(-0.0648431 -0.0190802 0)
(-0.0716625 -0.0200481 0)
(-0.0783443 -0.0209114 0)
(-0.0847836 -0.0214327 0)
(-0.0908505 -0.0214562 0)
(-0.0964047 -0.0208882 0)
(-0.101306 -0.0196804 0)
(-0.105424 -0.0178185 0)
(-0.108643 -0.0153143 0)
(-0.110865 -0.0122009 0)
(-0.112013 -0.00852859 0)
(-0.11203 -0.0043627 0)
(-0.110875 0.000218569 0)
(-0.108528 0.00512513 0)
(-0.104985 0.0102572 0)
(-0.100255 0.015507 0)
(-0.0943617 0.0207577 0)
(-0.0873468 0.0258855 0)
(-0.0792692 0.0307602 0)
(-0.0702078 0.0352485 0)
(-0.0602632 0.0392175 0)
(-0.0495592 0.0425401 0)
(-0.0382422 0.0451003 0)
(-0.0264805 0.0468006 0)
(-0.014461 0.0475676 0)
(-0.00238493 0.0473582 0)
(0.00954037 0.046163 0)
(0.0211064 0.0440101 0)
(0.0321114 0.0409627 0)
(0.0423656 0.0371164 0)
(0.0516991 0.032594 0)
(0.0599642 0.0275405 0)
(0.067039 0.0221165 0)
(0.0728284 0.0164925 0)
(0.077265 0.0108425 0)
(0.0803095 0.00533821 0)
(0.0819512 0.000141902 0)
(0.0822065 -0.00460119 0)
(0.0811192 -0.00877415 0)
(0.0787592 -0.0123045 0)
(0.0752169 -0.0151846 0)
(0.0705953 -0.0174975 0)
(0.0649974 -0.0194419 0)
(0.0585102 -0.0213405 0)
(0.0511914 -0.0235958 0)
(0.0430704 -0.0265471 0)
(0.0341914 -0.0301813 0)
(0.0247048 -0.0337059 0)
(0.0151499 -0.0350781 0)
(0.00621916 -0.0307324 0)
(0.000972337 -0.0156775 0)
(-0.000841349 -0.0105405 0)
(-0.00517989 -0.0201005 0)
(-0.0123929 -0.0221872 0)
(-0.0198945 -0.0203621 0)
(-0.0271494 -0.0172111 0)
(-0.0338503 -0.0143294 0)
(-0.040072 -0.0124503 0)
(-0.0460072 -0.011702 0)
(-0.0518475 -0.0118716 0)
(-0.0577179 -0.0126184 0)
(-0.063662 -0.0136057 0)
(-0.0696498 -0.014561 0)
(-0.0755964 -0.0152875 0)
(-0.08138 -0.0156535 0)
(-0.0868569 -0.0155757 0)
(-0.0918749 -0.0150054 0)
(-0.0962822 -0.0139196 0)
(-0.0999359 -0.0123154 0)
(-0.102707 -0.0102074 0)
(-0.104484 -0.00762524 0)
(-0.105176 -0.00461303 0)
(-0.104715 -0.00122772 0)
(-0.103054 0.00246113 0)
(-0.100169 0.00637261 0)
(-0.096058 0.0104169 0)
(-0.0907386 0.0144961 0)
(-0.0842517 0.0185056 0)
(-0.0766603 0.0223357 0)
(-0.0680502 0.0258748 0)
(-0.0585309 0.0290124 0)
(-0.0482349 0.0316435 0)
(-0.0373171 0.0336738 0)
(-0.0259524 0.0350243 0)
(-0.0143324 0.0356369 0)
(-0.00266119 0.0354782 0)
(0.00885241 0.0345429 0)
(0.0199992 0.0328554 0)
(0.0305769 0.0304693 0)
(0.0403955 0.0274642 0)
(0.0492845 0.0239427 0)
(0.0570969 0.0200254 0)
(0.0637127 0.015846 0)
(0.069042 0.0115464 0)
(0.0730268 0.00727033 0)
(0.0756426 0.00315862 0)
(0.0768993 -0.000657381 0)
(0.0768389 -0.00406298 0)
(0.0755362 -0.00696997 0)
(0.0730929 -0.00932965 0)
(0.0696286 -0.0111495 0)
(0.0652686 -0.0125146 0)
(0.060125 -0.0136087 0)
(0.0542756 -0.0147216 0)
(0.0477451 -0.0162147 0)
(0.0405028 -0.0184065 0)
(0.0325063 -0.0213397 0)
(0.023804 -0.0244345 0)
(0.0148271 -0.0260888 0)
(0.00621074 -0.0234208 0)
(0.00101371 -0.0122398 0)
(-0.000884522 -0.00767452 0)
(-0.00511488 -0.0141974 0)
(-0.0118679 -0.0151593 0)
(-0.0185905 -0.0133683 0)
(-0.0247921 -0.0107537 0)
(-0.0302487 -0.00846629 0)
(-0.0351113 -0.00701156 0)
(-0.0396445 -0.00645708 0)
(-0.044103 -0.0066291 0)
(-0.0486659 -0.0072667 0)
(-0.0534209 -0.00811704 0)
(-0.0583731 -0.00897762 0)
(-0.0634641 -0.00970332 0)
(-0.0685908 -0.0101966 0)
(-0.0736211 -0.0103942 0)
(-0.0784067 -0.010256 0)
(-0.0827923 -0.00975823 0)
(-0.0866238 -0.00889042 0)
(-0.0897541 -0.00765347 0)
(-0.0920488 -0.0060595 0)
(-0.0933898 -0.00413171 0)
(-0.0936794 -0.00190426 0)
(-0.0928416 0.000577853 0)
(-0.0908269 0.00325868 0)
(-0.08761 0.00607255 0)
(-0.0831924 0.00894642 0)
(-0.0776024 0.0118005 0)
(-0.0708955 0.0145504 0)
(-0.0631543 0.0171092 0)
(-0.0544884 0.0193908 0)
(-0.0450325 0.0213135 0)
(-0.0349449 0.0228038 0)
(-0.024404 0.0238009 0)
(-0.0136046 0.02426 0)
(-0.00275318 0.0241562 0)
(0.00794001 0.0234866 0)
(0.0182653 0.0222718 0)
(0.0280214 0.0205546 0)
(0.0370206 0.0183986 0)
(0.0450967 0.0158842 0)
(0.0521096 0.0131057 0)
(0.0579495 0.0101665 0)
(0.0625409 0.00717498 0)
(0.065845 0.00423969 0)
(0.067861 0.00146476 0)
(0.0686267 -0.00105467 0)
(0.0682151 -0.00323854 0)
(0.0667325 -0.00502868 0)
(0.0643097 -0.00639774 0)
(0.06109 -0.00736157 0)
(0.0572122 -0.00799557 0)
(0.0527884 -0.00845147 0)
(0.0478776 -0.00896418 0)
(0.0424628 -0.00982814 0)
(0.036446 -0.011314 0)
(0.0296913 -0.0134979 0)
(0.0221337 -0.0160014 0)
(0.0140723 -0.0176771 0)
(0.00605381 -0.0163794 0)
(0.00104429 -0.00881488 0)
(-0.000905659 -0.00485399 0)
(-0.00485302 -0.00867786 0)
(-0.0108337 -0.00887945 0)
(-0.0164658 -0.00743013 0)
(-0.0213444 -0.00557537 0)
(-0.0253442 -0.00402419 0)
(-0.0286802 -0.00306601 0)
(-0.0316639 -0.00271902 0)
(-0.0345854 -0.00285732 0)
(-0.0376542 -0.0033073 0)
(-0.0409854 -0.0039062 0)
(-0.0446105 -0.00452701 0)
(-0.0484971 -0.00508095 0)
(-0.0525678 -0.00550941 0)
(-0.056715 -0.00577409 0)
(-0.0608123 -0.0058494 0)
(-0.064722 -0.00571798 0)
(-0.0683017 -0.00536879 0)
(-0.0714092 -0.00479655 0)
(-0.0739073 -0.00400202 0)
(-0.0756689 -0.00299266 0)
(-0.0765803 -0.00178305 0)
(-0.0765458 -0.000395293 0)
(-0.0754906 0.00114036 0)
(-0.0733659 0.00278551 0)
(-0.0701487 0.00449515 0)
(-0.065845 0.00621853 0)
(-0.0604904 0.0079004 0)
(-0.0541507 0.00948278 0)
(-0.0469216 0.0109072 0)
(-0.0389267 0.0121176 0)
(-0.0303156 0.0130632 0)
(-0.0212592 0.0137016 0)
(-0.0119462 0.0140021 0)
(-0.00257662 0.0139482 0)
(0.00664631 0.0135393 0)
(0.0155216 0.0127902 0)
(0.0238578 0.0117304 0)
(0.0314792 0.0104044 0)
(0.0382343 0.00886778 0)
(0.0440009 0.00718462 0)
(0.0486902 0.00542413 0)
(0.0522507 0.00365723 0)
(0.0546696 0.00195329 0)
(0.0559736 0.000377019 0)
(0.056227 -0.00101423 0)
(0.0555283 -0.00217443 0)
(0.0540047 -0.00307234 0)
(0.0518016 -0.00369635 0)
(0.0490703 -0.00406223 0)
(0.0459488 -0.00422405 0)
(0.0425378 -0.00428623 0)
(0.0388721 -0.00440994 0)
(0.0348953 -0.00480029 0)
(0.0304509 -0.00565537 0)
(0.0253209 -0.00705871 0)
(0.0193313 -0.00881091 0)
(0.0126293 -0.0102114 0)
(0.00562946 -0.00987909 0)
(0.00104184 -0.0055087 0)
(-0.000825262 -0.00215183 0)
(-0.00408781 -0.0037517 0)
(-0.00872359 -0.00360023 0)
(-0.0127807 -0.00276713 0)
(-0.0160044 -0.00183367 0)
(-0.0183759 -0.00110086 0)
(-0.0201368 -0.000672036 0)
(-0.0215888 -0.00053415 0)
(-0.0230011 -0.000617781 0)
(-0.024566 -0.000839423 0)
(-0.0263923 -0.0011259 0)
(-0.028518 -0.0014235 0)
(-0.0309292 -0.00169697 0)
(-0.0335764 -0.00192437 0)
(-0.0363868 -0.0020917 0)
(-0.0392724 -0.00218919 0)
(-0.0421348 -0.00220938 0)
(-0.0448691 -0.00214637 0)
(-0.0473663 -0.00199572 0)
(-0.0495169 -0.00175483 0)
(-0.0512138 -0.00142343 0)
(-0.0523557 -0.00100411 0)
(-0.0528511 -0.000502742 0)
(-0.0526216 7.12621e-05 0)
(-0.0516061 0.000704631 0)
(-0.0497644 0.00137988 0)
(-0.0470798 0.00207616 0)
(-0.0435615 0.00276962 0)
(-0.0392461 0.0034341 0)
(-0.0341985 0.00404225 0)
(-0.0285108 0.00456694 0)
(-0.0223005 0.00498298 0)
(-0.015707 0.00526899 0)
(-0.00888674 0.00540912 0)
(-0.00200772 0.00539466 0)
(0.00475796 0.00522535 0)
(0.0112406 0.00490887 0)
(0.017282 0.00446051 0)
(0.0227415 0.00390262 0)
(0.0275023 0.00326245 0)
(0.031476 0.00257044 0)
(0.0346061 0.00185839 0)
(0.0368699 0.00115776 0)
(0.038279 0.000498139 0)
(0.0388776 -9.39287e-05 0)
(0.0387399 -0.000596128 0)
(0.0379661 -0.000991439 0)
(0.0366758 -0.00126888 0)
(0.0349998 -0.00142524 0)
(0.0330688 -0.00146845 0)
(0.0309977 -0.00142298 0)
(0.0288645 -0.00133651 0)
(0.0266836 -0.00128496 0)
(0.0243806 -0.00136932 0)
(0.02178 -0.00169539 0)
(0.0186307 -0.00232702 0)
(0.0146907 -0.00320736 0)
(0.00995459 -0.0040444 0)
(0.00464415 -0.00419698 0)
(0.000930845 -0.00241723 0)
(-0.00043144 -0.000415124 0)
(-0.00213036 -0.000722817 0)
(-0.00441269 -0.000610447 0)
(-0.00617504 -0.00037987 0)
(-0.00736706 -0.000160131 0)
(-0.00804676 -5.20201e-06 0)
(-0.00839288 7.50674e-05 0)
(-0.00859115 9.22682e-05 0)
(-0.00879265 6.59115e-05 0)
(-0.00909784 1.51731e-05 0)
(-0.00955965 -4.52935e-05 0)
(-0.0101949 -0.000106257 0)
(-0.0109969 -0.000162786 0)
(-0.0119446 -0.000212499 0)
(-0.0130085 -0.000254136 0)
(-0.0141535 -0.000286741 0)
(-0.0153402 -0.000309337 0)
(-0.0165256 -0.000320834 0)
(-0.0176637 -0.000320064 0)
(-0.0187061 -0.000305873 0)
(-0.0196031 -0.000277262 0)
(-0.0203052 -0.000233576 0)
(-0.0207643 -0.000174659 0)
(-0.0209363 -0.000100949 0)
(-0.0207823 -1.38185e-05 0)
(-0.020272 8.45257e-05 0)
(-0.0193852 0.000191089 0)
(-0.018114 0.000302039 0)
(-0.0164647 0.000412756 0)
(-0.0144588 0.000517987 0)
(-0.0121334 0.00061212 0)
(-0.00954136 0.00068959 0)
(-0.00674914 0.000745376 0)
(-0.00383462 0.000775458 0)
(-0.000883402 0.000777131 0)
(0.00201709 0.00074952 0)
(0.00478211 0.000694677 0)
(0.00733279 0.000616973 0)
(0.00960085 0.00052174 0)
(0.0115333 0.000414878 0)
(0.0130937 0.000302553 0)
(0.0142639 0.000190796 0)
(0.0150435 8.51748e-05 0)
(0.0154495 -9.425e-06 0)
(0.0155145 -8.88985e-05 0)
(0.0152843 -0.000149997 0)
(0.0148157 -0.000190442 0)
(0.0141731 -0.000208854 0)
(0.013425 -0.000204822 0)
(0.0126395 -0.000179503 0)
(0.0118766 -0.000136904 0)
(0.0111777 -8.58413e-05 0)
(0.0105494 -4.19455e-05 0)
(0.00994572 -2.82978e-05 0)
(0.00925451 -7.25847e-05 0)
(0.00830207 -0.000198323 0)
(0.00688824 -0.000407484 0)
(0.00491498 -0.000650146 0)
(0.00238286 -0.000785445 0)
(0.000486286 -0.000462081 0)
)
;

boundaryField
{
    bottomwall
    {
        type            noSlip;
    }
    topwall
    {
        type            noSlip;
    }
    coldwall
    {
        type            noSlip;
    }
    radinlet
    {
        type            noSlip;
    }
    hotwall
    {
        type            noSlip;
    }
    frontAndback
    {
        type            empty;
    }
}


// ************************************************************************* //
