/*--------------------------------*- C++ -*----------------------------------*\
| =========                 |                                                 |
| \\      /  F ield         | OpenFOAM: The Open Source CFD Toolbox           |
|  \\    /   O peration     | Version:  2312                                  |
|   \\  /    A nd           | Website:  www.openfoam.com                      |
|    \\/     M anipulation  |                                                 |
\*---------------------------------------------------------------------------*/
FoamFile
{
    version     2.0;
    format      ascii;
    arch        "LSB;label=32;scalar=64";
    class       volScalarField;
    location    "0.015";
    object      ILambda_11_0;
}
// * * * * * * * * * * * * * * * * * * * * * * * * * * * * * * * * * * * * * //

dimensions      [1 0 -3 0 0 0 0];

internalField   nonuniform List<scalar> 
900
(
5319.05
12320.5
16141.9
17887.5
18483.2
18542.2
18411.8
18257.3
18137.2
18060
18016.6
17995.1
17986.3
17983.8
17984.1
17985.3
17986.6
17987.7
17988.4
17988.9
17989.3
17989.5
17989.6
17989.6
17989.7
17989.7
17989.7
17989.7
17989.7
17989.7
-572.482
1923.99
6335.05
10814.8
14352.2
16675.1
17959.7
18540.9
18724.3
18719.8
18648
18567.5
18501.1
18453.7
18422.9
18404.3
18393.8
18388.2
18385.4
18384.2
18383.7
18383.6
18383.6
18383.7
18383.8
18383.8
18383.9
18383.9
18383.9
18383.9
-456.437
-910.259
179.546
2916.56
6602.65
10327.3
13442.4
15705.4
17171.1
18025.2
18469.4
18667.3
18732.6
18735.4
18714.5
18688.9
18666.7
18649.9
18638.4
18630.9
18626.3
18623.6
18622.1
18621.2
18620.8
18620.6
18620.5
18620.4
18620.4
18620.4
-42.6799
-529.941
-995.611
-673.133
876.049
3481.08
6579.03
9589.52
12136.9
14079.5
15441.6
16329.5
16870.3
17177.8
17339.6
17416.4
17447.2
17455.4
17453.7
17448.9
17443.7
17439.5
17436.3
17434.2
17432.8
17431.9
17431.4
17431
17430.9
17430.8
28.5434
-52.4349
-440.393
-922.372
-984.289
-220.708
1402.86
3605.8
5997.87
8247.9
10155.3
11646.7
12738
13492.7
13988.7
14299.8
14486.2
14592.7
14650.4
14679.9
14693.6
14699.2
14700.8
14700.7
14700
14699.3
14698.7
14698.2
14697.9
14697.6
7.20667
49.2376
-24.0585
-332.797
-750.46
-950.99
-642.775
265.68
1662.4
3325.4
5024
6582.3
7899.79
8943.1
9725.44
10285.2
10669.5
10923.7
11086
11186.3
11246.2
11280.9
11300.2
11310.6
11315.9
11318.4
11319.6
11320
11320
11320
-3.24582
22.1151
58.0876
-2.42694
-228.916
-542.159
-748.835
-662.515
-196.25
619.321
1672.66
2824.47
3950.09
4961.75
5812.72
6490.57
7006.15
7382.94
7648.72
7830.31
7950.82
8028.65
8077.64
8107.72
8125.75
8136.29
8142.29
8145.63
8147.4
8148.53
-2.53059
0.47721
29.2277
54.305
7.38953
-145.971
-358.171
-520.428
-521.726
-297.907
151.854
777.183
1501.79
2247.96
2952.84
3575.32
4095.62
4510.85
4829.29
5065.15
5234.49
5352.73
5433.2
5486.7
5521.48
5543.63
5557.46
5565.94
5570.98
5574.52
-0.614633
-3.45283
4.77881
28.4068
42.4343
8.26937
-89.5604
-223.737
-335.115
-360.696
-258.77
-20.1509
334.725
766.964
1232.07
1690.05
2111.11
2477.3
2781.29
3023.78
3210.59
3350.15
3451.56
3523.44
3573.22
3606.99
3629.45
3644.12
3653.45
3660.37
0.0961118
-1.86197
-2.06153
6.8672
22.8743
29.1655
5.60977
-54.2262
-135.126
-205.643
-231.227
-186.777
-63.3538
131.814
379.954
657.074
939.637
1208.37
1450.02
1657.36
1828.3
1964.41
2069.5
2148.43
2206.27
2247.7
2276.76
2296.78
2310.19
2320.64
0.150139
-0.500652
-1.83942
-0.39957
6.77074
16.3092
18.3127
2.79241
-32.6928
-79.8174
-122.113
-141.095
-122.413
-59.5739
45.4363
183.949
343.582
511.226
675.31
827.093
961.058
1074.66
1167.68
1241.56
1298.63
1341.65
1373.35
1396.25
1412.32
1425.41
0.0738309
-0.0192488
-0.749899
-1.21467
0.635161
5.51445
10.6862
10.7409
0.892398
-19.6511
-46.3878
-70.7862
-83.138
-75.5292
-43.8118
11.8365
87.5624
177.183
273.682
370.47
462.201
545.151
617.217
677.686
726.891
765.848
795.936
818.671
835.333
849.519
0.0233159
0.0567134
-0.184454
-0.656779
-0.5795
1.00114
3.98483
6.57419
5.95581
-0.0993781
-11.7595
-26.6122
-40.2738
-47.7166
-44.6912
-28.736
0.446932
41.2044
90.5248
144.765
200.315
254.073
303.715
347.764
385.517
416.899
442.282
462.324
477.636
491.251
0.00436103
0.0359895
-0.0101746
-0.22781
-0.437141
-0.161564
0.960233
2.64987
3.8475
3.13997
-0.48404
-6.99095
-15.0981
-22.5678
-26.8254
-25.6347
-17.6039
-2.40792
19.2689
45.9877
75.9002
107.085
137.812
166.709
192.827
215.633
234.95
250.882
263.561
275.338
-0.000290669
0.0143333
0.0174114
-0.0514044
-0.188749
-0.237426
0.0438393
0.75588
1.65633
2.15981
1.57539
-0.543614
-4.12105
-8.47979
-12.484
-14.8271
-14.351
-10.2953
-2.4197
9.00339
23.297
39.5397
56.7324
73.9382
90.378
105.479
118.884
130.437
140.01
149.308
-0.000705503
0.00421448
0.011701
-0.00225477
-0.0587178
-0.12598
-0.104374
0.112438
0.530854
0.986088
1.16894
0.749106
-0.464861
-2.40552
-4.71784
-6.82817
-8.07856
-7.87696
-5.81818
-1.74905
4.22724
11.7959
20.5039
29.8411
39.3115
48.4868
57.0356
64.7414
71.392
78.1567
-0.000394322
0.000837859
0.00495049
0.00497154
-0.0121369
-0.0475213
-0.0719747
-0.0319585
0.113264
0.34517
0.564015
0.611786
0.333711
-0.349291
-1.38924
-2.60124
-3.69691
-4.3471
-4.25232
-3.20095
-1.10272
2.00588
5.97981
10.5988
15.6059
20.7436
25.7817
30.5395
34.8196
39.388
-0.000158544
1.7274e-05
0.00161206
0.0032965
-0.000195405
-0.0135838
-0.0318849
-0.0357441
0.000489585
0.0894891
0.212015
0.311741
0.309993
0.135618
-0.24248
-0.793508
-1.42179
-1.983
-2.31342
-2.26292
-1.72273
-0.642215
0.96708
3.03881
5.46675
8.12306
10.8758
13.6069
16.1713
19.0514
-5.19698e-05
-8.47741e-05
0.000403913
0.00142139
0.00135129
-0.00254672
-0.01094
-0.0187488
-0.0150537
0.0112803
0.0624615
0.124533
0.167152
0.151988
0.0469487
-0.159322
-0.448235
-0.770595
-1.05447
-1.21886
-1.18909
-0.909965
-0.354083
0.475713
1.54923
2.81558
4.21164
5.67276
7.10793
8.81032
-1.40514e-05
-5.32608e-05
6.18221e-05
0.000484526
0.00085551
7.27348e-05
-0.00290568
-0.00740186
-0.00986627
-0.00475558
0.0122714
0.0402824
0.0705079
0.0871611
0.0719179
0.0105909
-0.100452
-0.250446
-0.414248
-0.556156
-0.636286
-0.61774
-0.472821
-0.187079
0.239307
0.792647
1.44863
2.17761
2.92915
3.87556
-2.87835e-06
-2.29525e-05
-7.63946e-06
0.000133468
0.00036888
0.000350982
-0.00048419
-0.00235901
-0.00444356
-0.00464197
-0.000365311
0.00983529
0.0245471
0.0386861
0.0442595
0.0326576
-0.00225306
-0.0613073
-0.138456
-0.220926
-0.291065
-0.329322
-0.317577
-0.24206
-0.0953044
0.123118
0.406969
0.745454
1.11364
1.60944
-2.38217e-07
-8.13918e-06
-1.14537e-05
2.69832e-05
0.00012864
0.000209834
4.71307e-05
-0.000584393
-0.0016144
-0.00242278
-0.00189495
0.00108728
0.00686685
0.0143183
0.0206456
0.021892
0.0140778
-0.00537964
-0.0364341
-0.0757646
-0.116919
-0.151204
-0.169074
-0.161679
-0.12223
-0.0469289
0.0646206
0.210025
0.378331
0.62324
1.61492e-07
-2.47759e-06
-6.12602e-06
1.66135e-06
3.73078e-05
8.96371e-05
8.7375e-05
-8.34265e-05
-0.000483468
-0.000986212
-0.00120806
-0.000600676
0.00127816
0.00441176
0.00806004
0.0107429
0.0105386
0.00563755
-0.00501298
-0.0211736
-0.0410553
-0.0614165
-0.0779915
-0.0861381
-0.0815557
-0.0609199
-0.0223402
0.0346995
0.106007
0.219971
1.23435e-07
-6.40831e-07
-2.48971e-06
-1.9444e-06
8.5391e-06
3.1604e-05
4.93119e-05
1.74012e-05
-0.000111541
-0.000335712
-0.000551571
-0.000546485
-6.8129e-05
0.00103798
0.00267538
0.00440259
0.00545869
0.00492621
0.00199575
-0.00374308
-0.0120713
-0.0220399
-0.032029
-0.0399528
-0.0435624
-0.0407768
-0.0299869
-0.0101294
0.0174807
0.0672749
5.83036e-08
-1.29069e-07
-8.60673e-07
-1.36717e-06
1.12008e-06
9.45732e-06
2.07775e-05
2.09318e-05
-1.27233e-05
-9.50525e-05
-0.000208439
-0.000285439
-0.000216976
0.000105676
0.00072492
0.00155305
0.00234219
0.00271031
0.00222623
0.000534345
-0.00251516
-0.00676785
-0.0117269
-0.0165866
-0.020331
-0.0218741
-0.0202176
-0.0145187
-0.00504466
0.0152429
2.27277e-08
-1.17936e-08
-2.605e-07
-6.25761e-07
-2.46676e-07
2.32463e-06
7.35729e-06
1.11983e-05
5.23823e-06
-2.02916e-05
-6.71974e-05
-0.000118977
-0.00013671
-6.78288e-05
0.000131113
0.000464164
0.000870494
0.00121669
0.00131476
0.000965069
1.4443e-05
-0.00158592
-0.00373872
-0.00618679
-0.00853143
-0.0102792
-0.0109097
-0.00991197
-0.0072543
0.000347468
7.85291e-09
6.10423e-09
-6.83627e-08
-2.36479e-07
-2.72856e-07
3.92451e-07
2.24634e-06
4.64559e-06
4.84686e-06
-1.58164e-06
-1.80345e-05
-4.24023e-05
-6.3253e-05
-5.98705e-05
-8.30877e-06
0.000107075
0.000280242
0.000473785
0.000618155
0.00062244
0.000395553
-0.000126965
-0.000957372
-0.00203822
-0.00323769
-0.00435932
-0.00516541
-0.00539094
-0.00496228
-0.00241821
2.4651e-09
4.891e-09
-1.4549e-08
-7.83087e-08
-1.40956e-07
-1.19394e-08
5.78205e-07
1.64563e-06
2.4719e-06
1.40757e-06
-3.51866e-06
-1.30308e-05
-2.46363e-05
-3.14553e-05
-2.31213e-05
1.0665e-05
7.45786e-05
0.000161959
0.000251367
0.000307453
0.000286937
0.000148873
-0.0001331
-0.000559537
-0.00109792
-0.00168126
-0.0022137
-0.00257344
-0.00270879
-0.00200287
7.05191e-10
2.33647e-09
-1.81785e-09
-2.30195e-08
-5.73258e-08
-4.97665e-08
1.11636e-07
5.09062e-07
1.00817e-06
1.08652e-06
-1.10881e-07
-3.32034e-06
-8.36529e-06
-1.3373e-05
-1.45486e-05
-6.97104e-06
1.34975e-05
4.76362e-05
9.05126e-05
0.000130386
0.000149643
0.000127969
4.72469e-05
-0.000102876
-0.000320103
-0.000586492
-0.000868442
-0.0011158
-0.00130171
-0.00118039
1.6478e-10
9.83603e-10
7.27316e-10
-5.24336e-09
-2.02951e-08
-3.30833e-08
-4.97623e-09
1.17362e-07
3.44427e-07
5.57242e-07
4.5756e-07
-3.56652e-07
-2.14426e-06
-4.66092e-06
-6.86008e-06
-6.88254e-06
-2.49992e-06
7.99306e-06
2.46585e-05
4.49524e-05
6.33404e-05
7.179e-05
6.11974e-05
2.35248e-05
-4.58065e-05
-0.000145812
-0.000268768
-0.000398636
-0.000525016
-0.000568679
)
;

boundaryField
{
    fixedWall_Bottom
    {
        type            greyDiffusiveRadiation;
        refValue        uniform 18049.5;
        refGradient     uniform 0;
        valueFraction   uniform 1;
        source          uniform 0;
        value           uniform 18049.5;
    }
    fixedWall_Right
    {
        type            greyDiffusiveRadiation;
        refValue        uniform 0;
        refGradient     uniform 0;
        valueFraction   uniform 0;
        source          uniform 0;
        value           nonuniform List<scalar> 
30
(
17989.7
18383.9
18620.4
17430.8
14697.6
11320
8148.53
5574.52
3660.37
2320.64
1425.41
849.519
491.251
275.338
149.308
78.1567
39.388
19.0514
8.81032
3.87556
1.60944
0.62324
0.219971
0.0672749
0.0152429
0.000347468
-0.00241821
-0.00200287
-0.00118039
-0.000568679
)
;
    }
    fixedWall_Left
    {
        type            greyDiffusiveRadiation;
        refValue        uniform 0;
        refGradient     uniform 0;
        valueFraction   uniform 1;
        source          uniform 0;
        value           uniform 0;
    }
    fixedWall_Top
    {
        type            greyDiffusiveRadiation;
        refValue        uniform 0;
        refGradient     uniform 0;
        valueFraction   uniform 0;
        source          uniform 0;
        value           nonuniform List<scalar> 
30
(
1.6478e-10
9.83603e-10
7.27316e-10
-5.24336e-09
-2.02951e-08
-3.30833e-08
-4.97623e-09
1.17362e-07
3.44427e-07
5.57242e-07
4.5756e-07
-3.56652e-07
-2.14426e-06
-4.66092e-06
-6.86008e-06
-6.88254e-06
-2.49992e-06
7.99306e-06
2.46585e-05
4.49524e-05
6.33404e-05
7.179e-05
6.11974e-05
2.35248e-05
-4.58065e-05
-0.000145812
-0.000268768
-0.000398636
-0.000525016
-0.000568679
)
;
    }
    frontAndBack
    {
        type            empty;
    }
}


// ************************************************************************* //
