/*--------------------------------*- C++ -*----------------------------------*\
| =========                 |                                                 |
| \\      /  F ield         | OpenFOAM: The Open Source CFD Toolbox           |
|  \\    /   O peration     | Version:  2312                                  |
|   \\  /    A nd           | Website:  www.openfoam.com                      |
|    \\/     M anipulation  |                                                 |
\*---------------------------------------------------------------------------*/
FoamFile
{
    version     2.0;
    format      ascii;
    arch        "LSB;label=32;scalar=64";
    class       volScalarField;
    location    "0.015";
    object      ILambda_51_0;
}
// * * * * * * * * * * * * * * * * * * * * * * * * * * * * * * * * * * * * * //

dimensions      [1 0 -3 0 0 0 0];

internalField   nonuniform List<scalar> 
900
(
18073.5
18073.5
18073.5
18073.4
18073.4
18073.3
18073.2
18073.1
18073
18073
18073.2
18073.7
18075.1
18078.1
18083.7
18093.7
18110.8
18138.4
18180.6
18241.3
18321.7
18415
18497.7
18513.2
18349
17810.6
16599.8
14296.5
10357.5
4219.05
18619.1
18619.1
18619.2
18619.4
18619.7
18620.2
18621.1
18622.6
18625
18628.9
18634.8
18643.7
18656.5
18674.1
18696.6
18722.6
18747.1
18758.4
18733.5
18631.4
18385.1
17893.5
17018.5
15594.7
13468.7
10581.9
7088.1
3451.12
486.125
-695.302
18064.3
18064.6
18065.1
18065.8
18066.8
18068.3
18070.3
18073
18076.2
18079.6
18082
18081.3
18072.7
18048.3
17994.3
17888.3
17696.3
17368.6
16837.5
16017.9
14814.2
13139
10947.5
8288.51
5362.86
2551.56
349.553
-833.419
-919.252
-299.708
15332.3
15332.5
15332.7
15332.8
15332.5
15331.3
15328.4
15322.1
15309.9
15287.4
15247.7
15180.1
15068.7
14890.6
14614.4
14198.8
13593.2
12741
11587.4
10094
8260.19
6150.13
3916.52
1806.51
125.643
-861.488
-1079.55
-742.596
-266.717
-2.44421
11342.9
11341.3
11338.9
11334.6
11327.2
11314.9
11294.5
11261.6
11209.6
11128.9
11006.2
10823.9
10558.9
10183
9664.25
8969.67
8071.12
6954.1
5629.57
4146.93
2604.07
1147.6
-45.6806
-813.055
-1072.95
-889.817
-483.256
-127.803
21.4649
13.9857
7552.97
7546.61
7538.18
7524.76
7503.97
7472.21
7424.43
7353.72
7250.9
7104.17
6898.97
6618.37
6244.02
5758.26
5147.49
4407.02
3546.99
2598.5
1617.9
686.368
-98.8765
-644.122
-888.766
-837.158
-576.133
-256.536
-27.5625
48.5534
26.0937
-0.583266
4677.33
4664.07
4647.4
4622.53
4586.31
4534.33
4460.93
4359.06
4220.34
4035.31
3794.14
3487.81
3109.9
2659.07
2141.91
1575.76
990.646
428.985
-58.2017
-419.728
-617.087
-639.22
-513.693
-306.471
-103.646
23.6846
55.2334
28.8568
1.88665
-2.02816
2745.56
2725.54
2701.55
2667.52
2620.51
2556.58
2471.18
2359.33
2215.95
2036.54
1818.05
1560.08
1266.23
945.356
612.508
288.835
0.0367847
-227.138
-370.338
-418.224
-376.372
-269.662
-138.236
-25.7809
37.0747
46.3234
24.5863
3.02132
-3.0364
-0.390919
1536.87
1512.84
1485.33
1448.09
1399.09
1335.77
1255.58
1156.29
1036.42
895.792
736.123
561.651
379.537
199.898
35.2156
-101.062
-196.771
-243.893
-241.417
-197.184
-127.556
-54.0294
2.98976
31.3831
31.9986
17.2366
2.80469
-2.64097
-1.34835
0.179058
819.091
795.048
768.758
734.732
692.048
639.592
576.624
503.007
419.49
327.973
231.714
135.372
44.8067
-33.4617
-93.1481
-129.406
-140.133
-127.023
-95.9235
-56.0724
-18.0537
9.17005
21.1736
19.5237
10.6227
2.02487
-1.83719
-1.48387
-0.162879
0.136563
413.586
392.946
371.412
344.759
312.899
275.708
233.476
187.01
137.73
87.7044
39.5952
-3.5427
-38.6059
-62.9318
-74.8656
-74.2885
-62.9394
-44.3506
-23.2746
-4.62306
7.84981
12.6658
11.0111
6.04603
1.29434
-1.10028
-1.16428
-0.349665
0.0920613
0.0428482
196.583
181.074
165.674
147.459
126.75
103.852
79.3611
54.1642
29.4313
6.54747
-13.0163
-27.8941
-37.0624
-40.0832
-37.2945
-29.8778
-19.738
-9.17051
-0.35638
5.19081
7.0353
5.89231
3.26875
0.772763
-0.593129
-0.761254
-0.343867
0.00249296
0.0625014
0.00544177
87.251
76.9072
67.1672
56.1814
44.3418
32.0064
19.6738
7.95182
-2.48765
-10.9813
-16.969
-20.1
-20.3283
-17.9732
-13.7153
-8.50945
-3.41428
0.633926
3.0447
3.71738
3.03784
1.70527
0.441135
-0.295829
-0.4451
-0.256104
-0.0425066
0.0382872
0.0207813
-0.00185185
35.7485
29.565
24.0732
18.1868
12.2099
6.39447
1.03724
-3.55405
-7.09671
-9.37677
-10.293
-9.89193
-8.38268
-6.12205
-3.56459
-1.18161
0.635686
1.66366
1.89462
1.52311
0.866445
0.243776
-0.13835
-0.241343
-0.164136
-0.0487814
0.0142116
0.0186242
0.00405141
-0.00148971
13.2666
9.93258
7.16212
4.35736
1.7023
-0.669615
-2.62383
-4.04595
-4.86045
-5.04793
-4.65674
-3.80466
-2.66736
-1.45295
-0.365529
0.435009
0.866326
0.939079
0.746869
0.431093
0.13122
-0.0609477
-0.123822
-0.0956487
-0.0384923
0.00114709
0.011335
0.0055922
4.15529e-05
-0.000584825
4.29433
2.66853
1.42065
0.240266
-0.780596
-1.58775
-2.13708
-2.40456
-2.39257
-2.13328
-1.68745
-1.13775
-0.576577
-0.0903644
0.25672
0.435208
0.454942
0.359427
0.210683
0.0690097
-0.0252448
-0.0608346
-0.0521517
-0.0255753
-0.00345376
0.00537572
0.00438564
0.00107538
-0.000353918
-0.000163372
1.09839
0.382659
-0.113696
-0.543047
-0.867047
-1.07069
-1.14751
-1.10296
-0.955194
-0.73378
-0.476266
-0.222702
-0.00900753
0.139457
0.212456
0.216124
0.170138
0.101332
0.0355205
-0.00973458
-0.0288405
-0.0270498
-0.015322
-0.0039168
0.00197478
0.00266253
0.00118433
3.70831e-05
-0.000184288
-3.20769e-05
0.134515
-0.147463
-0.316633
-0.44365
-0.515626
-0.531997
-0.49683
-0.419458
-0.313671
-0.196058
-0.0836255
0.00892508
0.071701
0.101265
0.10091
0.0793424
0.0480275
0.0179198
-0.00340626
-0.0132592
-0.0134858
-0.00854927
-0.00300117
0.000435883
0.00136706
0.000878744
0.00020975
-7.66608e-05
-6.35044e-05
-2.3831e-06
-0.0740657
-0.171244
-0.216512
-0.240702
-0.240796
-0.219434
-0.181127
-0.132095
-0.0795028
-0.0304495
0.00912598
0.0354069
0.0472846
0.0463877
0.0364963
0.0224552
0.0088733
-0.00100959
-0.00593059
-0.00650716
-0.00452405
-0.00194651
-0.000106345
0.000609904
0.000534312
0.000214321
2.88535e-06
-4.26049e-05
-1.69051e-05
1.49792e-06
-0.0756577
-0.10324
-0.109426
-0.106795
-0.0952749
-0.0770669
-0.0548971
-0.0318009
-0.0106996
0.00603425
0.0169418
0.0216836
0.0210233
0.0165754
0.010366
0.00431851
-0.000192224
-0.00258567
-0.00305322
-0.0022961
-0.00114396
-0.000217587
0.000233469
0.000284562
0.000156243
3.32472e-05
-1.67977e-05
-1.54156e-05
-3.39383e-06
9.80058e-07
-0.0440064
-0.049159
-0.0464924
-0.0407502
-0.0323628
-0.0225457
-0.0125615
-0.00359741
0.00340773
0.00790051
0.00978445
0.00940414
0.00743909
0.00472835
0.00206844
3.8285e-05
-0.00109981
-0.00139771
-0.00112606
-0.000628316
-0.000183603
7.05626e-05
0.000136489
9.56214e-05
3.43659e-05
-1.43668e-06
-8.96207e-06
-4.3917e-06
-3.6085e-07
3.88235e-07
-0.0205549
-0.0200957
-0.0171805
-0.0134313
-0.00916064
-0.00490451
-0.00113914
0.00176696
0.00360512
0.00435115
0.00415589
0.00330161
0.00213259
0.000976143
7.42538e-05
-0.000456358
-0.000625734
-0.000536409
-0.000328072
-0.000122682
1.03315e-05
5.94971e-05
5.20694e-05
2.5248e-05
4.32773e-06
-3.6239e-06
-3.24189e-06
-1.00061e-06
8.85661e-08
1.23414e-07
-0.00830967
-0.00721127
-0.00550914
-0.00368646
-0.00189439
-0.000328868
0.000866843
0.00161441
0.00190926
0.00181583
0.00144994
0.000951599
0.000454341
5.85483e-05
-0.000184539
-0.000274406
-0.000249125
-0.000164575
-7.2785e-05
-6.85603e-06
2.34115e-05
2.59272e-05
1.56405e-05
4.9478e-06
-7.07085e-07
-1.77754e-06
-9.42638e-07
-1.61223e-07
7.47466e-08
3.34927e-08
-0.00296862
-0.00225393
-0.00146849
-0.000724603
-7.96604e-05
0.000408598
0.000711006
0.000827463
0.000784928
0.000630392
0.000420306
0.000208745
3.70496e-05
-7.25633e-05
-0.000118012
-0.000113115
-7.98736e-05
-4.0029e-05
-8.71561e-06
8.04879e-06
1.19666e-05
8.66886e-06
3.75261e-06
4.21531e-07
-7.46111e-07
-6.28527e-07
-2.25302e-07
-3.26446e-09
3.17578e-08
7.77686e-09
-0.000931384
-0.000584274
-0.000274
-1.13081e-05
0.000186725
0.000308464
0.000354486
0.000335862
0.000271453
0.000183831
9.4737e-05
2.1073e-05
-2.76402e-05
-4.98078e-05
-5.03156e-05
-3.76897e-05
-2.08486e-05
-6.49035e-06
2.16614e-06
5.14451e-06
4.42267e-06
2.37113e-06
6.35595e-07
-2.04255e-07
-3.34978e-07
-1.82688e-07
-4.11151e-08
1.1106e-08
1.06381e-08
1.45491e-09
-0.0002462
-0.000103401
3.60441e-06
8.3185e-05
0.000131995
0.00015021
0.000142318
0.000115813
7.96465e-05
4.24966e-05
1.12246e-05
-1.0134e-05
-2.06382e-05
-2.19604e-05
-1.73527e-05
-1.04119e-05
-4.02389e-06
2.21018e-07
2.05336e-06
2.10899e-06
1.33799e-06
5.14637e-07
1.3882e-08
-1.45197e-07
-1.14836e-07
-4.44764e-08
-3.40073e-09
6.02686e-09
3.0669e-09
1.60654e-10
-4.7022e-05
4.54328e-06
3.63299e-05
5.576e-05
6.2991e-05
5.97435e-05
4.897e-05
3.41927e-05
1.88512e-05
5.71042e-06
-3.5367e-06
-8.39577e-06
-9.41545e-06
-7.81621e-06
-5.0253e-06
-2.25828e-06
-2.59705e-07
7.49614e-07
9.47709e-07
6.95923e-07
3.35549e-07
7.02901e-08
-4.75014e-08
-6.02223e-08
-3.3052e-08
-8.56581e-09
1.48569e-09
2.26902e-09
7.77905e-10
-2.72183e-11
-6.95884e-07
1.56889e-05
2.32889e-05
2.61521e-05
2.48535e-05
2.05268e-05
1.45489e-05
8.27294e-06
2.80546e-06
-1.15049e-06
-3.35215e-06
-3.96905e-06
-3.45135e-06
-2.35676e-06
-1.18704e-06
-2.77221e-07
2.40399e-07
4.02579e-07
3.3939e-07
1.93467e-07
6.47391e-08
-6.74252e-09
-2.67501e-08
-1.99818e-08
-8.08649e-09
-9.33729e-10
1.04306e-09
7.15328e-10
1.71237e-10
-2.64095e-11
5.2276e-06
9.6846e-06
1.07558e-05
1.02511e-05
8.53686e-06
6.14304e-06
3.59928e-06
1.34535e-06
-3.29187e-07
-1.31014e-06
-1.64482e-06
-1.49603e-06
-1.07837e-06
-5.95277e-07
-1.9291e-07
5.92453e-08
1.61139e-07
1.56605e-07
1.0248e-07
4.4413e-08
5.92839e-09
-9.6982e-09
-1.03576e-08
-5.66593e-09
-1.59825e-09
1.89334e-10
4.28736e-10
1.98471e-10
3.03571e-11
-1.17562e-11
3.59956e-06
4.33152e-06
3.99221e-06
3.26044e-06
2.29992e-06
1.30553e-06
4.37311e-07
-2.01044e-07
-5.70346e-07
-6.90559e-07
-6.24062e-07
-4.52603e-07
-2.54307e-07
-8.65177e-08
2.20095e-08
6.92326e-08
7.09617e-08
4.94595e-08
2.38849e-08
5.28668e-09
-3.55011e-09
-5.09379e-09
-3.34264e-09
-1.27938e-09
-1.13298e-10
2.08603e-10
1.50452e-10
4.72902e-11
1.25367e-12
-4.5827e-12
)
;

boundaryField
{
    fixedWall_Bottom
    {
        type            greyDiffusiveRadiation;
        refValue        uniform 18049.5;
        refGradient     uniform 0;
        valueFraction   uniform 1;
        source          uniform 0;
        value           uniform 18049.5;
    }
    fixedWall_Right
    {
        type            greyDiffusiveRadiation;
        refValue        uniform 0;
        refGradient     uniform 0;
        valueFraction   uniform 1;
        source          uniform 0;
        value           uniform 0;
    }
    fixedWall_Left
    {
        type            greyDiffusiveRadiation;
        refValue        uniform 0;
        refGradient     uniform 0;
        valueFraction   uniform 0;
        source          uniform 0;
        value           nonuniform List<scalar> 
30
(
18073.5
18619.1
18064.3
15332.3
11342.9
7552.97
4677.33
2745.56
1536.87
819.091
413.586
196.583
87.251
35.7485
13.2666
4.29433
1.09839
0.134515
-0.0740657
-0.0756577
-0.0440064
-0.0205549
-0.00830967
-0.00296862
-0.000931384
-0.0002462
-4.7022e-05
-6.95884e-07
5.2276e-06
3.59956e-06
)
;
    }
    fixedWall_Top
    {
        type            greyDiffusiveRadiation;
        refValue        uniform 0;
        refGradient     uniform 0;
        valueFraction   uniform 0;
        source          uniform 0;
        value           nonuniform List<scalar> 
30
(
3.59956e-06
4.33152e-06
3.99221e-06
3.26044e-06
2.29992e-06
1.30553e-06
4.37311e-07
-2.01044e-07
-5.70346e-07
-6.90559e-07
-6.24062e-07
-4.52603e-07
-2.54307e-07
-8.65177e-08
2.20095e-08
6.92326e-08
7.09617e-08
4.94595e-08
2.38849e-08
5.28668e-09
-3.55011e-09
-5.09379e-09
-3.34264e-09
-1.27938e-09
-1.13298e-10
2.08603e-10
1.50452e-10
4.72902e-11
1.25367e-12
-4.5827e-12
)
;
    }
    frontAndBack
    {
        type            empty;
    }
}


// ************************************************************************* //
