/*--------------------------------*- C++ -*----------------------------------*\
| =========                 |                                                 |
| \\      /  F ield         | OpenFOAM: The Open Source CFD Toolbox           |
|  \\    /   O peration     | Version:  2312                                  |
|   \\  /    A nd           | Website:  www.openfoam.com                      |
|    \\/     M anipulation  |                                                 |
\*---------------------------------------------------------------------------*/
FoamFile
{
    version     2.0;
    format      ascii;
    arch        "LSB;label=32;scalar=64";
    class       volScalarField;
    location    "0.015";
    object      ILambda_59_0;
}
// * * * * * * * * * * * * * * * * * * * * * * * * * * * * * * * * * * * * * //

dimensions      [1 0 -3 0 0 0 0];

internalField   nonuniform List<scalar> 
900
(
18062.2
18062.2
18062.2
18062.2
18062.2
18062.2
18062.2
18062.2
18062.2
18062.2
18062.2
18062.2
18062.2
18062.2
18062.2
18062.2
18062.2
18062.2
18062.2
18062.2
18062.4
18063.3
18065.4
18065.6
18053.1
18027.8
18095.5
18510.4
18627.7
12730.7
17993.2
17993.2
17993.2
17993.2
17993.2
17993.2
17993.2
17993.2
17993.2
17993.2
17993.2
17993.2
17993.2
17993.2
17993.2
17993.2
17993.2
17993.2
17993.4
17993.9
17995.2
17995.9
17989.5
17964
17934.9
18041.2
18530.7
18929.4
16120.4
5735.13
17973.3
17973.3
17973.3
17973.3
17973.3
17973.3
17973.3
17973.3
17973.3
17973.3
17973.3
17973.3
17973.3
17973.3
17973.3
17973.3
17973.4
17973.6
17974
17974.7
17973.6
17964.4
17938
17912.9
18012
18458.2
19034.8
17851.9
11689.2
1906.31
18157.1
18157.1
18157.1
18157.1
18157.1
18157.1
18157.1
18157.1
18157.1
18157.1
18157.1
18157.1
18157.1
18157.1
18157.1
18157.2
18157.3
18157.6
18157.7
18155.7
18147.1
18126.4
18109.5
18188.5
18548.6
19151.8
18868.8
15192.5
7217
148.521
18399.4
18399.4
18399.4
18399.4
18399.4
18399.4
18399.4
18399.4
18399.4
18399.4
18399.4
18399.4
18399.4
18399.4
18399.5
18399.6
18399.7
18399.4
18397.5
18391
18377.3
18368.4
18426
18684.9
19195
19356.7
17383.6
11543.3
3705.24
-448.691
18433.4
18433.4
18433.4
18433.4
18433.4
18433.4
18433.4
18433.4
18433.4
18433.4
18433.4
18433.4
18433.5
18433.5
18433.5
18433.5
18433.2
18431.7
18427.4
18419.4
18416
18455.7
18626.9
18998.5
19297.3
18406.6
14616.9
7782.81
1417.76
-502.342
18106.1
18106.1
18106.1
18106.1
18106.1
18106.1
18106.1
18106.1
18106.1
18106.1
18106.1
18106.1
18106.1
18106.1
18106.1
18105.8
18104.8
18102.2
18097.9
18097.4
18123.8
18230.9
18476.5
18754.1
18443.5
16258.3
11209.8
4628.65
187.508
-368.829
17389.3
17389.3
17389.3
17389.3
17389.3
17389.3
17389.3
17389.3
17389.3
17389.3
17389.3
17389.3
17389.3
17389.2
17389
17388.4
17387
17384.9
17385.6
17402.5
17467.1
17619.3
17825.5
17769.3
16629.5
13350.3
7886.01
2379.12
-324.901
-216.376
16324.1
16324.1
16324.1
16324.1
16324.1
16324.1
16324.1
16324.1
16324.1
16324.1
16324.1
16324.1
16324.1
16324
16323.6
16322.8
16321.9
16322.9
16333.4
16371.4
16461.7
16598
16627.8
16078.4
14143.4
10244.3
5109.92
980.792
-442.003
-103.099
14989.8
14989.8
14989.8
14989.8
14989.8
14989.8
14989.8
14989.8
14989.8
14989.8
14989.8
14989.8
14989.7
14989.5
14989.2
14988.8
14989.7
14996.1
15017.9
15069.8
15153.8
15198.7
14949.5
13882.2
11382.7
7386.29
3045.22
222.626
-385.963
-35.2022
13482.2
13482.2
13482.2
13482.2
13482.2
13482.2
13482.2
13482.2
13482.2
13482.2
13482.2
13482.1
13482
13481.8
13481.7
13482.4
13486.2
13498.5
13527.7
13577
13614
13506.2
12943.1
11455.5
8704.82
5025.28
1650.41
-122.151
-280.176
-1.22967
11895.7
11895.7
11895.7
11895.7
11895.7
11895.7
11895.7
11895.7
11895.7
11895.7
11895.7
11895.6
11895.5
11895.5
11896
11898.2
11905
11921.1
11949
11974.3
11929.6
11640.8
10798.7
9059.17
6351.32
3233.52
787.688
-233.438
-180.698
12.0834
10312.3
10312.3
10312.3
10312.3
10312.3
10312.3
10312.3
10312.3
10312.3
10312.3
10312.3
10312.3
10312.3
10312.6
10313.8
10317.5
10326.3
10341.7
10357.4
10339.6
10194.1
9733.27
8695.57
6886.09
4436.54
1967.09
300.425
-231.459
-105.879
14.6992
8796.27
8796.27
8796.27
8796.27
8796.27
8796.27
8796.27
8796.27
8796.26
8796.25
8796.24
8796.26
8796.44
8797.13
8799.13
8803.77
8812.1
8821.28
8814.56
8742.03
8495.77
7901.67
6771.15
5045.59
2974.52
1126.73
53.6859
-186.381
-56.4398
12.7675
7392.53
7392.53
7392.53
7392.53
7392.53
7392.53
7392.53
7392.52
7392.52
7392.51
7392.53
7392.64
7393.02
7394.08
7396.51
7400.92
7406.04
7403.64
7367.76
7238.46
6908.48
6235.54
5109.31
3572.82
1917.21
601.3
-52.3497
-133.859
-26.8258
9.55425
6128.6
6128.6
6128.6
6128.6
6128.6
6128.6
6128.6
6128.6
6128.6
6128.61
6128.67
6128.88
6129.43
6130.69
6132.98
6135.74
6134.93
6117.25
6050.26
5871.24
5485.04
4789.75
3743.38
2450.16
1188.46
291.96
-83.8598
-88.8459
-10.6273
6.5248
5017.29
5017.29
5017.29
5017.29
5017.29
5017.29
5017.29
5017.29
5017.3
5017.33
5017.44
5017.72
5018.36
5019.53
5020.98
5020.72
5012.01
4977.67
4882.34
4666.99
4255.59
3586.34
2667.89
1630.02
707.811
121.519
-80.7852
-55.3972
-2.62814
4.16967
4060.02
4060.02
4060.02
4060.02
4060.02
4060.02
4060.02
4060.03
4060.04
4060.1
4060.25
4060.57
4061.16
4061.89
4061.81
4057.51
4040.04
3990.05
3872.74
3637.39
3229.48
2621.19
1852.61
1053.22
403.765
35.0012
-65.0616
-32.6917
0.786338
2.52466
3250.17
3250.17
3250.17
3250.17
3250.17
3250.17
3250.17
3250.18
3250.21
3250.28
3250.44
3250.73
3251.1
3251.06
3248.93
3240.1
3214.21
3151.52
3020.53
2781.28
2399.51
1872.53
1255.23
661.388
219.212
-3.96353
-47.4401
-18.2903
1.86726
1.45699
2575.89
2575.89
2575.89
2575.89
2575.89
2575.89
2575.89
2575.91
2575.95
2576.02
2576.17
2576.34
2576.32
2575.26
2570.82
2557.55
2524.58
2453.31
2317.33
2087.8
1747.27
1309.1
830.787
403.668
111.883
-17.9113
-32.3395
-9.66491
1.89781
0.802677
2022.47
2022.47
2022.47
2022.47
2022.47
2022.48
2022.48
2022.5
2022.54
2022.61
2022.69
2022.68
2022.15
2019.92
2013.17
1996.07
1958.03
1882.73
1749.5
1539.64
1248.13
896.628
537.624
239.281
52.338
-19.9394
-20.9428
-4.76839
1.54749
0.421041
1574.1
1574.1
1574.1
1574.1
1574.1
1574.1
1574.11
1574.13
1574.16
1574.2
1574.19
1573.92
1572.81
1569.41
1560.64
1540.67
1499.87
1424.77
1300.35
1116.2
875.422
602.242
340.385
137.515
21.1061
-17.1485
-12.9978
-2.13809
1.12998
0.208575
1215.09
1215.09
1215.09
1215.09
1215.09
1215.1
1215.11
1215.12
1215.14
1215.13
1215
1214.44
1212.74
1208.29
1197.94
1176.26
1134.95
1063.53
952.015
796.077
603.396
397.021
210.92
76.373
5.89752
-13.0702
-7.76902
-0.812233
0.769341
0.0958132
930.725
930.725
930.725
930.726
930.728
930.732
930.739
930.746
930.741
930.673
930.397
929.55
927.311
922.023
910.679
888.434
848.544
783.349
686.877
558.931
409.029
257.068
127.919
40.7581
-0.70478
-9.2504
-4.48261
-0.197683
0.497971
0.0391169
707.717
707.717
707.717
707.718
707.72
707.723
707.726
707.723
707.689
707.552
707.133
706.016
703.342
697.493
685.732
663.965
626.969
569.517
488.639
386.573
272.885
163.576
75.9031
20.6926
-2.97757
-6.21224
-2.49726
0.0515579
0.309741
0.0125005
534.435
534.435
534.436
534.436
534.438
534.439
534.437
534.42
534.352
534.146
533.594
532.255
529.278
523.16
511.52
491.054
457.924
408.85
342.919
263.536
179.289
102.331
44.0265
9.80635
-3.26718
-4.00539
-1.34065
0.126788
0.186332
0.00121069
400.947
400.948
400.948
400.949
400.949
400.948
400.939
400.906
400.805
400.534
399.87
398.372
395.235
389.121
378.049
359.463
330.699
289.931
237.524
177.189
116.07
62.9542
24.9248
4.16356
-2.78656
-2.49676
-0.690214
0.127892
0.108833
-0.00274809
298.868
298.868
298.868
298.868
298.868
298.863
298.847
298.798
298.666
298.34
297.594
296.007
292.847
286.973
276.797
260.432
236.142
203.121
162.416
117.526
74.054
38.0755
13.7301
1.40623
-2.11552
-1.51104
-0.337353
0.103611
0.0618567
-0.00350273
222.406
222.406
222.406
222.405
222.403
222.395
222.372
222.307
222.148
221.78
220.985
219.371
216.301
210.83
201.73
187.665
167.593
141.357
110.28
77.3886
46.888
22.8156
7.41248
0.201584
-1.49519
-0.894136
-0.155812
0.0750653
0.034386
-0.00301659
153.192
153.192
153.192
153.191
153.187
153.175
153.144
153.066
152.886
152.496
151.697
150.154
147.351
142.574
134.967
123.706
108.316
89.0689
67.2861
45.3159
25.9839
11.6164
3.09582
-0.437424
-0.964024
-0.456315
-0.0430295
0.0507202
0.0161626
-0.0024252
)
;

boundaryField
{
    fixedWall_Bottom
    {
        type            greyDiffusiveRadiation;
        refValue        uniform 18049.5;
        refGradient     uniform 0;
        valueFraction   uniform 1;
        source          uniform 0;
        value           uniform 18049.5;
    }
    fixedWall_Right
    {
        type            greyDiffusiveRadiation;
        refValue        uniform 0;
        refGradient     uniform 0;
        valueFraction   uniform 1;
        source          uniform 0;
        value           uniform 0;
    }
    fixedWall_Left
    {
        type            greyDiffusiveRadiation;
        refValue        uniform 0;
        refGradient     uniform 0;
        valueFraction   uniform 0;
        source          uniform 0;
        value           nonuniform List<scalar> 
30
(
18062.2
17993.2
17973.3
18157.1
18399.4
18433.4
18106.1
17389.3
16324.1
14989.8
13482.2
11895.7
10312.3
8796.27
7392.53
6128.6
5017.29
4060.02
3250.17
2575.89
2022.47
1574.1
1215.09
930.725
707.717
534.435
400.947
298.868
222.406
153.192
)
;
    }
    fixedWall_Top
    {
        type            greyDiffusiveRadiation;
        refValue        uniform 0;
        refGradient     uniform 0;
        valueFraction   uniform 0;
        source          uniform 0;
        value           nonuniform List<scalar> 
30
(
153.192
153.192
153.192
153.191
153.187
153.175
153.144
153.066
152.886
152.496
151.697
150.154
147.351
142.574
134.967
123.706
108.316
89.0689
67.2861
45.3159
25.9839
11.6164
3.09582
-0.437424
-0.964024
-0.456315
-0.0430295
0.0507202
0.0161626
-0.0024252
)
;
    }
    frontAndBack
    {
        type            empty;
    }
}


// ************************************************************************* //
