/*--------------------------------*- C++ -*----------------------------------*\
| =========                 |                                                 |
| \\      /  F ield         | OpenFOAM: The Open Source CFD Toolbox           |
|  \\    /   O peration     | Version:  2312                                  |
|   \\  /    A nd           | Website:  www.openfoam.com                      |
|    \\/     M anipulation  |                                                 |
\*---------------------------------------------------------------------------*/
FoamFile
{
    version     2.0;
    format      ascii;
    arch        "LSB;label=32;scalar=64";
    class       volScalarField;
    location    "0.015";
    object      ILambda_60_0;
}
// * * * * * * * * * * * * * * * * * * * * * * * * * * * * * * * * * * * * * //

dimensions      [1 0 -3 0 0 0 0];

internalField   nonuniform List<scalar> 
900
(
18064.5
18064.5
18064.5
18064.5
18064.5
18064.5
18064.5
18064.5
18064.5
18064.5
18064.5
18064.5
18064.5
18064.5
18064.5
18064.5
18064.5
18064.5
18064.5
18064.4
18064.4
18064.4
18065.3
18067.3
18065.7
18049.2
18061.9
18357.1
18751.2
13830.8
18013.1
18013.1
18013.1
18013.1
18013.1
18013.1
18013.1
18013.1
18013.1
18013.1
18013.1
18013.1
18013.1
18013.1
18013.1
18013.1
18013.1
18013.1
18013
18013.1
18013.5
18014.8
18016
18009.1
17981
17982
18270.9
18935
17555.2
7698.57
17962.4
17962.4
17962.4
17962.4
17962.4
17962.4
17962.4
17962.4
17962.4
17962.4
17962.4
17962.4
17962.4
17962.4
17962.4
17962.4
17962.3
17962.3
17962.4
17962.8
17963.9
17964.1
17956.1
17926.9
17908.2
18098.8
18738.6
18845.5
14571.1
3751.34
18078.5
18078.5
18078.5
18078.5
18078.5
18078.5
18078.5
18078.5
18078.5
18078.5
18078.5
18078.5
18078.5
18078.5
18078.5
18078.5
18078.6
18078.6
18078.9
18079.5
18079.3
18072.8
18049.6
18023.5
18124.9
18613.1
19228.9
17763.8
10955
1433.54
18301.5
18301.5
18301.5
18301.5
18301.5
18301.5
18301.5
18301.5
18301.5
18301.5
18301.5
18301.5
18301.5
18301.5
18301.5
18301.6
18301.6
18301.8
18302.1
18301.8
18297.4
18282
18259.1
18300.6
18607.1
19247.1
19172.1
15649.1
7493.39
220.134
18421.5
18421.5
18421.5
18421.5
18421.5
18421.5
18421.5
18421.5
18421.5
18421.5
18421.5
18421.5
18421.5
18421.5
18421.5
18421.5
18421.6
18421.7
18421.5
18418.8
18409.7
18393.8
18405.6
18569.4
19036.1
19457.9
18138.3
12802
4623.19
-308.481
18284.8
18284.8
18284.8
18284.8
18284.8
18284.8
18284.8
18284.8
18284.8
18284.8
18284.8
18284.8
18284.8
18284.8
18284.8
18284.9
18284.9
18284.7
18283.3
18278.2
18268.5
18269.3
18347
18626.7
19074.5
18881.6
16153.9
9743.23
2518.89
-456.723
17832.1
17832.1
17832.1
17832.1
17832.1
17832.1
17832.1
17832.1
17832.1
17832.1
17832.1
17832.1
17832.1
17832.1
17832.1
17832.2
17832
17831.3
17828.6
17823.2
17821.2
17855.1
18003.3
18321.6
18519.1
17472.1
13569.1
6933.77
1142.75
-424.233
17063.3
17063.3
17063.3
17063.3
17063.3
17063.3
17063.3
17063.3
17063.3
17063.3
17063.3
17063.3
17063.3
17063.3
17063.3
17063.2
17062.8
17061.5
17058.6
17056.6
17070.6
17143.1
17331.5
17570
17330.8
15415.7
10803.3
4628.52
338.218
-327.947
16017.5
16017.5
16017.5
16017.5
16017.5
16017.5
16017.5
16017.5
16017.5
16017.5
16017.5
16017.5
16017.5
16017.5
16017.5
16017.3
16016.6
16015.2
16013.9
16019.3
16053
16153.4
16326.8
16370.7
15612.2
13003.1
8193.22
2894.66
-73.5683
-226.508
14759.2
14759.2
14759.2
14759.2
14759.2
14759.2
14759.2
14759.2
14759.2
14759.2
14759.2
14759.2
14759.2
14759.2
14759.1
14758.7
14758
14757.3
14759.3
14774.4
14824.5
14928.7
15025.4
14799.8
13551
10524
5943.72
1682.88
-243.063
-143.224
13362.6
13362.6
13362.6
13362.6
13362.6
13362.6
13362.6
13362.6
13362.6
13362.6
13362.6
13362.6
13362.6
13362.6
13362.4
13362.1
13361.7
13362.4
13369
13392.9
13449.4
13527.2
13497.9
12983.1
11356.7
8202.67
4137.04
891.266
-278.827
-83.2507
11901.1
11901.1
11901.1
11901.1
11901.1
11901.1
11901.1
11901.1
11901.1
11901.1
11901.1
11901.1
11901.1
11901
11900.8
11900.6
11900.9
11903.7
11914.8
11943.5
11992.5
12016
11835.3
11062.6
9212.86
6177.62
2767.66
408.217
-250.98
-43.898
10439
10439
10439
10439
10439
10439
10439
10439
10439
10439
10439
10439
10438.9
10438.9
10438.8
10438.8
10440
10445
10459
10486.5
10513.8
10464.4
10133.1
9169.16
7252.74
4508.25
1780.16
135.409
-200.391
-20.0746
9028.22
9028.22
9028.22
9028.22
9028.22
9028.22
9028.22
9028.22
9028.22
9028.22
9028.22
9028.2
9028.17
9028.12
9028.13
9028.63
9030.84
9037.46
9051.83
9071.24
9065.68
8936.94
8477.98
7404.81
5554.04
3195.36
1099.14
-3.65615
-148.231
-6.80809
7706.96
7706.96
7706.96
7706.96
7706.96
7706.96
7706.96
7706.96
7706.96
7706.95
7706.95
7706.93
7706.91
7706.91
7707.11
7708.08
7711.12
7718.27
7729.87
7735.24
7690.83
7488.03
6938.26
5836.45
4146.18
2203.6
648.75
-63.423
-103.678
-0.15888
6500.18
6500.18
6500.18
6500.18
6500.18
6500.18
6500.18
6500.18
6500.18
6500.17
6500.17
6500.16
6500.16
6500.24
6500.65
6502.02
6505.45
6511.76
6517.63
6505.02
6421.43
6158.82
5560.19
4497.26
3022.99
1480.47
362.909
-79.8959
-69.3217
2.64871
5421.46
5421.46
5421.46
5421.46
5421.46
5421.46
5421.46
5421.46
5421.45
5421.45
5421.45
5421.44
5421.48
5421.65
5422.26
5423.85
5427.08
5431.15
5429.07
5397.06
5278.86
4975.81
4368.16
3392.96
2156.17
969.732
189.113
-75.3041
-44.578
3.41078
4475.11
4475.11
4475.11
4475.11
4475.11
4475.11
4475.11
4475.11
4475.11
4475.11
4475.1
4475.12
4475.19
4475.45
4476.18
4477.75
4480.14
4480.83
4469.62
4419.23
4274.46
3951.63
3367.91
2509.87
1506.55
619.394
88.3764
-62.4092
-27.6548
3.20644
3658.5
3658.5
3658.5
3658.5
3658.5
3658.5
3658.5
3658.5
3658.5
3658.5
3658.5
3658.53
3658.64
3658.97
3659.71
3660.99
3661.98
3658.54
3638.16
3572.38
3410.75
3087.15
2551.19
1822.71
1032.37
385.599
33.2893
-47.9112
-16.5631
2.63642
2964.12
2964.12
2964.12
2964.12
2964.12
2964.12
2964.12
2964.12
2964.12
2964.12
2964.14
2964.18
2964.32
2964.67
2965.31
2966.03
2965.22
2957.42
2928.83
2851.85
2683.2
2374.3
1900.57
1300.98
694.444
233.657
5.47566
-34.8869
-9.56247
2.00529
2381.43
2381.43
2381.43
2381.43
2381.43
2381.43
2381.43
2381.43
2381.43
2381.44
2381.46
2381.52
2381.67
2381.98
2382.41
2382.36
2379.55
2367.63
2332.51
2249.02
2082.14
1799
1393.78
913.584
458.872
137.464
-6.852
-24.4052
-5.29823
1.44675
1898.27
1898.27
1898.27
1898.27
1898.27
1898.27
1898.27
1898.27
1898.27
1898.28
1898.31
1898.37
1898.52
1898.75
1898.86
1897.92
1893.14
1877.71
1838.14
1752.68
1594.54
1343.87
1007.06
631.729
297.995
78.1733
-10.9305
-16.5289
-2.79184
1.00352
1501.98
1501.98
1501.98
1501.98
1501.98
1501.98
1501.98
1501.98
1501.98
1501.99
1502.02
1502.09
1502.2
1502.3
1502.03
1500.18
1493.63
1475.56
1433.73
1350.21
1205.75
990.396
717.484
430.48
190.239
42.6486
-10.9997
-10.8913
-1.3741
0.674659
1180.16
1180.16
1180.16
1180.16
1180.16
1180.16
1180.16
1180.16
1180.17
1180.18
1180.21
1180.26
1180.33
1180.27
1179.58
1176.88
1168.9
1149.19
1107.1
1028.58
900.716
720.564
504.411
289.267
119.389
22.0204
-9.41155
-7.00505
-0.607067
0.441925
921.217
921.217
921.217
921.217
921.217
921.217
921.218
921.219
921.225
921.238
921.263
921.298
921.294
921.053
919.972
916.545
907.56
887.176
846.533
775.112
665.036
517.861
350.153
191.783
73.6337
10.4731
-7.38132
-4.4072
-0.215018
0.283045
714.638
714.638
714.638
714.638
714.638
714.638
714.639
714.641
714.646
714.658
714.676
714.683
714.603
714.183
712.749
708.769
699.228
679.044
641.133
578.019
485.559
367.864
240.16
125.514
44.6032
4.30004
-5.47236
-2.71589
-0.0304537
0.17769
550.97
550.97
550.97
550.97
550.97
550.97
550.971
550.973
550.978
550.987
550.994
550.97
550.811
550.225
548.508
544.173
534.501
515.232
480.926
426.572
350.625
258.335
162.774
81.079
26.4899
1.19713
-3.89658
-1.63995
0.0450063
0.109518
424.408
424.408
424.408
424.408
424.409
424.409
424.41
424.412
424.416
424.421
424.414
424.356
424.122
423.396
421.473
416.965
407.498
389.61
359.267
313.341
251.946
180.537
109.814
52.1247
15.5734
-0.168853
-2.69245
-0.977616
0.0649036
0.0666348
303.183
303.183
303.183
303.183
303.184
303.184
303.185
303.187
303.188
303.186
303.163
303.068
302.762
301.93
299.911
295.507
286.803
271.245
246.187
210.114
164.225
113.469
65.7821
29.0766
7.40478
-0.946842
-1.69849
-0.489492
0.0705417
0.035348
)
;

boundaryField
{
    fixedWall_Bottom
    {
        type            greyDiffusiveRadiation;
        refValue        uniform 18049.5;
        refGradient     uniform 0;
        valueFraction   uniform 1;
        source          uniform 0;
        value           uniform 18049.5;
    }
    fixedWall_Right
    {
        type            greyDiffusiveRadiation;
        refValue        uniform 0;
        refGradient     uniform 0;
        valueFraction   uniform 1;
        source          uniform 0;
        value           uniform 0;
    }
    fixedWall_Left
    {
        type            greyDiffusiveRadiation;
        refValue        uniform 0;
        refGradient     uniform 0;
        valueFraction   uniform 0;
        source          uniform 0;
        value           nonuniform List<scalar> 
30
(
18064.5
18013.1
17962.4
18078.5
18301.5
18421.5
18284.8
17832.1
17063.3
16017.5
14759.2
13362.6
11901.1
10439
9028.22
7706.96
6500.18
5421.46
4475.11
3658.5
2964.12
2381.43
1898.27
1501.98
1180.16
921.217
714.638
550.97
424.408
303.183
)
;
    }
    fixedWall_Top
    {
        type            greyDiffusiveRadiation;
        refValue        uniform 0;
        refGradient     uniform 0;
        valueFraction   uniform 0;
        source          uniform 0;
        value           nonuniform List<scalar> 
30
(
303.183
303.183
303.183
303.183
303.184
303.184
303.185
303.187
303.188
303.186
303.163
303.068
302.762
301.93
299.911
295.507
286.803
271.245
246.187
210.114
164.225
113.469
65.7821
29.0766
7.40478
-0.946842
-1.69849
-0.489492
0.0705417
0.035348
)
;
    }
    frontAndBack
    {
        type            empty;
    }
}


// ************************************************************************* //
