/*--------------------------------*- C++ -*----------------------------------*\
| =========                 |                                                 |
| \\      /  F ield         | OpenFOAM: The Open Source CFD Toolbox           |
|  \\    /   O peration     | Version:  2312                                  |
|   \\  /    A nd           | Website:  www.openfoam.com                      |
|    \\/     M anipulation  |                                                 |
\*---------------------------------------------------------------------------*/
FoamFile
{
    version     2.0;
    format      ascii;
    arch        "LSB;label=32;scalar=64";
    class       volScalarField;
    location    "0.015";
    object      ILambda_3_0;
}
// * * * * * * * * * * * * * * * * * * * * * * * * * * * * * * * * * * * * * //

dimensions      [1 0 -3 0 0 0 0];

internalField   nonuniform List<scalar> 
900
(
13830.8
18751.2
18357.1
18061.9
18049.2
18065.7
18067.3
18065.3
18064.4
18064.4
18064.4
18064.5
18064.5
18064.5
18064.5
18064.5
18064.5
18064.5
18064.5
18064.5
18064.5
18064.5
18064.5
18064.5
18064.5
18064.5
18064.5
18064.5
18064.5
18064.5
7698.57
17555.2
18935
18270.9
17982
17981
18009.1
18016.1
18014.8
18013.5
18013.1
18013.1
18013.1
18013.1
18013.1
18013.1
18013.1
18013.1
18013.1
18013.1
18013.1
18013.1
18013.1
18013.1
18013.1
18013.1
18013.1
18013.1
18013.1
18013.1
3751.34
14571.1
18845.5
18738.6
18098.8
17908.2
17926.9
17956.1
17964.1
17963.8
17962.8
17962.4
17962.3
17962.3
17962.3
17962.3
17962.3
17962.3
17962.3
17962.3
17962.3
17962.3
17962.3
17962.3
17962.3
17962.3
17962.3
17962.3
17962.3
17962.3
1433.54
10955
17763.7
19228.8
18613.1
18124.8
18023.4
18049.5
18072.7
18079.2
18079.5
18078.9
18078.6
18078.5
18078.5
18078.5
18078.5
18078.5
18078.5
18078.5
18078.5
18078.5
18078.5
18078.5
18078.5
18078.5
18078.5
18078.5
18078.5
18078.5
220.134
7493.39
15649.1
19172
19247.1
18607.2
18300.7
18259.1
18282.1
18297.5
18301.8
18302.2
18301.9
18301.7
18301.6
18301.6
18301.6
18301.6
18301.6
18301.6
18301.6
18301.6
18301.6
18301.6
18301.6
18301.6
18301.6
18301.6
18301.6
18301.6
-308.481
4623.19
12802
18138.4
19458.1
19036.3
18569.6
18405.8
18394
18409.9
18419.1
18421.7
18422
18421.8
18421.7
18421.7
18421.7
18421.7
18421.7
18421.7
18421.7
18421.7
18421.7
18421.7
18421.7
18421.7
18421.7
18421.7
18421.7
18421.7
-456.721
2518.87
9743.22
16154.1
18881.8
19074.6
18626.8
18347.1
18269.3
18268.6
18278.3
18283.3
18284.8
18285
18284.9
18284.9
18284.9
18284.8
18284.8
18284.8
18284.8
18284.8
18284.8
18284.8
18284.8
18284.8
18284.8
18284.8
18284.8
18284.8
-424.23
1142.72
6933.79
13569.3
17472.2
18518.9
18321.3
18003
17854.9
17820.9
17822.9
17828.3
17831
17831.8
17831.9
17831.9
17831.9
17831.8
17831.8
17831.8
17831.8
17831.8
17831.8
17831.8
17831.8
17831.8
17831.8
17831.8
17831.8
17831.8
-327.944
338.179
4628.57
10803.5
15415.6
17330.3
17569.5
17331.2
17142.7
17070.2
17056.3
17058.3
17061.1
17062.5
17062.9
17062.9
17062.9
17062.9
17062.9
17062.9
17062.9
17062.9
17062.9
17062.9
17062.9
17062.9
17062.9
17062.9
17062.9
17062.9
-226.504
-73.6139
2894.73
8193.42
13002.9
15611.5
16370.2
16326.6
16153.3
16052.8
16019.2
16013.7
16015
16016.5
16017.2
16017.4
16017.4
16017.4
16017.4
16017.4
16017.4
16017.4
16017.4
16017.4
16017.4
16017.4
16017.4
16017.4
16017.4
16017.4
-143.22
-243.111
1682.97
5943.91
10523.6
13550.3
14799.6
15025.6
14928.9
14824.7
14774.6
14759.5
14757.4
14758.2
14758.9
14759.3
14759.4
14759.4
14759.4
14759.4
14759.4
14759.4
14759.4
14759.4
14759.4
14759.4
14759.4
14759.4
14759.4
14759.4
-83.2457
-278.874
891.359
4137.22
8202.22
11356.1
12983.2
13498.6
13527.8
13449.9
13393.4
13369.5
13362.9
13362.2
13362.6
13362.9
13363.1
13363.1
13363.1
13363.1
13363.1
13363.1
13363.1
13363.1
13363.1
13363.1
13363.1
13363.1
13363.1
13363.1
-43.8931
-251.024
408.308
2767.83
6177.13
9212.33
11063
11836.3
12016.9
11993.2
11944.1
11915.3
11904.3
11901.4
11901.2
11901.4
11901.6
11901.6
11901.7
11901.7
11901.7
11901.7
11901.7
11901.7
11901.7
11901.7
11901.7
11901.7
11901.7
11901.7
-20.07
-200.43
135.492
1780.3
4507.75
7252.3
9169.77
10134.4
10465.5
10514.4
10487
10459.5
10445.5
10440.5
10439.3
10439.2
10439.3
10439.4
10439.4
10439.5
10439.5
10439.5
10439.5
10439.5
10439.5
10439.5
10439.5
10439.5
10439.5
10439.5
-6.80397
-148.265
-3.58358
1099.27
3194.87
5553.69
7405.55
8479.3
8937.9
9066.11
9071.45
9052.04
9037.7
9031.09
9028.88
9028.38
9028.36
9028.41
9028.44
9028.46
9028.46
9028.46
9028.46
9028.46
9028.46
9028.46
9028.46
9028.46
9028.46
9028.46
-0.155308
-103.706
-63.363
648.864
2203.15
4145.9
5837.25
6939.55
7488.85
7691.01
7735.14
7729.78
7718.23
7711.1
7708.06
7707.09
7706.88
7706.88
7706.9
7706.92
7706.92
7706.92
7706.92
7706.92
7706.92
7706.92
7706.92
7706.92
7706.92
7706.92
2.65173
-69.3446
-79.8482
363.008
1480.08
3022.78
4498.05
5561.39
6159.44
6421.33
6504.63
6517.28
6511.5
6505.23
6501.81
6500.43
6500.01
6499.92
6499.92
6499.93
6499.94
6499.94
6499.94
6499.94
6499.94
6499.94
6499.94
6499.94
6499.94
6499.94
3.41326
-44.5962
-75.2674
189.198
969.397
2156
3393.7
4369.22
4976.23
5278.53
5396.44
5428.54
5430.78
5426.79
5423.59
5421.98
5421.37
5421.19
5421.15
5421.15
5421.16
5421.16
5421.16
5421.16
5421.16
5421.16
5421.16
5421.16
5421.16
5421.16
3.20844
-27.669
-62.3818
88.4483
619.115
1506.42
2510.53
3368.82
3951.88
4273.94
4418.46
4469.01
4480.47
4479.94
4477.6
4476.02
4475.28
4475.01
4474.93
4474.92
4474.92
4474.92
4474.92
4474.92
4474.92
4474.92
4474.92
4474.92
4474.92
4474.92
2.638
-16.5739
-47.8914
33.3493
385.373
1032.27
1823.28
2551.94
3087.26
3410.12
3571.54
3637.57
3658.3
3661.97
3661.08
3659.83
3659.07
3658.74
3658.62
3658.59
3658.58
3658.58
3658.58
3658.58
3658.58
3658.58
3658.58
3658.58
3658.58
3658.58
2.00651
-9.57063
-34.8728
5.52472
233.477
694.359
1301.45
1901.18
2374.31
2682.53
2851.01
2928.32
2957.36
2965.5
2966.48
2965.81
2965.17
2964.82
2964.67
2964.62
2964.6
2964.6
2964.6
2964.6
2964.6
2964.6
2964.6
2964.6
2964.6
2964.6
1.44769
-5.30427
-24.3955
-6.81257
137.325
458.804
913.965
1394.27
1798.94
2081.46
2248.24
2332.12
2367.8
2380.16
2383.21
2383.35
2382.95
2382.63
2382.47
2382.4
2382.38
2382.38
2382.37
2382.37
2382.38
2382.38
2382.38
2382.38
2382.38
2382.38
1.00421
-2.79625
-16.5223
-10.8994
78.067
297.94
632.033
1007.44
1343.77
1593.9
1751.97
1837.89
1878.09
1894.06
1899.16
1900.24
1900.18
1899.96
1899.81
1899.74
1899.71
1899.7
1899.7
1899.7
1899.7
1899.7
1899.7
1899.7
1899.7
1899.7
0.675175
-1.37727
-10.887
-10.9755
42.569
190.195
430.716
717.779
990.281
1205.16
1349.59
1433.59
1476.13
1494.81
1501.76
1503.81
1504.17
1504.09
1503.98
1503.91
1503.87
1503.86
1503.86
1503.86
1503.86
1503.86
1503.86
1503.86
1503.86
1503.86
0.442302
-0.609323
-7.0022
-9.39311
21.9617
119.354
289.449
504.637
720.447
900.201
1028.06
1107.07
1149.89
1170.27
1178.72
1181.69
1182.49
1182.59
1182.53
1182.48
1182.45
1182.43
1182.43
1182.42
1182.42
1182.42
1182.42
1182.42
1182.42
1182.42
0.283316
-0.216604
-4.40538
-7.36747
10.4305
73.6063
191.92
350.325
517.752
664.595
774.683
846.577
887.951
909.043
918.552
922.293
923.529
923.832
923.855
923.823
923.795
923.781
923.774
923.772
923.771
923.771
923.771
923.771
923.771
923.771
0.177883
-0.0315567
-2.71476
-5.4621
4.26954
44.5819
125.616
240.289
367.769
485.189
577.67
641.227
679.843
700.745
710.846
715.181
716.806
717.312
717.423
717.424
717.406
717.393
717.387
717.384
717.383
717.383
717.383
717.383
717.383
717.383
0.109654
0.0442471
-1.63926
-3.88908
1.17556
26.4734
81.1541
162.871
258.255
350.321
426.289
481.042
516.009
535.979
546.226
550.947
552.886
553.579
553.783
553.822
553.818
553.809
553.803
553.8
553.799
553.799
553.799
553.799
553.799
553.799
0.0667297
0.0643829
-0.977188
-2.68709
-0.183985
15.5612
52.1796
109.885
180.47
251.7
313.119
359.402
390.353
408.913
418.955
423.869
426.038
426.892
427.184
427.264
427.277
427.274
427.269
427.266
427.265
427.265
427.264
427.264
427.264
427.264
0.0354095
0.0702272
-0.48937
-1.69471
-0.95607
7.39445
29.1116
65.8353
113.428
164.044
209.936
246.278
271.836
287.984
297.222
302.029
304.306
305.285
305.662
305.789
305.824
305.83
305.828
305.827
305.825
305.825
305.825
305.825
305.825
305.825
)
;

boundaryField
{
    fixedWall_Bottom
    {
        type            greyDiffusiveRadiation;
        refValue        uniform 18049.5;
        refGradient     uniform 0;
        valueFraction   uniform 1;
        source          uniform 0;
        value           uniform 18049.5;
    }
    fixedWall_Right
    {
        type            greyDiffusiveRadiation;
        refValue        uniform 0;
        refGradient     uniform 0;
        valueFraction   uniform 0;
        source          uniform 0;
        value           nonuniform List<scalar> 
30
(
18064.5
18013.1
17962.3
18078.5
18301.6
18421.7
18284.8
17831.8
17062.9
16017.4
14759.4
13363.1
11901.7
10439.5
9028.46
7706.92
6499.94
5421.16
4474.92
3658.58
2964.6
2382.38
1899.7
1503.86
1182.42
923.771
717.383
553.799
427.264
305.825
)
;
    }
    fixedWall_Left
    {
        type            greyDiffusiveRadiation;
        refValue        uniform 0;
        refGradient     uniform 0;
        valueFraction   uniform 1;
        source          uniform 0;
        value           uniform 0;
    }
    fixedWall_Top
    {
        type            greyDiffusiveRadiation;
        refValue        uniform 0;
        refGradient     uniform 0;
        valueFraction   uniform 0;
        source          uniform 0;
        value           nonuniform List<scalar> 
30
(
0.0354095
0.0702272
-0.48937
-1.69471
-0.95607
7.39445
29.1116
65.8353
113.428
164.044
209.936
246.278
271.836
287.984
297.222
302.029
304.306
305.285
305.662
305.789
305.824
305.83
305.828
305.827
305.825
305.825
305.825
305.825
305.825
305.825
)
;
    }
    frontAndBack
    {
        type            empty;
    }
}


// ************************************************************************* //
