/*--------------------------------*- C++ -*----------------------------------*\
| =========                 |                                                 |
| \\      /  F ield         | OpenFOAM: The Open Source CFD Toolbox           |
|  \\    /   O peration     | Version:  2312                                  |
|   \\  /    A nd           | Website:  www.openfoam.com                      |
|    \\/     M anipulation  |                                                 |
\*---------------------------------------------------------------------------*/
FoamFile
{
    version     2.0;
    format      ascii;
    arch        "LSB;label=32;scalar=64";
    class       volScalarField;
    location    "0.015";
    object      ILambda_58_0;
}
// * * * * * * * * * * * * * * * * * * * * * * * * * * * * * * * * * * * * * //

dimensions      [1 0 -3 0 0 0 0];

internalField   nonuniform List<scalar> 
900
(
18056.7
18056.7
18056.7
18056.7
18056.7
18056.7
18056.7
18056.7
18056.7
18056.7
18056.7
18056.7
18056.7
18056.7
18056.7
18056.7
18056.7
18056.7
18056.8
18057.1
18058
18059.8
18060.1
18051.5
18025.2
18013.8
18174.8
18656.8
18346.1
11655.4
17975
17975
17975
17975
17975
17975
17975
17975
17975
17975
17975
17975
17975
17975
17975
17975
17975.1
17975.3
17975.9
17976.7
17976.3
17969.6
17947.8
17916
17946.9
18224.2
18786.6
18545.4
14335.9
4099.66
18005.1
18005.1
18005.1
18005.1
18005.1
18005.1
18005.1
18005.1
18005.1
18005.1
18005.1
18005.1
18005.1
18005.1
18005.1
18005.2
18005.4
18005.7
18005.5
18002.8
17992.7
17971
17952.3
18014.9
18317.8
18872.7
18844.7
16029.4
8745.52
670.344
18258.3
18258.3
18258.3
18258.3
18258.3
18258.3
18258.3
18258.3
18258.3
18258.3
18258.3
18258.3
18258.3
18258.4
18258.4
18258.5
18258.5
18257.5
18253.9
18244.7
18230
18227.9
18305.1
18582.6
19073
19190.1
17311.1
11796.3
4081.83
-446.216
18482.7
18482.7
18482.7
18482.7
18482.7
18482.7
18482.7
18482.7
18482.7
18482.7
18482.7
18482.7
18482.8
18482.8
18482.8
18482.5
18481.3
18478.2
18471.9
18465
18474.3
18549.7
18773.9
19157.6
19319.4
18113.4
14048.1
7268.58
1185.89
-547.887
18364.1
18364.1
18364.1
18364.1
18364.1
18364.1
18364.1
18364.1
18364.1
18364.1
18364.1
18364.1
18364.1
18364
18363.7
18362.7
18360.5
18357.1
18355.7
18369.8
18433.5
18598.6
18870.4
19009.8
18255.4
15406.7
9937.51
3612.76
-164.535
-349.698
17773.5
17773.5
17773.5
17773.5
17773.5
17773.5
17773.5
17773.5
17773.5
17773.5
17773.5
17773.4
17773.3
17773.1
17772.4
17771.1
17769.7
17771.2
17785.3
17833.9
17947.5
18126
18220.8
17747.4
15835.1
11756.3
6104.76
1275.91
-552.109
-153.277
16735.8
16735.8
16735.8
16735.8
16735.8
16735.8
16735.8
16735.8
16735.8
16735.8
16735.8
16735.7
16735.5
16735.1
16734.5
16734.3
16736.8
16748.6
16782.9
16856.9
16967.2
17021.3
16717.5
15467.5
12605.2
8086.65
3215.05
90.431
-501.182
-35.2054
15347.1
15347.1
15347.1
15347.1
15347.1
15347.1
15347.1
15347.1
15347.1
15347.1
15347
15346.9
15346.7
15346.5
15346.8
15349.3
15358.1
15381
15427
15491.7
15516.8
15316.9
14511
12585.3
9252.72
5030.05
1375.16
-349.972
-330.455
15.7211
13730.5
13730.5
13730.5
13730.5
13730.5
13730.5
13730.5
13730.5
13730.5
13730.4
13730.4
13730.3
13730.3
13730.7
13732.8
13738.9
13753.5
13780.9
13816.9
13824.7
13690.7
13174.6
11914.5
9591.99
6293.84
2816.66
375.454
-410.722
-177.471
28.4039
12009.6
12009.6
12009.6
12009.6
12009.6
12009.6
12009.6
12009.6
12009.6
12009.6
12009.5
12009.6
12010
12011.5
12015.5
12024.4
12040.2
12059.1
12057.9
11967.4
11638.4
10829.1
9272.88
6876.42
3978.8
1391.34
-73.4988
-326.291
-77.1265
24.9486
10290.8
10290.8
10290.8
10290.8
10290.8
10290.8
10290.8
10290.8
10290.7
10290.8
10290.8
10291.2
10292.2
10294.7
10299.9
10308.6
10317.9
10313.1
10252.1
10043.3
9530.73
8516.67
6861.42
4653.86
2335.99
569.708
-216.218
-215.802
-23.0076
17.3142
8654.92
8654.92
8654.92
8654.92
8654.92
8654.91
8654.91
8654.91
8654.92
8655
8655.24
8655.89
8657.39
8660.34
8664.92
8669.02
8663.45
8622.7
8491.13
8170.25
7523.35
6421.28
4841.6
2980.75
1265.22
150.097
-216.671
-125.55
1.02832
10.4407
7156.55
7156.55
7156.55
7156.55
7156.55
7156.55
7156.55
7156.56
7156.62
7156.78
7157.17
7158.04
7159.65
7161.95
7163.45
7158.45
7131.57
7049.28
6850.62
6445.07
5731.63
4651.65
3266.49
1808.05
620.807
-31.7605
-167.539
-65.0887
8.8274
5.63383
5826.55
5826.55
5826.55
5826.55
5826.55
5826.55
5826.56
5826.6
5826.7
5826.93
5827.42
5828.26
5829.34
5829.65
5825.67
5808.2
5757.21
5635.51
5385.09
4933.64
4220.64
3244.6
2111.28
1036.83
263.412
-88.8734
-112.922
-29.5825
9.31227
2.72314
4676.77
4676.77
4676.77
4676.78
4676.78
4676.79
4676.81
4676.87
4677
4677.26
4677.68
4678.15
4677.99
4675.05
4663.87
4632.58
4558.81
4406.29
4126.08
3668.4
3008.87
2183.31
1308.76
558.992
83.0033
-89.6005
-69.1472
-10.975
7.29048
1.14528
3705.09
3705.09
3705.09
3705.09
3705.1
3705.11
3705.15
3705.22
3705.35
3705.55
3705.72
3705.43
3703.37
3696.33
3677.33
3633.08
3541.35
3370.34
3083.37
2652.39
2079.83
1419.52
778.068
279.826
2.90589
-70.6127
-39.1047
-2.36571
4.94735
0.376543
2899.99
2899.99
2900
2900
2900.01
2900.03
2900.06
2900.13
2900.22
2900.26
2899.97
2898.59
2894.22
2882.81
2856.54
2802.03
2699.23
2522.88
2248.95
1867.04
1395.93
892.725
442.949
126.527
-25.3114
-49.0275
-20.4978
0.958799
3.06031
0.0477932
2244.5
2244.5
2244.5
2244.5
2244.52
2244.53
2244.57
2244.6
2244.59
2244.36
2243.46
2240.8
2234.01
2218.57
2186.54
2125.59
2019.12
1849.05
1602.33
1280.9
910.836
543.349
240.563
48.1389
-29.6555
-31.2783
-9.88166
1.80348
1.76336
-0.0652839
1719.09
1719.09
1719.09
1719.1
1719.11
1719.12
1719.13
1719.11
1718.94
1718.37
1716.77
1712.78
1703.8
1685.18
1649.49
1586.22
1482.76
1327.62
1116.14
857.407
578.334
320.011
123.699
11.608
-24.9201
-18.6852
-4.26848
1.66088
0.955494
-0.0849087
1303.86
1303.86
1303.86
1303.87
1303.87
1303.87
1303.85
1303.74
1303.39
1302.43
1300.12
1294.94
1284.23
1263.59
1226.52
1164.7
1069.36
934.402
760.758
560.511
357.582
182.191
59.3397
-3.10667
-18.1133
-10.5444
-1.5329
1.23923
0.487914
-0.0712616
979.899
979.9
979.902
979.903
979.901
979.882
979.811
979.597
979.039
977.707
974.757
968.658
956.846
935.414
899.061
841.649
757.72
645.077
507.795
358.148
215.366
100.036
25.7368
-7.39105
-12.0539
-5.63641
-0.330635
0.827249
0.233668
-0.0506918
730.105
730.106
730.106
730.104
730.09
730.045
729.918
729.596
728.838
727.172
723.734
717.049
704.808
683.741
649.778
598.745
527.746
437.105
332.179
223.826
126.342
52.7462
9.30273
-7.28368
-7.52771
-2.84667
0.117292
0.512863
0.103391
-0.0328361
539.581
539.581
539.579
539.57
539.542
539.468
539.284
538.857
537.926
536.006
532.261
525.35
513.305
493.535
463.112
419.457
361.48
290.892
213.106
136.878
72.1486
26.5035
1.96219
-5.73587
-4.4672
-1.34572
0.228788
0.300581
0.0407299
-0.0199538
395.719
395.717
395.712
395.696
395.653
395.549
395.311
394.795
393.734
391.657
387.797
380.996
369.656
351.837
325.573
289.483
243.615
190.243
134.157
81.9309
40.0532
12.5127
-0.853278
-4.03529
-2.53561
-0.582442
0.211154
0.168088
0.0128189
-0.0115477
288.105
288.101
288.091
288.067
288.009
287.878
287.595
287.013
285.873
283.74
279.944
273.527
263.257
247.758
225.819
196.884
161.621
122.338
82.9153
48.0015
21.5654
5.39293
-1.59626
-2.64069
-1.38054
-0.218492
0.15801
0.0900975
0.0016856
-0.00641788
208.308
208.302
208.289
208.257
208.185
208.031
207.715
207.095
205.928
203.833
200.248
194.414
185.426
172.367
154.578
132.015
105.603
77.3945
50.3298
27.5187
11.2171
1.97592
-1.50654
-1.6384
-0.720959
-0.05891
0.106178
0.0463499
-0.00193074
-0.00344137
149.596
149.588
149.571
149.532
149.449
149.279
148.945
148.313
147.169
145.189
141.921
136.792
129.164
118.475
104.436
87.2857
67.975
48.178
30.0032
15.4211
5.59658
0.464425
-1.16478
-0.973747
-0.359894
0.00250868
0.0665683
0.0228423
-0.00251762
-0.00178443
107.166
107.156
107.135
107.091
107
106.821
106.481
105.861
104.778
102.966
100.074
95.6826
89.3706
80.8217
69.9792
57.2009
43.3423
29.6874
17.6797
8.50375
2.68011
-0.106091
-0.811353
-0.559443
-0.171888
0.0198224
0.0396421
0.0107906
-0.00207247
-0.000897313
70.9355
70.9235
70.9001
70.8524
70.7585
70.5805
70.2553
69.6839
68.7206
67.1661
64.7727
61.2693
56.4159
50.0867
42.3682
33.6373
24.5726
16.0548
8.95325
3.86002
0.888946
-0.341259
-0.508514
-0.277003
-0.0594008
0.0237841
0.0211904
0.00378511
-0.00154987
-0.000373236
)
;

boundaryField
{
    fixedWall_Bottom
    {
        type            greyDiffusiveRadiation;
        refValue        uniform 18049.5;
        refGradient     uniform 0;
        valueFraction   uniform 1;
        source          uniform 0;
        value           uniform 18049.5;
    }
    fixedWall_Right
    {
        type            greyDiffusiveRadiation;
        refValue        uniform 0;
        refGradient     uniform 0;
        valueFraction   uniform 1;
        source          uniform 0;
        value           uniform 0;
    }
    fixedWall_Left
    {
        type            greyDiffusiveRadiation;
        refValue        uniform 0;
        refGradient     uniform 0;
        valueFraction   uniform 0;
        source          uniform 0;
        value           nonuniform List<scalar> 
30
(
18056.7
17975
18005.1
18258.3
18482.7
18364.1
17773.5
16735.8
15347.1
13730.5
12009.6
10290.8
8654.92
7156.55
5826.55
4676.77
3705.09
2899.99
2244.5
1719.09
1303.86
979.899
730.105
539.581
395.719
288.105
208.308
149.596
107.166
70.9355
)
;
    }
    fixedWall_Top
    {
        type            greyDiffusiveRadiation;
        refValue        uniform 0;
        refGradient     uniform 0;
        valueFraction   uniform 0;
        source          uniform 0;
        value           nonuniform List<scalar> 
30
(
70.9355
70.9235
70.9001
70.8524
70.7585
70.5805
70.2553
69.6839
68.7206
67.1661
64.7727
61.2693
56.4159
50.0867
42.3682
33.6373
24.5726
16.0548
8.95325
3.86002
0.888946
-0.341259
-0.508514
-0.277003
-0.0594008
0.0237841
0.0211904
0.00378511
-0.00154987
-0.000373236
)
;
    }
    frontAndBack
    {
        type            empty;
    }
}


// ************************************************************************* //
