/*--------------------------------*- C++ -*----------------------------------*\
| =========                 |                                                 |
| \\      /  F ield         | OpenFOAM: The Open Source CFD Toolbox           |
|  \\    /   O peration     | Version:  2312                                  |
|   \\  /    A nd           | Website:  www.openfoam.com                      |
|    \\/     M anipulation  |                                                 |
\*---------------------------------------------------------------------------*/
FoamFile
{
    version     2.0;
    format      ascii;
    arch        "LSB;label=32;scalar=64";
    class       volScalarField;
    location    "0.015";
    object      ILambda_15_0;
}
// * * * * * * * * * * * * * * * * * * * * * * * * * * * * * * * * * * * * * //

dimensions      [1 0 -3 0 0 0 0];

internalField   nonuniform List<scalar> 
900
(
653.213
1905.84
3086.83
4196.77
5247.06
6244.33
7187.21
8071.52
8893.15
9648.7
10336
10954.3
11504.7
11989.4
12412
12777.1
13089.5
13354.6
13577.8
13764.2
13918.9
14046.3
14150.6
14235.4
14304.1
14359.4
14403.6
14438.9
14466.3
14493.7
-204.216
-530.477
-761.759
-904.68
-965.877
-947.885
-854.08
-691.464
-469.976
-201.354
101.817
427.012
762.545
1098.12
1425.15
1736.91
2028.5
2296.68
2539.67
2756.92
2948.81
3116.45
3261.43
3385.66
3491.21
3580.18
3654.61
3716.54
3766.63
3818.33
-6.95724
-47.752
-114.507
-203.614
-311.22
-430.96
-554.648
-674.107
-782.281
-873.799
-945.219
-995.003
-1023.28
-1031.48
-1021.99
-997.736
-961.87
-917.523
-867.602
-814.673
-760.895
-708.001
-657.306
-609.749
-565.94
-526.211
-490.679
-459.231
-432.377
-402.857
0.855656
3.86901
6.72499
7.32585
3.03405
-8.54159
-28.7037
-57.4708
-93.777
-135.798
-181.306
-227.998
-273.747
-316.777
-355.747
-389.777
-418.413
-441.576
-459.477
-472.539
-481.323
-486.46
-488.598
-488.363
-486.331
-483.01
-478.836
-474.148
-469.429
-463.076
0.0320918
0.47258
1.66643
4.0231
7.61393
12.0316
16.5541
20.3705
22.7605
23.209
21.4566
17.4953
11.5283
3.91075
-4.91474
-14.4763
-24.3206
-34.0465
-43.3252
-51.9095
-59.6326
-66.4015
-72.186
-77.0058
-80.9179
-84.0041
-86.3614
-88.0894
-89.3086
-90.0881
-9.44238e-05
-0.01564
-0.0413878
0.0185217
0.328509
1.03957
2.22736
3.87259
5.87175
8.06505
10.2697
12.3103
14.0412
15.3597
16.21
16.5811
16.4992
16.0182
15.2098
14.1538
12.9302
11.6139
10.2701
8.95253
7.70245
6.54928
5.51159
4.59852
3.81929
3.04256
-0.00011511
0.000334567
-0.0138604
-0.0586903
-0.132294
-0.211391
-0.259306
-0.237543
-0.115966
0.120899
0.471962
0.921284
1.44208
2.00166
2.56624
3.10484
3.59207
4.00959
4.34645
4.59866
4.76811
4.86123
4.88757
4.85845
4.78582
4.68134
4.55573
4.41817
4.2797
4.10678
-0.00016881
0.000400148
0.00135703
-0.000990346
-0.0118166
-0.0349328
-0.0708308
-0.116207
-0.164763
-0.20872
-0.240471
-0.253932
-0.245387
-0.213774
-0.160511
-0.0889889
-0.00390933
0.0894104
0.185658
0.28001
0.368463
0.448006
0.51666
0.573417
0.618109
0.651242
0.673815
0.687096
0.693157
0.688878
-2.65547e-05
-7.768e-05
0.000223344
0.00100722
0.00186946
0.00191073
3.74764e-05
-0.00465969
-0.0126107
-0.0236349
-0.0369769
-0.0514672
-0.0657426
-0.0784699
-0.0885288
-0.0951314
-0.0978741
-0.0967294
-0.0919925
-0.0842016
-0.0740481
-0.0622891
-0.0496728
-0.0368813
-0.024492
-0.0129567
-0.00259608
0.00638644
0.0139355
0.0204969
1.04421e-06
-1.98039e-05
-2.63629e-05
6.23654e-05
0.000321482
0.000763663
0.00131019
0.00180096
0.00203425
0.00181786
0.00101466
-0.000428697
-0.00247361
-0.00499985
-0.00782876
-0.0107524
-0.0135626
-0.0160753
-0.0181473
-0.0196857
-0.0206487
-0.021042
-0.0209099
-0.020325
-0.0193774
-0.0181644
-0.0167818
-0.0153181
-0.0138613
-0.0122038
7.65163e-07
-5.55732e-07
-6.98005e-06
-1.39134e-05
-8.15087e-06
2.79958e-05
0.000108985
0.000238889
0.000407773
0.000592538
0.000761435
0.000880518
0.000920145
0.000860055
0.000692216
0.000421277
6.3006e-05
-0.000358668
-0.000815266
-0.00127736
-0.00171771
-0.00211354
-0.00244797
-0.00271055
-0.00289707
-0.00300877
-0.00305131
-0.00303335
-0.00296935
-0.00282264
8.28071e-08
2.50694e-07
-2.76938e-07
-2.20752e-06
-5.46738e-06
-8.63242e-06
-9.02572e-06
-3.44327e-06
1.08231e-05
3.50585e-05
6.85867e-05
0.000108741
0.000151297
0.000191203
0.000223424
0.0002437
0.000249101
0.000238322
0.000211703
0.000171037
0.000119219
5.98213e-05
-3.33388e-06
-6.65578e-05
-0.000126595
-0.000180824
-0.000227364
-0.00026505
-0.000294013
-0.000311127
2.10968e-10
3.9485e-08
7.33868e-08
-1.76897e-08
-3.9445e-07
-1.15808e-06
-2.24917e-06
-3.40135e-06
-4.17203e-06
-4.03942e-06
-2.53136e-06
6.53767e-07
5.56609e-06
1.19793e-05
1.94215e-05
2.72492e-05
3.47439e-05
4.12127e-05
4.6074e-05
4.89177e-05
4.95366e-05
4.79275e-05
4.42692e-05
3.88836e-05
3.21876e-05
2.46445e-05
1.67181e-05
8.84214e-06
1.34569e-06
-5.96787e-06
-9.044e-10
2.11977e-09
1.21022e-08
2.47748e-08
2.32892e-08
-1.96073e-08
-1.31377e-07
-3.2598e-07
-5.9252e-07
-8.90904e-07
-1.15624e-06
-1.31059e-06
-1.27858e-06
-1.00277e-06
-4.55334e-07
3.56262e-07
1.3899e-06
2.57511e-06
3.82309e-06
5.03849e-06
6.13081e-06
7.02385e-06
7.66232e-06
8.01511e-06
8.07553e-06
7.8589e-06
7.39835e-06
6.74023e-06
5.94169e-06
4.88093e-06
-1.28104e-10
-1.47166e-10
6.46742e-10
2.93687e-09
6.56207e-09
9.67287e-09
8.59141e-09
-1.40918e-09
-2.46033e-08
-6.31135e-08
-1.15605e-07
-1.7681e-07
-2.38019e-07
-2.8842e-07
-3.16918e-07
-3.14028e-07
-2.73453e-07
-1.93073e-07
-7.52328e-08
7.36457e-08
2.43977e-07
4.24258e-07
6.02421e-07
7.67095e-07
9.08639e-07
1.01985e-06
1.09632e-06
1.13647e-06
1.14296e-06
1.09242e-06
-9.67455e-12
-3.94206e-11
-3.53065e-11
1.13496e-10
5.43499e-10
1.31087e-09
2.27614e-09
3.03869e-09
2.96597e-09
1.32309e-09
-2.53125e-09
-8.94034e-09
-1.77958e-08
-2.8477e-08
-3.98986e-08
-5.06537e-08
-5.9219e-08
-6.41797e-08
-6.44319e-08
-5.93304e-08
-4.87632e-08
-3.31501e-08
-1.33736e-08
9.33876e-09
3.35606e-08
5.78173e-08
8.07226e-08
1.01082e-07
1.18254e-07
1.29674e-07
-2.89317e-13
-4.0292e-12
-1.01145e-11
-1.14278e-11
9.19776e-12
7.49455e-11
2.04114e-10
3.95469e-10
6.15996e-10
7.96927e-10
8.41137e-10
6.41069e-10
1.02918e-10
-8.29054e-10
-2.15411e-09
-3.80682e-09
-5.66075e-09
-7.54304e-09
-9.25666e-09
-1.06063e-08
-1.1423e-08
-1.15845e-08
-1.10279e-08
-9.75465e-09
-7.8271e-09
-5.35884e-09
-2.50055e-09
5.74459e-10
3.71801e-09
6.85131e-09
3.53108e-14
-2.39186e-13
-1.05181e-12
-2.40308e-12
-3.32161e-12
-1.46658e-12
6.6554e-12
2.46405e-11
5.45117e-11
9.49558e-11
1.4013e-10
1.79554e-10
1.99292e-10
1.84234e-10
1.20992e-10
7.74771e-13
-1.78393e-10
-4.10539e-10
-6.81912e-10
-9.7238e-10
-1.25776e-09
-1.51271e-09
-1.71359e-09
-1.8411e-09
-1.88212e-09
-1.83081e-09
-1.68873e-09
-1.46457e-09
-1.17121e-09
-7.75628e-10
7.41304e-15
-3.28747e-15
-6.57114e-14
-2.32241e-13
-5.12938e-13
-8.00335e-13
-8.05713e-13
-5.59129e-14
2.01918e-12
5.91313e-12
1.18249e-11
1.9461e-11
2.79234e-11
3.57284e-11
4.09677e-11
4.15853e-11
3.57183e-11
2.20335e-11
-3.52856e-15
-2.99756e-11
-6.65008e-11
-1.07356e-10
-1.49714e-10
-1.90449e-10
-2.26472e-10
-2.55038e-10
-2.74001e-10
-2.82017e-10
-2.78771e-10
-2.55927e-10
8.55742e-16
1.239e-15
-1.4582e-15
-1.3962e-14
-4.46644e-14
-9.77085e-14
-1.63679e-13
-2.10636e-13
-1.80408e-13
5.82815e-15
4.31497e-13
1.16062e-12
2.21152e-12
3.53524e-12
5.00518e-12
6.4218e-12
7.53288e-12
8.06617e-12
7.76885e-12
6.44676e-12
3.99676e-12
4.26937e-13
-4.13794e-12
-9.46623e-12
-1.52422e-11
-2.10981e-11
-2.66502e-11
-3.15379e-11
-3.551e-11
-3.74277e-11
7.81778e-17
2.01591e-16
2.56412e-16
-2.86625e-16
-2.45689e-15
-7.59854e-15
-1.66991e-14
-2.93005e-14
-4.23159e-14
-4.92476e-14
-4.02931e-14
-3.61397e-15
7.22958e-14
1.95562e-13
3.67871e-13
5.8215e-13
8.21589e-13
1.06038e-12
1.26615e-12
1.40368e-12
1.4395e-12
1.34636e-12
1.10709e-12
7.17276e-13
1.8625e-13
-4.63474e-13
-1.19826e-12
-1.97658e-12
-2.76184e-12
-3.46034e-12
6.21005e-18
2.12857e-17
4.7077e-17
5.68331e-17
-2.97694e-17
-3.64287e-16
-1.15181e-15
-2.5801e-15
-4.69684e-15
-7.26224e-15
-9.62505e-15
-1.06765e-14
-8.92363e-15
-2.69513e-15
9.5434e-15
2.882e-14
5.5308e-14
8.80749e-14
1.24989e-13
1.62818e-13
1.97503e-13
2.24595e-13
2.39755e-13
2.39283e-13
2.20571e-13
1.82432e-13
1.25272e-13
5.11135e-14
-3.75951e-14
-1.39839e-13
4.47294e-19
1.84973e-18
5.20171e-18
1.02467e-17
1.291e-17
1.76908e-18
-4.43665e-17
-1.55213e-16
-3.61961e-16
-6.83993e-16
-1.11145e-15
-1.58812e-15
-2.00034e-15
-2.17722e-15
-1.90544e-15
-9.58203e-16
8.65071e-16
3.69524e-15
7.55409e-15
1.2327e-14
1.77539e-14
2.34401e-14
2.88886e-14
3.35475e-14
3.6867e-14
3.8359e-14
3.76503e-14
3.45299e-14
2.88926e-14
1.95624e-14
2.99103e-20
1.42354e-19
4.66507e-19
1.13492e-18
2.1086e-18
2.82797e-18
1.77232e-18
-3.88143e-18
-1.82285e-17
-4.59856e-17
-9.11168e-17
-1.5487e-16
-2.33611e-16
-3.1703e-16
-3.87328e-16
-4.19853e-16
-3.85403e-16
-2.54025e-16
1.77912e-19
3.94003e-16
9.30727e-16
1.5971e-15
2.36238e-15
3.17959e-15
3.98901e-15
4.72347e-15
5.31464e-15
5.70063e-15
5.82931e-15
5.45881e-15
1.88508e-21
1.00439e-20
3.68823e-20
1.02647e-19
2.28121e-19
4.10524e-19
5.80487e-19
5.47243e-19
-4.84105e-20
-1.74498e-18
-5.20652e-18
-1.10877e-17
-1.98226e-17
-3.13687e-17
-4.496e-17
-5.89334e-17
-7.06906e-17
-7.68346e-17
-7.34894e-17
-5.67753e-17
-2.33775e-17
2.88752e-17
1.00515e-16
1.90099e-16
2.94104e-16
4.07057e-16
5.21917e-16
6.30738e-16
7.25818e-16
7.76551e-16
1.13154e-22
6.62809e-22
2.66797e-21
8.21044e-21
2.0515e-20
4.28697e-20
7.56413e-20
1.11078e-19
1.26595e-19
7.84793e-20
-1.01043e-19
-5.0021e-19
-1.21529e-18
-2.32896e-18
-3.88164e-18
-5.84063e-18
-8.07351e-18
-1.03327e-17
-1.22573e-17
-1.33944e-17
-1.32414e-17
-1.13033e-17
-7.15858e-18
-5.25608e-19
8.68197e-18
2.03177e-17
3.3989e-17
4.90798e-17
6.49116e-17
7.87786e-17
6.51894e-24
4.14445e-23
1.80314e-22
6.02095e-22
1.6444e-21
3.80396e-21
7.60075e-21
1.32215e-20
1.99058e-20
2.51375e-20
2.38287e-20
7.79697e-21
-3.41196e-20
-1.15017e-19
-2.47822e-19
-4.42247e-19
-7.0119e-19
-1.0172e-18
-1.36974e-18
-1.72394e-18
-2.03143e-18
-2.23341e-18
-2.26586e-18
-2.06633e-18
-1.58162e-18
-7.75169e-19
3.66569e-19
1.83053e-18
3.59357e-18
5.52429e-18
3.6257e-25
2.47798e-24
1.15391e-23
4.13082e-23
1.21372e-22
3.03814e-22
6.63114e-22
1.28011e-21
2.20079e-21
3.36536e-21
4.51256e-21
5.07716e-21
4.11048e-21
2.60902e-22
-8.15086e-21
-2.294e-20
-4.57497e-20
-7.7655e-20
-1.18733e-19
-1.67673e-19
-2.21503e-19
-2.75509e-19
-3.23388e-19
-3.57658e-19
-3.7028e-19
-3.53464e-19
-3.00537e-19
-2.06764e-19
-6.79582e-20
1.23595e-19
1.95576e-26
1.42629e-25
7.05717e-25
2.68595e-24
8.40428e-24
2.24667e-23
5.26027e-23
1.09691e-22
2.05973e-22
3.5043e-22
5.40751e-22
7.52237e-22
9.25265e-22
9.5427e-22
6.82078e-22
-9.6444e-23
-1.61837e-21
-4.12327e-21
-7.81178e-21
-1.27968e-20
-1.90538e-20
-2.6379e-20
-3.43631e-20
-4.23884e-20
-4.96519e-20
-5.52168e-20
-5.80875e-20
-5.73045e-20
-5.1841e-20
-3.87423e-20
1.04248e-27
8.08101e-27
4.2327e-26
1.70545e-25
5.65397e-25
1.60389e-24
3.99475e-24
8.89408e-24
1.79298e-23
3.30235e-23
5.58913e-23
8.71463e-23
1.2501e-22
1.63773e-22
1.92281e-22
1.92853e-22
1.41064e-22
6.80525e-24
-2.4315e-22
-6.41056e-22
-1.21289e-21
-1.97242e-21
-2.9154e-21
-4.01495e-21
-5.21874e-21
-6.44899e-21
-7.60552e-21
-8.57244e-21
-9.21163e-21
-9.04626e-21
)
;

boundaryField
{
    fixedWall_Bottom
    {
        type            greyDiffusiveRadiation;
        refValue        uniform 18049.5;
        refGradient     uniform 0;
        valueFraction   uniform 1;
        source          uniform 0;
        value           uniform 18049.5;
    }
    fixedWall_Right
    {
        type            greyDiffusiveRadiation;
        refValue        uniform 0;
        refGradient     uniform 0;
        valueFraction   uniform 0;
        source          uniform 0;
        value           nonuniform List<scalar> 
30
(
14493.7
3818.33
-402.857
-463.076
-90.0881
3.04256
4.10678
0.688878
0.0204969
-0.0122038
-0.00282264
-0.000311127
-5.96787e-06
4.88093e-06
1.09242e-06
1.29674e-07
6.85131e-09
-7.75628e-10
-2.55927e-10
-3.74277e-11
-3.46034e-12
-1.39839e-13
1.95624e-14
5.45881e-15
7.76551e-16
7.87786e-17
5.52429e-18
1.23595e-19
-3.87423e-20
-9.04626e-21
)
;
    }
    fixedWall_Left
    {
        type            greyDiffusiveRadiation;
        refValue        uniform 0;
        refGradient     uniform 0;
        valueFraction   uniform 1;
        source          uniform 0;
        value           uniform 0;
    }
    fixedWall_Top
    {
        type            greyDiffusiveRadiation;
        refValue        uniform 0;
        refGradient     uniform 0;
        valueFraction   uniform 0;
        source          uniform 0;
        value           nonuniform List<scalar> 
30
(
1.04248e-27
8.08101e-27
4.2327e-26
1.70545e-25
5.65397e-25
1.60389e-24
3.99475e-24
8.89408e-24
1.79298e-23
3.30235e-23
5.58913e-23
8.71463e-23
1.2501e-22
1.63773e-22
1.92281e-22
1.92853e-22
1.41064e-22
6.80525e-24
-2.4315e-22
-6.41056e-22
-1.21289e-21
-1.97242e-21
-2.9154e-21
-4.01495e-21
-5.21874e-21
-6.44899e-21
-7.60552e-21
-8.57244e-21
-9.21163e-21
-9.04626e-21
)
;
    }
    frontAndBack
    {
        type            empty;
    }
}


// ************************************************************************* //
