/*--------------------------------*- C++ -*----------------------------------*\
| =========                 |                                                 |
| \\      /  F ield         | OpenFOAM: The Open Source CFD Toolbox           |
|  \\    /   O peration     | Version:  2312                                  |
|   \\  /    A nd           | Website:  www.openfoam.com                      |
|    \\/     M anipulation  |                                                 |
\*---------------------------------------------------------------------------*/
FoamFile
{
    version     2.0;
    format      ascii;
    arch        "LSB;label=32;scalar=64";
    class       volScalarField;
    location    "0.015";
    object      ILambda_52_0;
}
// * * * * * * * * * * * * * * * * * * * * * * * * * * * * * * * * * * * * * //

dimensions      [1 0 -3 0 0 0 0];

internalField   nonuniform List<scalar> 
900
(
17989.7
17989.7
17989.7
17989.7
17989.7
17989.7
17989.7
17989.6
17989.5
17989.3
17989
17988.4
17987.7
17986.6
17985.3
17984.1
17983.8
17986.3
17995.1
18016.6
18060
18137.2
18257.3
18411.8
18542.2
18483.2
17887.5
16141.9
12320.5
5319.05
18383.9
18383.9
18383.9
18383.8
18383.8
18383.7
18383.7
18383.6
18383.6
18383.7
18384.2
18385.4
18388.2
18393.8
18404.3
18422.9
18453.7
18501.1
18567.5
18648
18719.8
18724.3
18540.9
17959.7
16675.1
14352.2
10814.8
6335.05
1923.99
-572.482
18620.5
18620.5
18620.5
18620.5
18620.6
18620.8
18621.3
18622.1
18623.7
18626.4
18631
18638.4
18650
18666.7
18689
18714.5
18735.4
18732.6
18667.3
18469.4
18025.2
17171.1
15705.4
13442.4
10327.3
6602.66
2916.56
179.544
-910.258
-456.437
17430.7
17430.8
17431
17431.3
17431.8
17432.7
17434.1
17436.3
17439.4
17443.7
17448.8
17453.7
17455.3
17447.1
17416.3
17339.5
17177.7
16870.2
16329.4
15441.5
14079.4
12136.8
9589.47
6579.01
3481.09
876.063
-673.129
-995.614
-529.941
-42.68
14697.4
14697.7
14698
14698.5
14699.1
14699.9
14700.5
14700.6
14699
14693.4
14679.7
14650.3
14592.6
14486.1
14299.7
13988.6
13492.6
12738
11646.7
10155.3
8247.9
5997.86
3605.77
1402.83
-220.715
-984.284
-922.369
-440.395
-52.4344
28.5433
11319.6
11319.6
11319.5
11319.1
11318.1
11315.5
11310.2
11299.9
11280.6
11245.9
11186
11085.8
10923.5
10669.4
10285.1
9725.37
8943.07
7899.79
6582.32
5024.03
3325.44
1662.43
265.7
-642.77
-950.991
-750.46
-332.797
-24.0599
49.2384
7.20643
8149.35
8148.23
8146.45
8143.12
8137.12
8126.58
8108.55
8078.46
8029.45
7951.6
7831.05
7649.4
7383.56
7006.68
6490.99
5813.03
4961.95
3950.19
2824.49
1672.65
619.301
-196.255
-662.505
-748.824
-542.154
-228.916
-2.42842
58.0868
22.1159
-3.2461
5577.14
5573.59
5568.53
5560.03
5546.17
5523.97
5489.12
5435.54
5354.95
5236.57
5067.06
4831.01
4512.33
4096.86
3576.31
2953.57
2248.44
1502.06
777.278
151.845
-297.955
-521.762
-520.436
-358.166
-145.967
7.38914
54.3039
29.2277
0.477776
-2.53082
3661.93
3654.97
3645.61
3630.9
3608.38
3574.55
3524.69
3452.73
3351.23
3211.58
3024.68
2782.12
2478.05
2111.79
1690.64
1232.56
767.33
334.952
-20.0537
-258.766
-360.73
-335.143
-223.743
-89.5563
8.2711
42.4332
28.4061
4.77905
-3.4526
-0.614765
2317.48
2307.03
2293.62
2273.62
2244.59
2203.22
2145.49
2066.72
1961.86
1826.05
1655.46
1448.53
1207.31
938.986
656.767
379.889
131.874
-63.2717
-186.733
-231.23
-205.666
-135.14
-54.225
5.61494
29.1666
22.8733
6.86677
-2.06123
-1.86195
0.0960539
1416.54
1403.57
1387.63
1364.93
1333.51
1290.86
1234.27
1161.01
1068.73
955.993
822.97
672.161
509.016
342.199
183.219
45.1501
-59.6215
-122.382
-141.074
-122.121
-79.8352
-32.7005
2.7958
18.3169
16.3096
6.76996
-0.399728
-1.83918
-0.500701
0.150122
836.79
822.944
806.615
784.343
754.85
716.643
668.349
608.948
538.084
456.426
366.012
270.487
175.108
86.393
11.3141
-43.9481
-75.4973
-83.08
-70.7617
-46.3949
-19.6647
0.888157
10.744
10.6887
5.5143
0.634661
-1.21469
-0.749746
-0.0192963
0.0738294
477.563
464.52
449.754
430.425
405.911
375.56
338.991
296.25
247.99
195.624
141.398
88.329
39.9606
-0.106543
-28.8642
-44.6216
-47.6077
-40.204
-26.5933
-11.7679
-0.10941
5.95397
6.57656
3.98602
1.00081
-0.579772
-0.656761
-0.184376
0.0566847
0.0233183
263.036
252.003
240.015
224.937
206.612
184.924
160.023
132.395
102.931
72.9352
44.07
18.2007
-2.85789
-17.6693
-25.5185
-26.6739
-22.4595
-15.0513
-6.98683
-0.494309
3.13328
3.8473
2.65156
0.960709
-0.161854
-0.437261
-0.227786
-0.0101434
0.0359758
0.00436322
139.599
131.11
122.26
111.562
99.1035
85.0175
69.6241
53.4484
37.2169
21.8153
8.20125
-2.72796
-10.2961
-14.2071
-14.6581
-12.3574
-8.41497
-4.10466
-0.550213
1.56627
2.15629
1.65697
0.756944
0.0439625
-0.237618
-0.18879
-0.0513868
0.0174206
0.0143278
-0.000289369
71.248
65.2461
59.2496
52.2834
44.5162
36.1378
27.4443
18.8261
10.7432
3.6772
-1.93488
-5.77782
-7.7312
-7.91742
-6.70422
-4.64818
-2.38167
-0.466794
0.740119
1.1631
0.984919
0.531693
0.113012
-0.104395
-0.126087
-0.0587249
-0.00224388
0.0117021
0.00421252
-0.00070487
34.8867
30.9575
27.201
23.01
18.5426
13.9566
9.45628
5.27532
1.65198
-1.20337
-3.1448
-4.12387
-4.21001
-3.5894
-2.53698
-1.36338
-0.347471
0.326453
0.605213
0.561321
0.345214
0.113925
-0.0317071
-0.0720316
-0.0475731
-0.0121337
0.00497743
0.00494966
0.000837256
-0.000394051
16.3423
13.9458
11.7581
9.41739
7.03791
4.72243
2.58751
0.749436
-0.691501
-1.66799
-2.1606
-2.2064
-1.89767
-1.36837
-0.769565
-0.238461
0.130599
0.303973
0.308323
0.211234
0.0898861
0.000881967
-0.0356653
-0.0319337
-0.0136053
-0.000190984
0.00329934
0.0016112
1.71192e-05
-0.000158438
7.29709
5.9287
4.73984
3.52247
2.34692
1.26941
0.346043
-0.375721
-0.864881
-1.11356
-1.14072
-0.991202
-0.729465
-0.42825
-0.154512
0.0439632
0.14719
0.163775
0.12324
0.0624769
0.0116274
-0.0148699
-0.0187414
-0.0109705
-0.00255401
0.0013544
0.00142262
0.000403397
-8.48014e-05
-5.19318e-05
3.08992
2.35593
1.75163
1.16144
0.623409
0.163707
-0.195319
-0.439387
-0.565231
-0.582187
-0.511699
-0.384392
-0.234964
-0.0958089
0.00912319
0.0684769
0.0842958
0.0690733
0.0399941
0.0124701
-0.00455102
-0.0097996
-0.0074139
-0.00292131
7.10598e-05
0.000857233
0.000484994
6.1569e-05
-5.32592e-05
-1.40386e-05
1.23109
0.860366
0.572918
0.306583
0.079651
-0.0977604
-0.219045
-0.282796
-0.293473
-0.261163
-0.20025
-0.127129
-0.0573357
-0.00274789
0.0303996
0.0420773
0.0373768
0.0241042
0.00987979
-0.000204693
-0.00454781
-0.00442777
-0.00237074
-0.000490948
0.00035105
0.000369701
0.000133619
-7.74886e-06
-2.29478e-05
-2.8743e-06
0.455373
0.278872
0.151156
0.0398477
-0.0472509
-0.107265
-0.139548
-0.146174
-0.131813
-0.103147
-0.0678489
-0.033304
-0.00534055
0.0127117
0.0203634
0.0195914
0.0138518
0.00680406
0.00118151
-0.00180633
-0.00238833
-0.00161507
-0.000591551
4.468e-05
0.000210209
0.000128986
2.70193e-05
-1.14968e-05
-8.13603e-06
-2.37022e-07
0.152398
0.0732296
0.0205101
-0.0220699
-0.0516274
-0.0679463
-0.0719604
-0.0658019
-0.0525392
-0.0357296
-0.018853
-0.00473863
0.0048763
0.00953963
0.00996774
0.00765012
0.00429756
0.00131409
-0.000535305
-0.0011692
-0.000977043
-0.000486998
-8.69015e-05
8.66768e-05
8.9923e-05
3.74378e-05
1.66363e-06
-6.14165e-06
-2.47597e-06
1.6182e-07
0.043445
0.0100802
-0.00990063
-0.024431
-0.0326522
-0.0350212
-0.0324948
-0.0264669
-0.0185711
-0.0104322
-0.00340922
0.00160993
0.00431169
0.00492793
0.0040815
0.00255216
0.0010356
-2.88786e-05
-0.000513318
-0.000537733
-0.000334863
-0.000114148
1.59801e-05
4.91996e-05
3.17619e-05
8.58202e-06
-1.94868e-06
-2.49497e-06
-6.40087e-07
1.23517e-07
0.00856307
-0.00456733
-0.0113452
-0.0154899
-0.0168515
-0.0158757
-0.0131876
-0.00953039
-0.00565561
-0.00220934
0.000362821
0.00186888
0.00236773
0.0021108
0.00144468
0.000703549
0.000124087
-0.000193446
-0.000271698
-0.000204696
-9.59886e-05
-1.40975e-05
2.04406e-05
2.08091e-05
9.53072e-06
1.13188e-06
-1.3708e-06
-8.62297e-07
-1.2875e-07
5.83208e-08
-0.000548419
-0.00531349
-0.00724439
-0.00801809
-0.00767412
-0.00650009
-0.00483033
-0.00300934
-0.00134102
-4.52999e-05
0.000768447
0.00110466
0.00106048
0.000785998
0.000437363
0.00013615
-5.35444e-05
-0.000125696
-0.000114266
-6.67078e-05
-2.113e-05
4.64014e-06
1.10621e-05
7.399e-06
2.35468e-06
-2.44479e-07
-6.27819e-07
-2.60948e-07
-1.1663e-08
2.27301e-08
-0.0018501
-0.00340307
-0.00376822
-0.00367065
-0.00316957
-0.00241858
-0.00157389
-0.000776972
-0.000134727
0.000293529
0.000499399
0.000518216
0.000413227
0.000255493
0.000105136
-9.682e-07
-5.22679e-05
-5.89338e-05
-4.11486e-05
-1.82747e-05
-2.04945e-06
4.62382e-06
4.62218e-06
2.27223e-06
4.03432e-07
-2.72999e-07
-2.37457e-07
-6.84638e-08
6.15581e-09
7.85258e-09
-0.00134995
-0.00177559
-0.00173546
-0.00152921
-0.00119666
-0.000810001
-0.000434327
-0.000120848
9.94195e-05
0.000217931
0.000246402
0.00021067
0.000142266
6.99721e-05
1.3608e-05
-1.84929e-05
-2.81386e-05
-2.32142e-05
-1.28543e-05
-3.7697e-06
1.19666e-06
2.40118e-06
1.64922e-06
5.90803e-07
-8.38446e-09
-1.41379e-07
-7.87234e-08
-1.45617e-08
4.91076e-09
2.46463e-09
-0.000744994
-0.000822201
-0.000729911
-0.000586001
-0.000411341
-0.000236462
-8.55532e-05
2.55979e-05
9.09945e-05
0.000113874
0.000104403
7.622e-05
4.27161e-05
1.40363e-05
-4.49887e-06
-1.23104e-05
-1.2136e-05
-7.99657e-06
-3.38264e-06
-2.54923e-07
1.00495e-06
9.90386e-07
5.15039e-07
1.16916e-07
-4.87872e-08
-5.76082e-08
-2.31802e-08
-1.81367e-09
2.34383e-09
7.04911e-10
-0.000341998
-0.000324502
-0.000257961
-0.000182066
-0.000105572
-3.90972e-05
1.05135e-05
4.04469e-05
5.17765e-05
4.85831e-05
3.65742e-05
2.15524e-05
8.11823e-06
-1.08775e-06
-5.4714e-06
-5.98924e-06
-4.33407e-06
-2.13553e-06
-4.44971e-07
3.89423e-07
5.3241e-07
3.44032e-07
1.21756e-07
-3.01692e-09
-3.29704e-08
-2.046e-08
-5.29932e-09
7.3369e-10
9.86182e-10
1.64647e-10
)
;

boundaryField
{
    fixedWall_Bottom
    {
        type            greyDiffusiveRadiation;
        refValue        uniform 18049.5;
        refGradient     uniform 0;
        valueFraction   uniform 1;
        source          uniform 0;
        value           uniform 18049.5;
    }
    fixedWall_Right
    {
        type            greyDiffusiveRadiation;
        refValue        uniform 0;
        refGradient     uniform 0;
        valueFraction   uniform 1;
        source          uniform 0;
        value           uniform 0;
    }
    fixedWall_Left
    {
        type            greyDiffusiveRadiation;
        refValue        uniform 0;
        refGradient     uniform 0;
        valueFraction   uniform 0;
        source          uniform 0;
        value           nonuniform List<scalar> 
30
(
17989.7
18383.9
18620.5
17430.7
14697.4
11319.6
8149.35
5577.14
3661.93
2317.48
1416.54
836.79
477.563
263.036
139.599
71.248
34.8867
16.3423
7.29709
3.08992
1.23109
0.455373
0.152398
0.043445
0.00856307
-0.000548419
-0.0018501
-0.00134995
-0.000744994
-0.000341998
)
;
    }
    fixedWall_Top
    {
        type            greyDiffusiveRadiation;
        refValue        uniform 0;
        refGradient     uniform 0;
        valueFraction   uniform 0;
        source          uniform 0;
        value           nonuniform List<scalar> 
30
(
-0.000341998
-0.000324502
-0.000257961
-0.000182066
-0.000105572
-3.90972e-05
1.05135e-05
4.04469e-05
5.17765e-05
4.85831e-05
3.65742e-05
2.15524e-05
8.11823e-06
-1.08775e-06
-5.4714e-06
-5.98924e-06
-4.33407e-06
-2.13553e-06
-4.44971e-07
3.89423e-07
5.3241e-07
3.44032e-07
1.21756e-07
-3.01692e-09
-3.29704e-08
-2.046e-08
-5.29932e-09
7.3369e-10
9.86182e-10
1.64647e-10
)
;
    }
    frontAndBack
    {
        type            empty;
    }
}


// ************************************************************************* //
