/*--------------------------------*- C++ -*----------------------------------*\
| =========                 |                                                 |
| \\      /  F ield         | OpenFOAM: The Open Source CFD Toolbox           |
|  \\    /   O peration     | Version:  2312                                  |
|   \\  /    A nd           | Website:  www.openfoam.com                      |
|    \\/     M anipulation  |                                                 |
\*---------------------------------------------------------------------------*/
FoamFile
{
    version     2.0;
    format      ascii;
    arch        "LSB;label=32;scalar=64";
    class       volScalarField;
    location    "0.015";
    object      ILambda_48_0;
}
// * * * * * * * * * * * * * * * * * * * * * * * * * * * * * * * * * * * * * //

dimensions      [1 0 -3 0 0 0 0];

internalField   nonuniform List<scalar> 
900
(
14493.7
14466.3
14438.9
14403.6
14359.4
14304.1
14235.4
14150.6
14046.3
13918.9
13764.2
13577.8
13354.6
13089.5
12777.1
12412
11989.4
11504.7
10954.3
10336
9648.7
8893.15
8071.52
7187.21
6244.33
5247.06
4196.77
3086.83
1905.84
653.213
3818.33
3766.63
3716.54
3654.61
3580.18
3491.21
3385.66
3261.43
3116.45
2948.81
2756.92
2539.67
2296.68
2028.5
1736.91
1425.15
1098.12
762.545
427.012
101.817
-201.354
-469.976
-691.464
-854.08
-947.885
-965.877
-904.68
-761.759
-530.477
-204.216
-402.861
-432.38
-459.234
-490.682
-526.214
-565.943
-609.752
-657.308
-708.002
-760.897
-814.674
-867.603
-917.524
-961.871
-997.736
-1021.99
-1031.48
-1023.28
-995.003
-945.219
-873.799
-782.281
-674.107
-554.648
-430.96
-311.22
-203.614
-114.507
-47.752
-6.95724
-463.046
-469.402
-474.123
-478.814
-482.99
-486.313
-488.347
-488.584
-486.448
-481.314
-472.532
-459.471
-441.572
-418.411
-389.775
-355.747
-316.777
-273.747
-227.998
-181.306
-135.798
-93.777
-57.4708
-28.7037
-8.54158
3.03405
7.32585
6.72499
3.86901
0.855656
-90.1351
-89.3496
-88.1265
-86.3941
-84.0325
-80.9419
-77.0256
-72.2018
-66.4138
-59.6417
-51.9158
-43.3293
-34.0488
-24.3217
-14.4766
-4.91461
3.91103
11.5286
17.4955
21.4567
23.209
22.7605
20.3705
16.5541
12.0316
7.61393
4.0231
1.66643
0.47258
0.0320918
2.98422
3.76968
4.55475
5.47398
6.5176
7.67637
8.93163
10.2539
11.6018
12.9215
14.1479
15.2061
16.0161
16.4981
16.5806
16.2099
15.3597
14.0413
12.3104
10.2697
8.06506
5.87176
3.87259
2.22736
1.03957
0.328508
0.018522
-0.0413877
-0.01564
-9.4429e-05
4.09945
4.27507
4.41509
4.55413
4.68094
4.78636
4.85965
4.88917
4.863
4.76984
4.60021
4.34771
4.01052
3.59269
3.10518
2.56637
2.00167
1.44203
0.921226
0.471924
0.120886
-0.115963
-0.237537
-0.259303
-0.211391
-0.132295
-0.0586904
-0.0138604
0.000334566
-0.000115112
0.697119
0.70089
0.694306
0.680412
0.657151
0.623278
0.577819
0.520295
0.450902
0.370675
0.281615
0.186751
0.0900967
-0.0035257
-0.0888106
-0.160456
-0.213779
-0.245411
-0.253953
-0.240482
-0.208722
-0.164762
-0.116206
-0.0708304
-0.0349329
-0.0118166
-0.000990326
0.00135703
0.000400146
-0.000168809
0.023471
0.0164434
0.00854514
-0.000793984
-0.011496
-0.0233493
-0.0360254
-0.0490658
-0.0618887
-0.0738103
-0.0840833
-0.0919541
-0.0967376
-0.097903
-0.0951631
-0.0885536
-0.0784845
-0.065748
-0.0514669
-0.0369745
-0.0236328
-0.0126098
-0.00465971
3.72119e-05
0.00191061
0.00186948
0.00100724
0.000223342
-7.7681e-05
-2.65546e-05
-0.0121945
-0.0139353
-0.0154384
-0.0169406
-0.0183493
-0.0195762
-0.0205258
-0.021102
-0.0212167
-0.0207997
-0.0198092
-0.0182424
-0.0161434
-0.0136073
-0.0107785
-0.00784149
-0.0050042
-0.00247367
-0.000427298
0.00101596
0.00181854
0.0020344
0.00180089
0.00131011
0.000763646
0.000321488
6.23675e-05
-2.63635e-05
-1.9804e-05
1.04424e-06
-0.00299878
-0.00313645
-0.00318852
-0.00319241
-0.00313385
-0.00300488
-0.00280058
-0.00252045
-0.00216948
-0.00175875
-0.00130566
-0.000833275
-0.000368923
5.8112e-05
0.00041968
0.00069231
0.000860744
0.000920808
0.000880916
0.000761572
0.000592525
0.000407721
0.000238857
0.000108979
2.79999e-05
-8.14882e-06
-1.39137e-05
-6.98022e-06
-5.55717e-07
7.65167e-07
-0.000345136
-0.000321901
-0.000287956
-0.000245359
-0.000194212
-0.000135831
-7.22236e-05
-6.09566e-06
5.92573e-05
0.000120158
0.000172844
0.000213844
0.000240396
0.00025085
0.000245002
0.000224273
0.000191669
0.000151492
0.000108781
6.85625e-05
3.50256e-05
1.0804e-05
-3.44836e-06
-9.02452e-06
-8.63097e-06
-5.46712e-06
-2.20763e-06
-2.76958e-07
2.507e-07
8.28073e-08
-5.56883e-06
2.66103e-06
1.0681e-05
1.89586e-05
2.713e-05
3.47638e-05
4.14074e-05
4.6618e-05
5.00067e-05
5.12849e-05
5.03085e-05
4.71137e-05
4.19354e-05
3.52029e-05
2.75076e-05
1.95426e-05
1.20184e-05
5.56554e-06
6.4086e-07
-2.54276e-06
-4.0452e-06
-4.17338e-06
-3.40084e-06
-2.24859e-06
-1.1579e-06
-3.94478e-07
-1.77103e-08
7.33877e-08
3.94859e-08
2.10937e-10
6.01296e-06
7.04877e-06
7.77527e-06
8.34122e-06
8.69066e-06
8.78395e-06
8.59501e-06
8.1157e-06
7.35937e-06
6.3626e-06
5.1845e-06
3.9031e-06
2.60869e-06
1.39461e-06
3.46267e-07
-4.69912e-07
-1.01589e-06
-1.28764e-06
-1.31545e-06
-1.15803e-06
-8.91067e-07
-5.92177e-07
-3.25698e-07
-1.31277e-07
-1.96073e-08
2.32766e-08
2.47728e-08
1.21028e-08
2.11987e-09
-9.04411e-10
1.28261e-06
1.30107e-06
1.26474e-06
1.19533e-06
1.09122e-06
9.55186e-07
7.92525e-07
6.11038e-07
4.20601e-07
2.32445e-07
5.81572e-08
-9.15067e-08
-2.07868e-07
-2.85442e-07
-3.22736e-07
-3.22531e-07
-2.91542e-07
-2.39419e-07
-1.77216e-07
-1.15573e-07
-6.29763e-08
-2.45055e-08
-1.37255e-09
8.59391e-09
9.66812e-09
6.56019e-09
2.93694e-09
6.46849e-10
-1.47162e-10
-1.28106e-10
1.36828e-07
1.19875e-07
9.89466e-08
7.55591e-08
5.04761e-08
2.49097e-08
1.9806e-10
-2.22882e-08
-4.12722e-08
-5.57052e-08
-6.48912e-08
-6.85848e-08
-6.70412e-08
-6.10043e-08
-5.16268e-08
-4.03249e-08
-2.8586e-08
-1.7759e-08
-8.86563e-09
-2.47091e-09
1.35541e-09
2.97662e-09
3.03903e-09
2.27428e-09
1.30988e-09
5.43369e-10
1.13548e-10
-3.52948e-11
-3.94213e-11
-9.67479e-12
4.07779e-09
6.48008e-10
-2.4892e-09
-5.43804e-09
-8.05605e-09
-1.01973e-08
-1.1743e-08
-1.26124e-08
-1.27747e-08
-1.22551e-08
-1.11357e-08
-9.54972e-09
-7.66792e-09
-5.67989e-09
-3.77122e-09
-2.1004e-09
-7.79365e-10
1.38764e-10
6.61911e-10
8.50478e-10
7.99559e-10
6.15848e-10
3.94802e-10
2.03731e-10
7.48537e-11
9.20716e-12
-1.1419e-11
-1.01138e-11
-4.02939e-12
-2.89344e-13
-1.41643e-09
-1.74903e-09
-1.95955e-09
-2.09634e-09
-2.14983e-09
-2.11657e-09
-1.99938e-09
-1.80743e-09
-1.5558e-09
-1.26434e-09
-9.5584e-10
-6.5371e-10
-3.79467e-10
-1.50304e-10
2.28109e-11
1.36179e-10
1.93329e-10
2.03849e-10
1.81273e-10
1.40421e-10
9.47504e-11
5.42752e-11
2.45132e-11
6.61847e-12
-1.46689e-12
-3.31771e-12
-2.40216e-12
-1.05184e-12
-2.39213e-13
3.53081e-14
-3.21371e-10
-3.26587e-10
-3.14563e-10
-2.93082e-10
-2.62809e-10
-2.25426e-10
-1.83178e-10
-1.38693e-10
-9.47611e-11
-5.40667e-11
-1.8922e-11
8.97372e-12
2.8707e-11
4.02259e-11
4.4301e-11
4.23695e-11
3.62876e-11
2.80281e-11
1.93813e-11
1.17143e-11
5.83465e-12
1.9812e-12
-6.73977e-14
-8.06315e-13
-7.99014e-13
-5.12352e-13
-2.32187e-13
-6.57246e-14
-3.29071e-15
7.4128e-15
-3.83223e-11
-3.4288e-11
-2.90259e-11
-2.32722e-11
-1.72644e-11
-1.13213e-11
-5.75911e-12
-8.63467e-13
3.13733e-12
6.09489e-12
7.95514e-12
8.76201e-12
8.64915e-12
7.82021e-12
6.52004e-12
5.00105e-12
3.4902e-12
2.16221e-12
1.12359e-12
4.09932e-13
-3.77448e-15
-1.83229e-13
-2.10749e-13
-1.63263e-13
-9.74691e-14
-4.46089e-14
-1.39632e-14
-1.46038e-15
1.23868e-15
8.55723e-16
-2.56131e-12
-1.77455e-12
-1.01577e-12
-3.08269e-13
3.20507e-13
8.42292e-13
1.23684e-12
1.49365e-12
1.61305e-12
1.60602e-12
1.49298e-12
1.30129e-12
1.062e-12
8.06191e-13
5.61421e-13
3.48815e-13
1.81322e-13
6.33329e-14
-8.31522e-15
-4.22279e-14
-4.97491e-14
-4.22764e-14
-2.91686e-14
-1.66194e-14
-7.57281e-15
-2.45396e-15
-2.8744e-16
2.56148e-16
2.01561e-16
7.81763e-17
3.79027e-14
1.2218e-13
1.85041e-13
2.32583e-13
2.63658e-13
2.77837e-13
2.75907e-13
2.59778e-13
2.32298e-13
1.96969e-13
1.57583e-13
1.17826e-13
8.0907e-14
4.92555e-14
2.43367e-14
6.60965e-15
-4.36973e-15
-9.72583e-15
-1.09662e-14
-9.67053e-15
-7.2264e-15
-4.65608e-15
-2.55653e-15
-1.14304e-15
-3.62541e-16
-2.98642e-17
5.66972e-17
4.70499e-17
2.12833e-17
6.20994e-18
3.87904e-14
4.34791e-14
4.47863e-14
4.41601e-14
4.17689e-14
3.78906e-14
3.28971e-14
2.72166e-14
2.12948e-14
1.55531e-14
1.03507e-14
5.95344e-15
2.51574e-15
7.64892e-17
-1.42992e-15
-2.14992e-15
-2.27862e-15
-2.02505e-15
-1.58075e-15
-1.09681e-15
-6.725e-16
-3.55678e-16
-1.52726e-16
-4.37423e-17
1.79667e-18
1.28626e-17
1.02303e-17
5.19925e-18
1.84954e-18
4.47287e-19
6.46986e-15
6.25343e-15
5.71063e-15
5.02914e-15
4.25018e-15
3.42361e-15
2.59991e-15
1.82555e-15
1.13909e-15
5.68237e-16
1.27994e-16
-1.79572e-16
-3.64148e-16
-4.44643e-16
-4.45751e-16
-3.94157e-16
-3.1496e-16
-2.28873e-16
-1.50564e-16
-8.82585e-17
-4.44871e-17
-1.76185e-17
-3.70992e-18
1.78854e-18
2.81513e-18
2.10116e-18
1.13326e-18
4.66303e-19
1.4234e-19
2.99098e-20
7.01529e-16
6.08252e-16
4.97982e-16
3.87111e-16
2.80316e-16
1.82505e-16
9.7653e-17
2.84872e-17
-2.36737e-17
-5.89341e-17
-7.86841e-17
-8.53307e-17
-8.19342e-17
-7.18e-17
-5.80854e-17
-4.34757e-17
-2.997e-17
-1.87979e-17
-1.04634e-17
-4.88855e-18
-1.61429e-18
-9.82841e-21
5.51502e-19
5.77166e-19
4.08037e-19
2.27255e-19
1.02497e-19
3.68665e-20
1.0043e-20
1.88505e-21
5.19242e-17
3.81317e-17
2.50705e-17
1.34935e-17
3.68865e-18
-4.09299e-18
-9.75309e-18
-1.33463e-17
-1.50647e-17
-1.5209e-17
-1.41503e-17
-1.22875e-17
-1.00043e-17
-7.63382e-18
-5.43258e-18
-3.56827e-18
-2.12074e-18
-1.09469e-18
-4.40223e-19
-7.65548e-20
8.56653e-20
1.27214e-19
1.10178e-19
7.49232e-20
4.25567e-20
2.04295e-20
8.19804e-21
2.66681e-21
6.62746e-22
1.13152e-22
1.5611e-18
1.89281e-19
-8.73081e-19
-1.67633e-18
-2.22557e-18
-2.53181e-18
-2.6205e-18
-2.52842e-18
-2.29965e-18
-1.9811e-18
-1.61808e-18
-1.2504e-18
-9.0945e-19
-6.16603e-19
-3.83007e-19
-2.10625e-19
-9.42509e-20
-2.40616e-20
1.17835e-20
2.49043e-20
2.51222e-20
1.96557e-20
1.30305e-20
7.5076e-21
3.77164e-21
1.63685e-21
6.01143e-22
1.80234e-22
4.14405e-23
6.51883e-24
-2.73796e-19
-3.64783e-19
-4.10333e-19
-4.27645e-19
-4.20738e-19
-3.93973e-19
-3.5247e-19
-3.01625e-19
-2.46645e-19
-1.92136e-19
-1.41792e-19
-9.81979e-20
-6.27818e-20
-3.58949e-20
-1.70035e-20
-4.95199e-21
1.7501e-21
4.65991e-21
5.18931e-21
4.46979e-21
3.2984e-21
2.15318e-21
1.25556e-21
6.53344e-22
3.00873e-22
1.20761e-22
4.12392e-23
1.15338e-23
2.47773e-24
3.62564e-25
-6.45659e-20
-6.61098e-20
-6.30074e-20
-5.77841e-20
-5.10622e-20
-4.34437e-20
-3.55123e-20
-2.77865e-20
-2.06858e-20
-1.451e-20
-9.43034e-21
-5.49631e-21
-2.6529e-21
-7.67007e-22
3.42042e-22
8.7228e-22
1.01307e-21
9.26214e-22
7.35449e-22
5.24113e-22
3.39296e-22
2.00067e-22
1.07129e-22
5.17032e-23
2.22225e-23
8.358e-24
2.68119e-24
7.0538e-25
1.42614e-25
1.95572e-26
-8.92849e-21
-8.20009e-21
-7.13278e-21
-5.99997e-21
-4.86522e-21
-3.78458e-21
-2.80357e-21
-1.95443e-21
-1.25524e-21
-7.10465e-22
-3.12675e-22
-4.5264e-23
1.14339e-22
1.91333e-22
2.10528e-22
1.93976e-22
1.59442e-22
1.1977e-22
8.30392e-23
5.33005e-23
3.16397e-23
1.72977e-23
8.64954e-24
3.91681e-24
1.58448e-24
5.62005e-25
1.70225e-25
4.2306e-26
8.08015e-27
1.04245e-27
)
;

boundaryField
{
    fixedWall_Bottom
    {
        type            greyDiffusiveRadiation;
        refValue        uniform 18049.5;
        refGradient     uniform 0;
        valueFraction   uniform 1;
        source          uniform 0;
        value           uniform 18049.5;
    }
    fixedWall_Right
    {
        type            greyDiffusiveRadiation;
        refValue        uniform 0;
        refGradient     uniform 0;
        valueFraction   uniform 1;
        source          uniform 0;
        value           uniform 0;
    }
    fixedWall_Left
    {
        type            greyDiffusiveRadiation;
        refValue        uniform 0;
        refGradient     uniform 0;
        valueFraction   uniform 0;
        source          uniform 0;
        value           nonuniform List<scalar> 
30
(
14493.7
3818.33
-402.861
-463.046
-90.1351
2.98422
4.09945
0.697119
0.023471
-0.0121945
-0.00299878
-0.000345136
-5.56883e-06
6.01296e-06
1.28261e-06
1.36828e-07
4.07779e-09
-1.41643e-09
-3.21371e-10
-3.83223e-11
-2.56131e-12
3.79027e-14
3.87904e-14
6.46986e-15
7.01529e-16
5.19242e-17
1.5611e-18
-2.73796e-19
-6.45659e-20
-8.92849e-21
)
;
    }
    fixedWall_Top
    {
        type            greyDiffusiveRadiation;
        refValue        uniform 0;
        refGradient     uniform 0;
        valueFraction   uniform 0;
        source          uniform 0;
        value           nonuniform List<scalar> 
30
(
-8.92849e-21
-8.20009e-21
-7.13278e-21
-5.99997e-21
-4.86522e-21
-3.78458e-21
-2.80357e-21
-1.95443e-21
-1.25524e-21
-7.10465e-22
-3.12675e-22
-4.5264e-23
1.14339e-22
1.91333e-22
2.10528e-22
1.93976e-22
1.59442e-22
1.1977e-22
8.30392e-23
5.33005e-23
3.16397e-23
1.72977e-23
8.64954e-24
3.91681e-24
1.58448e-24
5.62005e-25
1.70225e-25
4.2306e-26
8.08015e-27
1.04245e-27
)
;
    }
    frontAndBack
    {
        type            empty;
    }
}


// ************************************************************************* //
