/*--------------------------------*- C++ -*----------------------------------*\
| =========                 |                                                 |
| \\      /  F ield         | OpenFOAM: The Open Source CFD Toolbox           |
|  \\    /   O peration     | Version:  2312                                  |
|   \\  /    A nd           | Website:  www.openfoam.com                      |
|    \\/     M anipulation  |                                                 |
\*---------------------------------------------------------------------------*/
FoamFile
{
    version     2.0;
    format      ascii;
    arch        "LSB;label=32;scalar=64";
    class       volScalarField;
    location    "0.015";
    object      ILambda_49_0;
}
// * * * * * * * * * * * * * * * * * * * * * * * * * * * * * * * * * * * * * //

dimensions      [1 0 -3 0 0 0 0];

internalField   nonuniform List<scalar> 
900
(
18592.3
18593.1
18593.9
18595
18596.1
18597.4
18598.5
18599.3
18599.3
18597.7
18593.4
18584.7
18568.8
18542.2
18499.3
18432.9
18332.9
18186.1
17975.3
17678.6
17269.2
16714.9
15978.3
15017.3
13787.2
12243.7
10342.7
8028.94
5231.41
1900.64
15758.3
15749.1
15738.7
15723.6
15702.3
15672.6
15631.4
15574.6
15497
15392
15251.1
15064.1
14818.4
14499.3
14090.1
13572.3
12927.2
12136.8
11186.5
10068.3
8784.47
7352.69
5810.31
4218.43
2663.96
1256.62
116.967
-637.269
-886.423
-507.196
9281
9248.69
9213.44
9165.62
9102.34
9019.16
8910.78
8770.82
8591.9
8365.59
8082.7
7733.6
7308.91
6800.35
6202.13
5512.47
4735.61
3883.8
2979.22
2055.27
1156.52
336.71
-346.228
-838.528
-1102.46
-1130.66
-958.011
-658.918
-327.148
-61.3823
3704.31
3653.55
3600.48
3531.79
3445.25
3337.19
3203.75
3040.96
2844.97
2612.48
2341.16
2030.36
1681.76
1300.2
894.38
477.428
67.0334
-315.028
-644.289
-896.083
-1049.23
-1090.66
-1020.31
-855.035
-629.502
-391.842
-191.541
-61.0744
-2.85654
5.39271
973.932
923.938
874.221
812.912
739.6
653.026
552.345
437.24
308.171
166.633
15.4156
-141.182
-297.227
-445.201
-576.281
-680.95
-749.959
-775.662
-753.61
-684.194
-573.947
-435.99
-289.038
-154.494
-51.5953
8.54652
27.8678
21.2793
8.22976
0.691793
128.312
93.8088
61.6201
24.0775
-18.0529
-64.4466
-114.338
-166.508
-219.219
-270.2
-316.684
-355.524
-383.412
-397.204
-394.353
-373.414
-334.562
-280.012
-214.216
-143.671
-76.2084
-19.734
19.4827
38.5902
39.389
28.2228
13.8939
3.76335
0.0466537
-0.0756283
-29.5758
-46.9068
-61.6918
-77.7071
-94.1133
-110.33
-125.584
-138.957
-149.428
-155.941
-157.505
-153.325
-142.949
-126.425
-104.428
-78.3375
-50.2067
-22.6066
1.68925
20.1583
31.0623
33.9369
29.8681
21.374
11.7771
4.13604
0.0873609
-0.765317
-0.251426
0.049155
-30.3692
-36.5683
-41.0962
-45.3935
-49.0077
-51.6447
-52.9873
-52.7405
-50.6669
-46.6287
-40.6316
-32.8626
-23.7153
-13.7904
-3.86296
5.19028
12.5041
17.3683
19.3789
18.5614
15.4225
10.8892
6.11651
2.18733
-0.214984
-1.02634
-0.772981
-0.238163
0.0334167
0.0195079
-14.4178
-15.7432
-16.3153
-16.5472
-16.2961
-15.4987
-14.1135
-12.1378
-9.61891
-6.66146
-3.42981
-0.142228
2.94484
5.56325
7.46901
8.48365
8.53385
7.67992
6.1223
4.17753
2.22093
0.603213
-0.439087
-0.849298
-0.760327
-0.430745
-0.122494
0.0225352
0.0269229
-0.000948933
-4.89655
-4.84377
-4.5614
-4.12413
-3.51507
-2.74668
-1.84491
-0.852229
0.173306
1.16118
2.03422
2.71702
3.14638
3.28231
3.11785
2.68502
2.05456
1.32774
0.619803
0.0374578
-0.345056
-0.504164
-0.472222
-0.325158
-0.153989
-0.0298605
0.0212588
0.0191865
0.00330691
-0.00177902
-1.17004
-0.980532
-0.756437
-0.495043
-0.204841
0.0991142
0.398451
0.672237
0.898888
1.05862
1.13628
1.12413
1.0241
0.848955
0.621715
0.373081
0.136874
-0.0559358
-0.183441
-0.237648
-0.226285
-0.170433
-0.0980134
-0.0348537
0.00349113
0.0155214
0.0110212
0.00297882
-0.000795478
-0.000424983
-0.134761
-0.040893
0.0446083
0.130875
0.212092
0.2824
0.336122
0.368375
0.375802
0.357246
0.314252
0.251241
0.17526
0.095228
0.0207082
-0.0396309
-0.0795996
-0.0967411
-0.0928741
-0.0736474
-0.0470734
-0.0213422
-0.0025543
0.00682194
0.00810578
0.00504051
0.00153755
-0.000248043
-0.000380535
-2.68414e-05
0.0369786
0.0653111
0.0855265
0.102236
0.113632
0.118587
0.116423
0.107085
0.0912348
0.0702787
0.0462735
0.0217183
-0.000765222
-0.0188225
-0.0307625
-0.035875
-0.0345822
-0.0283593
-0.0194073
-0.0101342
-0.00256783
0.00212232
0.00382828
0.00334425
0.0018974
0.000570862
-0.000105683
-0.000198153
-6.68444e-05
1.14557e-05
0.028466
0.0336177
0.035527
0.0357509
0.0340156
0.0303765
0.0250676
0.0185088
0.0112775
0.00405265
-0.00246614
-0.00765585
-0.0110673
-0.0125043
-0.0120638
-0.0101232
-0.00726859
-0.00417326
-0.00145275
0.000468108
0.00143566
0.00156815
0.00117345
0.000612734
0.00016389
-5.77206e-05
-8.98706e-05
-4.22171e-05
-2.79585e-06
4.40073e-06
0.010164
0.0101996
0.00940309
0.00815996
0.00650063
0.00454764
0.00245773
0.000410495
-0.00141191
-0.00284838
-0.00378255
-0.00416206
-0.00400908
-0.00341854
-0.0025426
-0.00156285
-0.000655363
4.39049e-05
0.000464264
0.000608725
0.000542521
0.000364901
0.000173605
3.48553e-05
-3.00224e-05
-3.74478e-05
-2.00212e-05
-3.95201e-06
1.73763e-06
8.51234e-07
0.00246383
0.00208407
0.00158515
0.00102825
0.000445755
-0.0001151
-0.000607942
-0.000991993
-0.00123776
-0.00133169
-0.00127883
-0.0011027
-0.000842004
-0.000544309
-0.000257867
-2.29569e-05
0.000135162
0.000209931
0.000212678
0.000167415
0.000102712
4.31885e-05
3.42108e-06
-1.37731e-05
-1.44964e-05
-8.18221e-06
-2.25382e-06
4.09436e-07
5.92007e-07
9.49809e-08
0.000376224
0.000208587
5.06884e-05
-9.8178e-05
-0.000227488
-0.000326922
-0.00038917
-0.000410812
-0.000392999
-0.000341481
-0.000265914
-0.000178472
-9.19388e-05
-1.76249e-05
3.64879e-05
6.69432e-05
7.5037e-05
6.59871e-05
4.72354e-05
2.63488e-05
9.12538e-06
-1.52649e-06
-5.63676e-06
-5.25168e-06
-3.02487e-06
-9.78263e-07
6.01282e-08
2.5013e-07
1.12081e-07
-3.95663e-10
4.61787e-07
-4.49754e-05
-7.77845e-05
-0.00010273
-0.00011792
-0.000122478
-0.000116672
-0.000101889
-8.05e-05
-5.55539e-05
-3.03468e-05
-7.92845e-06
9.3638e-06
2.02475e-05
2.46366e-05
2.35404e-05
1.87383e-05
1.23048e-05
6.10991e-06
1.42724e-06
-1.24331e-06
-2.1047e-06
-1.79393e-06
-1.03645e-06
-3.64958e-07
-7.62645e-10
9.2352e-08
5.83904e-08
1.35879e-08
-3.18598e-09
-2.29487e-05
-3.10913e-05
-3.4541e-05
-3.53769e-05
-3.35488e-05
-2.93854e-05
-2.34605e-05
-1.65239e-05
-9.40541e-06
-2.90105e-06
2.34035e-06
5.9083e-06
7.68139e-06
7.82477e-06
6.73341e-06
4.93218e-06
2.95584e-06
1.23792e-06
3.63693e-08
-5.86722e-07
-7.30406e-07
-5.81873e-07
-3.33931e-07
-1.22689e-07
-3.91094e-09
3.2165e-08
2.4795e-08
9.05168e-09
5.12257e-10
-9.50543e-10
-9.40622e-06
-9.96035e-06
-9.36482e-06
-8.2143e-06
-6.6055e-06
-4.72044e-06
-2.76386e-06
-9.3792e-07
5.84464e-07
1.68276e-06
2.30398e-06
2.46663e-06
2.25213e-06
1.78511e-06
1.20653e-06
6.45458e-07
1.96119e-07
-9.47775e-08
-2.27769e-07
-2.38772e-07
-1.80264e-07
-1.02094e-07
-3.80246e-08
-1.36209e-09
1.09181e-08
9.46876e-09
4.35524e-09
8.60709e-10
-2.58225e-10
-1.92494e-10
-2.49047e-06
-2.23935e-06
-1.80113e-06
-1.29996e-06
-7.75033e-07
-2.76936e-07
1.4973e-07
4.71591e-07
6.70621e-07
7.45968e-07
7.13026e-07
5.998e-07
4.41225e-07
2.7253e-07
1.23048e-07
1.17938e-08
-5.42891e-08
-7.91673e-08
-7.42181e-08
-5.35774e-08
-2.97896e-08
-1.09861e-08
-1.66547e-10
3.66186e-09
3.38265e-09
1.79412e-09
5.25525e-10
-1.70701e-11
-9.21599e-11
-3.07374e-11
-4.77814e-07
-3.47596e-07
-2.08042e-07
-7.5743e-08
4.01961e-08
1.30789e-07
1.90594e-07
2.18171e-07
2.16091e-07
1.90327e-07
1.49114e-07
1.01474e-07
5.56875e-08
1.80233e-08
-8.03819e-09
-2.19307e-08
-2.55041e-08
-2.20766e-08
-1.53246e-08
-8.32216e-09
-2.96893e-09
1.02376e-10
1.21732e-09
1.15358e-09
6.71337e-10
2.44143e-10
2.54756e-11
-3.0438e-11
-2.02327e-11
-3.86569e-12
-5.68657e-08
-1.94598e-08
1.14249e-08
3.60278e-08
5.31252e-08
6.20639e-08
6.31836e-08
5.76909e-08
4.74438e-08
3.46394e-08
2.14608e-08
9.74648e-09
7.4498e-10
-5.00002e-09
-7.61807e-09
-7.7511e-09
-6.31167e-09
-4.22619e-09
-2.22826e-09
-7.47497e-10
9.40887e-11
4.0034e-10
3.79744e-10
2.35005e-10
9.81317e-11
1.9143e-11
-7.90418e-12
-8.65253e-12
-3.5e-12
-3.1777e-13
2.16165e-09
9.87853e-09
1.45737e-08
1.72448e-08
1.79255e-08
1.68378e-08
1.43845e-08
1.10789e-08
7.46689e-09
4.04736e-09
1.20495e-09
-8.33247e-10
-2.00944e-09
-2.41506e-09
-2.24516e-09
-1.73946e-09
-1.12466e-09
-5.71202e-10
-1.72823e-10
5.01918e-11
1.29805e-10
1.21433e-10
7.82578e-11
3.59229e-11
9.37698e-12
-1.47937e-12
-3.13168e-12
-1.74861e-12
-4.98073e-13
9.95521e-15
3.6236e-09
4.70506e-09
4.95571e-09
4.75884e-09
4.19055e-09
3.36527e-09
2.41384e-09
1.46412e-09
6.24063e-10
-3.11445e-11
-4.65723e-10
-6.82805e-10
-7.17265e-10
-6.23773e-10
-4.62948e-10
-2.88744e-10
-1.39685e-10
-3.5378e-11
2.18067e-11
4.13611e-11
3.78598e-11
2.50459e-11
1.22966e-11
3.82456e-12
-8.14084e-14
-1.01347e-12
-7.2495e-13
-2.88322e-13
-5.55801e-14
1.18939e-14
1.27579e-09
1.31199e-09
1.18003e-09
9.79621e-10
7.37178e-10
4.8387e-10
2.48097e-10
5.19115e-11
-9.12298e-11
-1.77243e-10
-2.10629e-10
-2.02358e-10
-1.66902e-10
-1.1909e-10
-7.14194e-11
-3.23467e-11
-5.76245e-12
8.41824e-12
1.29213e-11
1.15331e-11
7.75429e-12
3.99712e-12
1.39759e-12
9.24147e-14
-3.03227e-13
-2.67505e-13
-1.32659e-13
-3.95152e-14
-3.48131e-15
3.4404e-15
3.13292e-10
2.76114e-10
2.14939e-10
1.49628e-10
8.61762e-11
3.05613e-11
-1.29992e-11
-4.241e-11
-5.77101e-11
-6.07599e-11
-5.46738e-11
-4.31167e-11
-2.96083e-11
-1.69676e-11
-6.99138e-12
-3.97573e-13
2.99706e-12
3.95173e-12
3.43719e-12
2.33246e-12
1.24584e-12
4.73007e-13
5.99547e-14
-8.5869e-14
-9.12717e-14
-5.32552e-14
-2.0385e-14
-4.20527e-15
4.23519e-16
7.55256e-16
5.96327e-11
4.41406e-11
2.74117e-11
1.2333e-11
-1.57078e-13
-9.31589e-12
-1.49028e-11
-1.7145e-11
-1.66407e-11
-1.42169e-11
-1.0768e-11
-7.10633e-12
-3.85049e-12
-1.36835e-12
2.2214e-13
1.0038e-12
1.18228e-12
1.003e-12
6.83616e-13
3.74712e-13
1.50971e-13
2.56869e-14
-2.3474e-14
-2.94881e-14
-1.95177e-14
-8.86797e-15
-2.60073e-15
-2.21163e-16
2.22953e-16
1.44886e-16
8.35009e-12
4.27846e-12
8.19013e-13
-1.84564e-12
-3.65106e-12
-4.59498e-12
-4.77563e-12
-4.36368e-12
-3.56805e-12
-2.60005e-12
-1.64219e-12
-8.26371e-13
-2.24594e-13
1.47957e-13
3.20008e-13
3.45863e-13
2.86674e-13
1.95578e-13
1.09208e-13
4.59309e-14
9.23635e-15
-6.31143e-15
-9.16737e-15
-6.70326e-15
-3.45683e-15
-1.25473e-15
-2.44108e-16
4.48433e-17
5.77035e-17
2.55302e-17
2.76893e-13
-5.0777e-13
-1.00349e-12
-1.28163e-12
-1.3648e-12
-1.28727e-12
-1.09597e-12
-8.42117e-13
-5.73522e-13
-3.28568e-13
-1.32486e-13
3.58321e-15
8.09605e-14
1.0994e-13
1.05441e-13
8.28522e-14
5.49092e-14
3.00549e-14
1.22734e-14
2.01785e-15
-2.34338e-15
-3.12522e-15
-2.34615e-15
-1.29233e-15
-5.27196e-16
-1.35672e-16
1.49072e-18
2.28541e-17
1.3069e-17
4.47391e-18
)
;

boundaryField
{
    fixedWall_Bottom
    {
        type            greyDiffusiveRadiation;
        refValue        uniform 18049.5;
        refGradient     uniform 0;
        valueFraction   uniform 1;
        source          uniform 0;
        value           uniform 18049.5;
    }
    fixedWall_Right
    {
        type            greyDiffusiveRadiation;
        refValue        uniform 0;
        refGradient     uniform 0;
        valueFraction   uniform 1;
        source          uniform 0;
        value           uniform 0;
    }
    fixedWall_Left
    {
        type            greyDiffusiveRadiation;
        refValue        uniform 0;
        refGradient     uniform 0;
        valueFraction   uniform 0;
        source          uniform 0;
        value           nonuniform List<scalar> 
30
(
18592.3
15758.3
9281
3704.31
973.932
128.312
-29.5758
-30.3692
-14.4178
-4.89655
-1.17004
-0.134761
0.0369786
0.028466
0.010164
0.00246383
0.000376224
4.61787e-07
-2.29487e-05
-9.40622e-06
-2.49047e-06
-4.77814e-07
-5.68657e-08
2.16165e-09
3.6236e-09
1.27579e-09
3.13292e-10
5.96327e-11
8.35009e-12
2.76893e-13
)
;
    }
    fixedWall_Top
    {
        type            greyDiffusiveRadiation;
        refValue        uniform 0;
        refGradient     uniform 0;
        valueFraction   uniform 0;
        source          uniform 0;
        value           nonuniform List<scalar> 
30
(
2.76893e-13
-5.0777e-13
-1.00349e-12
-1.28163e-12
-1.3648e-12
-1.28727e-12
-1.09597e-12
-8.42117e-13
-5.73522e-13
-3.28568e-13
-1.32486e-13
3.58321e-15
8.09605e-14
1.0994e-13
1.05441e-13
8.28522e-14
5.49092e-14
3.00549e-14
1.22734e-14
2.01785e-15
-2.34338e-15
-3.12522e-15
-2.34615e-15
-1.29233e-15
-5.27196e-16
-1.35672e-16
1.49072e-18
2.28541e-17
1.3069e-17
4.47391e-18
)
;
    }
    frontAndBack
    {
        type            empty;
    }
}


// ************************************************************************* //
