/*--------------------------------*- C++ -*----------------------------------*\
| =========                 |                                                 |
| \\      /  F ield         | OpenFOAM: The Open Source CFD Toolbox           |
|  \\    /   O peration     | Version:  2312                                  |
|   \\  /    A nd           | Website:  www.openfoam.com                      |
|    \\/     M anipulation  |                                                 |
\*---------------------------------------------------------------------------*/
FoamFile
{
    version     2.0;
    format      ascii;
    arch        "LSB;label=32;scalar=64";
    class       volScalarField;
    location    "0.015";
    object      ILambda_54_0;
}
// * * * * * * * * * * * * * * * * * * * * * * * * * * * * * * * * * * * * * //

dimensions      [1 0 -3 0 0 0 0];

internalField   nonuniform List<scalar> 
900
(
17995
17995
17995
17995
17995
17995
17995
17995
17995
17995
17995.1
17995.1
17995.1
17995.2
17995.1
17994.8
17994
17991.9
17987.8
17980.4
17969.9
17960.5
17967.1
18023.1
18177.8
18448.1
18664.2
18150.9
15301.2
7452.71
18050.6
18050.6
18050.6
18050.6
18050.6
18050.6
18050.6
18050.6
18050.6
18050.6
18050.5
18050.4
18050
18049.2
18047.8
18045.5
18042.3
18039
18039.4
18052.4
18095.9
18197.8
18383.6
18628.5
18748.3
18247.2
16279.1
12023.7
5738.26
164.688
18454
18454
18454
18454
18453.9
18453.9
18453.9
18453.9
18453.8
18453.6
18453.3
18452.9
18452.2
18451.4
18451.3
18453.5
18461.8
18483.5
18530.6
18617.7
18751.8
18904.2
18952.2
18596
17310
14484.4
9920.92
4512.34
339.166
-702.641
18573.7
18573.7
18573.7
18573.7
18573.6
18573.6
18573.6
18573.5
18573.4
18573.3
18573.2
18573.6
18575
18579
18588.1
18606.7
18640.7
18695.4
18768.9
18835.4
18815.5
18533.2
17678.7
15834.1
12655.3
8257.21
3585.24
201.644
-858.092
-261.033
17725.5
17725.5
17725.5
17725.5
17725.5
17725.4
17725.4
17725.5
17725.8
17726.4
17728
17731.3
17737.8
17749.5
17768.6
17795.6
17825.6
17838.7
17784.8
17560.9
16988.6
15810.9
13747.2
10648.9
6747.82
2837.64
56.5814
-894.399
-493.726
4.25808
15885.3
15885.3
15885.3
15885.3
15885.4
15885.5
15885.7
15886.3
15887.4
15889.4
15893.1
15899.1
15907.7
15917.9
15924.8
15914.6
15856.6
15691.7
15319
14588.4
13313.8
11329.2
8599.63
5368.06
2232.57
-15.3884
-871.207
-602.408
-91.7023
44.2421
13468.5
13468.6
13468.6
13468.7
13468.8
13469.2
13469.8
13470.9
13472.6
13475.1
13478.1
13480.3
13477.9
13462.2
13415.2
13303.6
13071.5
12634.2
11879.6
10685
8961.88
6728.59
4191.37
1772.85
2.98519
-760.531
-632.554
-183.139
48.6015
19.4589
10911.9
10911.9
10912
10912.2
10912.5
10912.9
10913.6
10914.4
10914.9
10914.1
10909.6
10896
10863.1
10792.9
10654.9
10402.8
9972.65
9286.61
8269.08
6877.58
5147.71
3236.29
1429.15
71.8959
-589.186
-583.939
-247.904
12.4019
48.3572
1.27589
8514.05
8514.13
8514.25
8514.41
8514.59
8514.67
8514.37
8512.96
8508.93
8499.31
8478.52
8436.83
8358.23
8218.03
7981.08
7601.98
7029.83
6220.03
5154.71
3869.27
2474.96
1159.19
143.213
-407.364
-484.117
-270.088
-37.1221
48.1205
21.0373
-3.53213
6434.59
6434.62
6434.62
6434.5
6434.05
6432.84
6430.02
6423.95
6411.69
6388.17
6345.11
6269.68
6143.24
5940.69
5631.43
5183.31
4570.84
3788.01
2863.55
1872.65
935.34
191.393
-249.766
-366.752
-253.177
-76.0799
26.7736
31.467
4.30497
-2.7625
4730.08
4729.91
4729.55
4728.73
4726.98
4723.44
4716.61
4703.9
4681.14
4641.81
4576.34
4471.39
4309.82
4071.73
3737.32
3292.32
2735.75
2088.56
1399.79
744.85
211.073
-130.216
-256.351
-212.008
-93.9205
0.310599
28.0343
12.9948
-1.24772
-1.28027
3392.53
3391.95
3390.96
3389.02
3385.38
3378.78
3367.14
3347.24
3314.29
3261.45
3179.6
3057.43
2882.32
2642.29
2329.44
1944.5
1501.76
1032.29
582.713
207.009
-48.8947
-165.586
-162.361
-92.6893
-19.6774
16.5586
15.8143
3.31913
-1.79202
-0.400243
2379.66
2378.5
2376.65
2373.34
2367.56
2357.78
2341.64
2315.74
2275.44
2214.68
2126.19
2002.13
1835.33
1621.41
1361.44
1064.69
750.366
446.863
187.214
0.618144
-97.9203
-115.28
-79.7332
-29.6496
4.38217
12.9726
6.49429
-0.0599314
-1.107
-0.0536634
1635.48
1633.64
1630.88
1626.19
1618.48
1606.12
1586.79
1557.41
1514.08
1452.24
1367.06
1254.3
1111.51
939.586
744.321
537.34
335.687
159.361
26.6927
-51.4406
-76.3226
-62.1776
-31.2364
-4.38561
7.67638
6.86964
1.90189
-0.688389
-0.501226
0.0348736
1102.89
1100.41
1096.84
1091.07
1082.03
1068.19
1047.57
1017.7
975.764
918.84
844.419
751.113
639.544
513.212
379.022
247.068
129.323
37.1438
-21.9363
-47.0249
-44.8382
-27.7115
-8.91039
2.66558
5.29042
2.85013
0.222508
-0.51816
-0.177794
0.0367245
730.527
727.557
723.445
717.082
707.518
693.499
673.498
645.795
608.64
560.553
500.731
429.562
349.099
263.372
178.28
100.911
38.2058
-4.80057
-26.6339
-30.1834
-22.0063
-10.0755
-0.809067
3.09459
2.71893
0.916766
-0.186872
-0.272215
-0.045321
0.0219856
475.632
472.404
468.096
461.682
452.412
439.353
421.47
397.722
367.235
329.539
284.851
234.349
180.342
126.234
76.1738
34.3452
4.01665
-13.4165
-19.0049
-16.076
-9.20307
-2.62413
1.18125
1.99139
1.14539
0.181079
-0.186996
-0.116166
-0.00314387
0.0104451
304.528
301.294
297.129
291.146
282.808
271.499
256.604
237.607
214.227
186.577
155.313
121.739
87.7938
55.8763
28.4767
7.66318
-5.45991
-11.1305
-10.9458
-7.41973
-3.17747
-0.104087
1.14418
1.00938
0.394605
-0.0285231
-0.111667
-0.0412049
0.00551318
0.00422806
191.774
188.758
185.001
179.783
172.764
163.58
151.929
137.641
120.766
101.663
81.0547
60.0328
39.9674
22.3213
8.37466
-1.07655
-5.95774
-6.98091
-5.47073
-2.97236
-0.773872
0.45114
0.708047
0.432427
0.0990432
-0.0557126
-0.0534347
-0.0114474
0.00477548
0.00147006
118.786
116.144
112.957
108.672
103.099
96.0579
87.4451
77.2796
65.7514
53.2558
40.3982
27.9527
16.7673
7.61892
1.04787
-2.78518
-4.16246
-3.7513
-2.4217
-0.991997
-0.000278272
0.397347
0.357206
0.157145
0.00570527
-0.0386328
-0.0218527
-0.00171626
0.00272984
0.000418644
72.3622
70.1723
67.6139
64.2804
60.0835
54.9588
48.9102
42.0356
34.5474
26.7773
19.1573
12.1724
6.28599
1.84919
-0.982139
-2.29552
-2.40978
-1.795
-0.942882
-0.232198
0.156501
0.240631
0.1557
0.0455218
-0.0135406
-0.0203862
-0.00767682
0.000626076
0.00129369
7.73671e-05
43.3459
41.6204
39.6663
37.1964
34.1846
30.6277
26.5749
22.1381
17.4967
12.8888
8.58838
4.86703
1.94549
-0.0536512
-1.13842
-1.45094
-1.23486
-0.772201
-0.308737
0.00466121
0.13116
0.121538
0.0591018
0.00754495
-0.0117467
-0.00917624
-0.00220202
0.000769655
0.000539385
-9.3164e-06
25.526
24.2273
22.8011
21.0512
18.9831
16.62
14.02
11.2785
8.52521
5.91298
3.59841
1.71652
0.354257
-0.469938
-0.813013
-0.795693
-0.573112
-0.295409
-0.0715099
0.05041
0.0786587
0.0539033
0.0188846
-0.00223913
-0.00687455
-0.00363544
-0.000403404
0.00048699
0.00020106
-1.96549e-05
14.7748
13.8376
12.8393
11.6496
10.2863
8.77878
7.17703
5.55083
3.98431
2.56644
1.37786
0.476389
-0.115241
-0.415549
-0.481223
-0.39422
-0.241882
-0.0960994
0.00125695
0.0414174
0.0399405
0.0212267
0.00439055
-0.00313671
-0.00335763
-0.00126291
5.7074e-05
0.000246955
6.63194e-05
-1.35124e-05
8.40396
7.75336
7.08101
6.30244
5.43732
4.51134
3.56152
2.63357
1.77732
1.03991
0.458095
0.0510647
-0.183975
-0.271805
-0.253949
-0.179081
-0.0916888
-0.0226239
0.0152207
0.0248207
0.0180215
0.00729157
0.000109953
-0.00209557
-0.00144836
-0.000367037
0.000110759
0.00010987
1.83807e-05
-7.17903e-06
4.69673
4.26102
3.8242
3.33255
2.80272
2.25392
1.71069
1.20052
0.750469
0.383075
0.112343
-0.0591642
-0.141142
-0.153668
-0.122795
-0.0746745
-0.0299359
-0.000140898
0.0125559
0.0127118
0.00732488
0.00203057
-0.000697041
-0.00111125
-0.000560571
-7.34278e-05
7.58323e-05
4.42047e-05
3.47676e-06
-3.33703e-06
2.57868
2.2965
2.02208
1.72184
1.40806
1.09363
0.793529
0.523
0.295481
0.120384
0.00131273
-0.0647682
-0.0870255
-0.0788538
-0.0549614
-0.0282321
-0.00731269
0.00431542
0.00757736
0.00583452
0.00266106
0.000323431
-0.000576003
-0.000515263
-0.00019304
3.95774e-06
4.02358e-05
1.61966e-05
-2.45258e-07
-1.41517e-06
1.39065
1.21355
1.04653
0.868887
0.688887
0.514497
0.354181
0.215754
0.105203
0.0256448
-0.0233076
-0.045522
-0.0475934
-0.0374648
-0.0227636
-0.00932216
-0.000328134
0.00365966
0.00392564
0.00243828
0.000830997
-0.000102081
-0.000336684
-0.000215685
-5.6598e-05
1.51086e-05
1.86323e-05
5.34416e-06
-7.26972e-07
-5.5688e-07
0.738411
0.630316
0.531475
0.429277
0.32891
0.234961
0.151889
0.0833629
0.0316674
-0.00271247
-0.0212096
-0.0269129
-0.0239493
-0.016641
-0.00865929
-0.00241655
0.00112992
0.00223671
0.00183351
0.000928499
0.000196267
-0.000137986
-0.000167324
-8.21888e-05
-1.20851e-05
1.09567e-05
7.82334e-06
1.52512e-06
-5.09965e-07
-2.04057e-07
0.350085
0.289963
0.237061
0.184158
0.134144
0.0893046
0.0516182
0.0224265
0.00220503
-0.00953487
-0.0141645
-0.0136752
-0.0102841
-0.00600406
-0.00229579
0.000101768
0.00112317
0.00115123
0.000718544
0.000257424
-1.95118e-05
-9.9887e-05
-7.18116e-05
-2.40348e-05
2.00548e-06
6.35084e-06
2.83141e-06
1.84747e-07
-2.98317e-07
-6.19304e-08
)
;

boundaryField
{
    fixedWall_Bottom
    {
        type            greyDiffusiveRadiation;
        refValue        uniform 18049.5;
        refGradient     uniform 0;
        valueFraction   uniform 1;
        source          uniform 0;
        value           uniform 18049.5;
    }
    fixedWall_Right
    {
        type            greyDiffusiveRadiation;
        refValue        uniform 0;
        refGradient     uniform 0;
        valueFraction   uniform 1;
        source          uniform 0;
        value           uniform 0;
    }
    fixedWall_Left
    {
        type            greyDiffusiveRadiation;
        refValue        uniform 0;
        refGradient     uniform 0;
        valueFraction   uniform 0;
        source          uniform 0;
        value           nonuniform List<scalar> 
30
(
17995
18050.6
18454
18573.7
17725.5
15885.3
13468.5
10911.9
8514.05
6434.59
4730.08
3392.53
2379.66
1635.48
1102.89
730.527
475.632
304.528
191.774
118.786
72.3622
43.3459
25.526
14.7748
8.40396
4.69673
2.57868
1.39065
0.738411
0.350085
)
;
    }
    fixedWall_Top
    {
        type            greyDiffusiveRadiation;
        refValue        uniform 0;
        refGradient     uniform 0;
        valueFraction   uniform 0;
        source          uniform 0;
        value           nonuniform List<scalar> 
30
(
0.350085
0.289963
0.237061
0.184158
0.134144
0.0893046
0.0516182
0.0224265
0.00220503
-0.00953487
-0.0141645
-0.0136752
-0.0102841
-0.00600406
-0.00229579
0.000101768
0.00112317
0.00115123
0.000718544
0.000257424
-1.95118e-05
-9.9887e-05
-7.18116e-05
-2.40348e-05
2.00548e-06
6.35084e-06
2.83141e-06
1.84747e-07
-2.98317e-07
-6.19304e-08
)
;
    }
    frontAndBack
    {
        type            empty;
    }
}


// ************************************************************************* //
