/*--------------------------------*- C++ -*----------------------------------*\
| =========                 |                                                 |
| \\      /  F ield         | OpenFOAM: The Open Source CFD Toolbox           |
|  \\    /   O peration     | Version:  2312                                  |
|   \\  /    A nd           | Website:  www.openfoam.com                      |
|    \\/     M anipulation  |                                                 |
\*---------------------------------------------------------------------------*/
FoamFile
{
    version     2.0;
    format      ascii;
    arch        "LSB;label=32;scalar=64";
    class       volScalarField;
    location    "0.015";
    object      ILambda_63_0;
}
// * * * * * * * * * * * * * * * * * * * * * * * * * * * * * * * * * * * * * //

dimensions      [1 0 -3 0 0 0 0];

internalField   nonuniform List<scalar> 
900
(
18058.5
18058.5
18058.5
18058.5
18058.5
18058.5
18058.5
18058.5
18058.5
18058.5
18058.5
18058.5
18058.5
18058.5
18058.5
18058.5
18058.5
18058.5
18058.5
18058.5
18058.5
18058.5
18058.5
18058.5
18058.5
18058.4
18057.7
18066
18264.1
17401.2
18059.2
18059.2
18059.2
18059.2
18059.2
18059.2
18059.2
18059.2
18059.2
18059.2
18059.2
18059.2
18059.2
18059.2
18059.2
18059.2
18059.2
18059.2
18059.2
18059.2
18059.2
18059.2
18059.2
18059.2
18059.3
18058.9
18055.6
18106
18586.4
16151.2
18000.6
18000.6
18000.6
18000.6
18000.6
18000.6
18000.6
18000.6
18000.6
18000.6
18000.6
18000.6
18000.6
18000.6
18000.6
18000.6
18000.6
18000.6
18000.6
18000.6
18000.6
18000.6
18000.6
18000.7
18000.7
17999
17993.7
18111.8
18754.9
14935.8
17978.7
17978.7
17978.7
17978.7
17978.7
17978.7
17978.7
17978.7
17978.7
17978.7
17978.7
17978.7
17978.7
17978.7
17978.7
17978.7
17978.7
17978.7
17978.7
17978.7
17978.7
17978.7
17978.7
17978.8
17978.7
17974.5
17970.5
18181.3
18885.6
13812.2
18060.7
18060.7
18060.7
18060.7
18060.7
18060.7
18060.7
18060.7
18060.7
18060.7
18060.7
18060.7
18060.7
18060.7
18060.7
18060.7
18060.7
18060.7
18060.7
18060.7
18060.7
18060.7
18060.7
18060.8
18060.3
18052.4
18056.9
18378.8
19045.8
12806.8
18193.8
18193.8
18193.8
18193.8
18193.8
18193.8
18193.8
18193.8
18193.8
18193.8
18193.8
18193.8
18193.8
18193.8
18193.8
18193.8
18193.8
18193.8
18193.8
18193.8
18193.8
18193.8
18193.8
18194
18192.6
18181
18203.1
18640.2
19168.5
11875.3
18292.9
18292.9
18292.9
18292.9
18292.9
18292.9
18292.9
18292.9
18292.9
18292.9
18292.9
18292.9
18292.9
18292.9
18292.9
18292.9
18292.9
18292.9
18292.9
18292.9
18292.9
18292.9
18293
18293.1
18290.4
18276.1
18324.9
18865.4
19162.2
10973.1
18294.9
18294.9
18294.9
18294.9
18294.9
18294.9
18294.9
18294.9
18294.9
18294.9
18294.9
18294.9
18294.9
18294.9
18294.9
18294.9
18294.9
18294.9
18294.9
18294.9
18294.9
18294.9
18295
18295
18290.9
18275.7
18357.6
18976.8
18970.7
10083.3
18155.2
18155.2
18155.2
18155.2
18155.2
18155.2
18155.2
18155.2
18155.2
18155.2
18155.2
18155.2
18155.2
18155.2
18155.2
18155.2
18155.2
18155.2
18155.2
18155.2
18155.2
18155.2
18155.3
18155.2
18149.6
18135.9
18254
18918.6
18565.5
9201.93
17845.5
17845.5
17845.5
17845.5
17845.5
17845.5
17845.5
17845.5
17845.5
17845.5
17845.5
17845.5
17845.5
17845.5
17845.5
17845.5
17845.5
17845.5
17845.5
17845.5
17845.5
17845.6
17845.7
17845.2
17838.4
17828.6
17982.2
18655.8
17940.6
8331.15
17355.9
17355.9
17355.9
17355.9
17355.9
17355.9
17355.9
17355.9
17355.9
17355.9
17355.9
17355.9
17355.9
17355.9
17355.9
17355.9
17355.9
17355.9
17355.9
17355.9
17355.9
17356
17356.1
17355.3
17347.6
17343.7
17528.5
18176.2
17110.9
7478.19
16692.6
16692.6
16692.6
16692.6
16692.6
16692.6
16692.6
16692.6
16692.6
16692.6
16692.6
16692.6
16692.6
16692.6
16692.6
16692.6
16692.6
16692.6
16692.6
16692.6
16692.7
16692.7
16692.8
16691.6
16683.6
16687
16896.3
17487.9
16106.8
6652.87
15874.7
15874.7
15874.7
15874.7
15874.7
15874.7
15874.7
15874.7
15874.7
15874.7
15874.7
15874.7
15874.7
15874.7
15874.7
15874.7
15874.7
15874.7
15874.7
15874.7
15874.7
15874.7
15874.7
15873.3
15865.5
15876.9
16102.1
16614.5
14968.1
5865.5
14929.5
14929.5
14929.5
14929.5
14929.5
14929.5
14929.5
14929.5
14929.5
14929.5
14929.5
14929.5
14929.5
14929.5
14929.5
14929.5
14929.5
14929.5
14929.5
14929.5
14929.5
14929.5
14929.5
14927.8
14920.7
14940.1
15172.3
15590.3
13738.8
5125.31
13889.4
13889.4
13889.4
13889.4
13889.4
13889.4
13889.4
13889.4
13889.4
13889.4
13889.4
13889.4
13889.4
13889.4
13889.4
13889.4
13889.4
13889.4
13889.3
13889.4
13889.4
13889.4
13889.3
13887.4
13881.5
13908.1
14138.8
14455
12462.5
4439.58
12787.8
12787.8
12787.8
12787.8
12787.8
12787.8
12787.8
12787.8
12787.8
12787.8
12787.8
12787.8
12787.8
12787.8
12787.8
12787.8
12787.8
12787.8
12787.8
12787.8
12787.8
12787.9
12787.7
12785.7
12781.3
12814
13035.4
13249.4
11178.9
3813.2
11657.2
11657.2
11657.2
11657.2
11657.2
11657.2
11657.2
11657.2
11657.2
11657.2
11657.2
11657.2
11657.2
11657.2
11657.2
11657.2
11657.2
11657.2
11657.2
11657.2
11657.2
11657.2
11657
11655
11652.2
11689.5
11895.6
12012.5
9922.18
3248.66
10526.6
10526.6
10526.6
10526.6
10526.6
10526.6
10526.6
10526.6
10526.6
10526.6
10526.6
10526.6
10526.6
10526.6
10526.6
10526.6
10526.6
10526.6
10526.6
10526.6
10526.6
10526.6
10526.3
10524.5
10523.3
10563.6
10749.8
10779.1
8719.54
2746.22
9421
9421
9421
9421
9421
9421
9421
9421
9421
9421
9421
9421
9421
9421
9421
9421
9421
9421
9421
9421
9421.01
9421.01
9420.71
9419.07
9419.38
9461.11
9624.51
9578.37
7591.29
2304.3
8360.51
8360.51
8360.51
8360.51
8360.51
8360.51
8360.51
8360.51
8360.51
8360.51
8360.51
8360.51
8360.51
8360.51
8360.51
8360.51
8360.51
8360.51
8360.51
8360.51
8360.52
8360.51
8360.19
8358.78
8360.48
8402.14
8541.42
8433.35
6551.13
1919.85
7360.35
7360.35
7360.35
7360.35
7360.35
7360.35
7360.35
7360.35
7360.35
7360.35
7360.35
7360.35
7360.35
7360.35
7360.35
7360.35
7360.35
7360.35
7360.35
7360.35
7360.36
7360.34
7360.02
7358.87
7361.74
7402.06
7517.19
7361
5606.91
1588.8
6431.14
6431.14
6431.14
6431.14
6431.14
6431.14
6431.14
6431.14
6431.14
6431.14
6431.14
6431.14
6431.14
6431.14
6431.14
6431.14
6431.14
6431.14
6431.14
6431.14
6431.15
6431.12
6430.81
6429.93
6433.72
6471.7
6563.69
6372.61
4761.57
1306.45
5579.35
5579.35
5579.35
5579.35
5579.35
5579.35
5579.35
5579.35
5579.35
5579.35
5579.35
5579.35
5579.35
5579.35
5579.35
5579.35
5579.35
5579.35
5579.35
5579.35
5579.36
5579.32
5579.03
5578.42
5582.87
5617.76
5688.39
5474.48
4014.15
1067.76
4807.91
4807.91
4807.91
4807.91
4807.91
4807.91
4807.91
4807.91
4807.91
4807.91
4807.91
4807.91
4807.91
4807.91
4807.91
4807.91
4807.91
4807.91
4807.91
4807.91
4807.91
4807.87
4807.61
4807.26
4812.11
4843.44
4894.97
4668.78
3360.76
867.643
4116.86
4116.86
4116.86
4116.86
4116.86
4116.86
4116.86
4116.86
4116.86
4116.86
4116.86
4116.86
4116.86
4116.86
4116.86
4116.86
4116.86
4116.86
4116.86
4116.86
4116.86
4116.82
4116.59
4116.46
4121.49
4149.01
4184.01
3954.33
2795.44
701.17
3503.97
3503.97
3503.97
3503.97
3503.97
3503.97
3503.97
3503.97
3503.97
3503.97
3503.97
3503.97
3503.97
3503.97
3503.97
3503.97
3503.97
3503.97
3503.97
3503.97
3503.96
3503.92
3503.74
3503.8
3508.82
3532.48
3553.58
3327.47
2310.94
563.681
2965.46
2965.46
2965.46
2965.46
2965.46
2965.46
2965.46
2965.46
2965.46
2965.46
2965.46
2965.46
2965.46
2965.46
2965.46
2965.46
2965.46
2965.46
2965.47
2965.47
2965.46
2965.42
2965.27
2965.49
2970.34
2990.25
3000.03
2782.86
1899.39
450.925
2494.99
2494.99
2494.99
2494.99
2494.99
2494.99
2494.99
2494.99
2494.99
2494.99
2494.99
2494.99
2494.99
2494.99
2494.99
2494.99
2494.99
2494.99
2494.99
2494.99
2494.98
2494.95
2494.83
2495.16
2499.73
2516.12
2516.97
2312.73
1551.75
358.778
2100.78
2100.78
2100.78
2100.78
2100.78
2100.78
2100.78
2100.78
2100.78
2100.78
2100.78
2100.78
2100.78
2100.78
2100.78
2100.78
2100.78
2100.78
2100.78
2100.78
2100.77
2100.74
2100.66
2101.07
2105.28
2118.52
2112.57
1922.89
1269.25
286.463
1652.72
1652.72
1652.72
1652.72
1652.72
1652.72
1652.72
1652.72
1652.72
1652.72
1652.72
1652.72
1652.72
1652.72
1652.72
1652.72
1652.72
1652.72
1652.72
1652.72
1652.71
1652.68
1652.64
1653.1
1656.75
1666.54
1655.29
1488.78
961.633
208.956
)
;

boundaryField
{
    fixedWall_Bottom
    {
        type            greyDiffusiveRadiation;
        refValue        uniform 18049.5;
        refGradient     uniform 0;
        valueFraction   uniform 1;
        source          uniform 0;
        value           uniform 18049.5;
    }
    fixedWall_Right
    {
        type            greyDiffusiveRadiation;
        refValue        uniform 0;
        refGradient     uniform 0;
        valueFraction   uniform 1;
        source          uniform 0;
        value           uniform 0;
    }
    fixedWall_Left
    {
        type            greyDiffusiveRadiation;
        refValue        uniform 0;
        refGradient     uniform 0;
        valueFraction   uniform 0;
        source          uniform 0;
        value           nonuniform List<scalar> 
30
(
18058.5
18059.2
18000.6
17978.7
18060.7
18193.8
18292.9
18294.9
18155.2
17845.5
17355.9
16692.6
15874.7
14929.5
13889.4
12787.8
11657.2
10526.6
9421
8360.51
7360.35
6431.14
5579.35
4807.91
4116.86
3503.97
2965.46
2494.99
2100.78
1652.72
)
;
    }
    fixedWall_Top
    {
        type            greyDiffusiveRadiation;
        refValue        uniform 0;
        refGradient     uniform 0;
        valueFraction   uniform 0;
        source          uniform 0;
        value           nonuniform List<scalar> 
30
(
1652.72
1652.72
1652.72
1652.72
1652.72
1652.72
1652.72
1652.72
1652.72
1652.72
1652.72
1652.72
1652.72
1652.72
1652.72
1652.72
1652.72
1652.72
1652.72
1652.72
1652.71
1652.68
1652.64
1653.1
1656.75
1666.54
1655.29
1488.78
961.633
208.956
)
;
    }
    frontAndBack
    {
        type            empty;
    }
}


// ************************************************************************* //
