/*--------------------------------*- C++ -*----------------------------------*\
| =========                 |                                                 |
| \\      /  F ield         | OpenFOAM: The Open Source CFD Toolbox           |
|  \\    /   O peration     | Version:  2312                                  |
|   \\  /    A nd           | Website:  www.openfoam.com                      |
|    \\/     M anipulation  |                                                 |
\*---------------------------------------------------------------------------*/
FoamFile
{
    version     2.0;
    format      ascii;
    arch        "LSB;label=32;scalar=64";
    class       volScalarField;
    location    "0.015";
    object      ILambda_56_0;
}
// * * * * * * * * * * * * * * * * * * * * * * * * * * * * * * * * * * * * * //

dimensions      [1 0 -3 0 0 0 0];

internalField   nonuniform List<scalar> 
900
(
18033.5
18033.5
18033.5
18033.5
18033.5
18033.5
18033.5
18033.5
18033.5
18033.5
18033.5
18033.5
18033.5
18033.5
18033.5
18033.6
18033.8
18034.2
18034.7
18034.9
18033.3
18026.3
18009.1
17984.5
17987.3
18114.5
18466.6
18749.9
17244.8
9547.67
17962.9
17962.9
17962.9
17962.9
17962.9
17962.9
17962.9
17962.9
17962.9
17962.9
17962.9
17962.9
17962.9
17963
17963.1
17963.2
17963.1
17962.1
17958.8
17950.8
17936.2
17920.4
17931.9
18042.3
18341.9
18755.4
18615.1
16307
10132.6
1666.23
18157.7
18157.7
18157.7
18157.7
18157.7
18157.7
18157.7
18157.7
18157.7
18157.7
18157.7
18157.7
18157.7
18157.7
18157.4
18156.4
18154.1
18149.4
18142.1
18135.7
18145.7
18210.7
18393.5
18724.3
19011.4
18537.7
16020.5
10565.9
3620.75
-523.774
18498.2
18498.2
18498.2
18498.2
18498.2
18498.2
18498.2
18498.2
18498.2
18498.2
18498.2
18498.1
18497.9
18497.4
18496.2
18494.1
18491.2
18489.8
18497.3
18532.4
18627.7
18817.4
19074.2
19160
18435.9
15912.3
10995
4781.02
227.343
-572.261
18473.4
18473.4
18473.4
18473.4
18473.4
18473.4
18473.4
18473.3
18473.3
18473.3
18473.2
18472.9
18472.4
18471.6
18470.8
18470.9
18475.7
18493.3
18538.9
18632.1
18778.3
18914.1
18803.2
17927.9
15553.1
11232
5687.87
1061.11
-715.242
-228.574
17762.1
17762.1
17762.1
17762.1
17762.1
17762.1
17762.1
17762.1
17762
17761.9
17761.8
17761.5
17761.3
17761.8
17764.4
17772.7
17793.1
17835.1
17905.2
17989.3
18010.1
17760.3
16843.6
14731.1
11081.8
6313.97
1898.9
-472.271
-583.104
-16.1875
16398.2
16398.2
16398.2
16398.2
16398.2
16398.2
16398.1
16398.1
16398
16398
16398
16398.3
16399.6
16403.3
16412.1
16429.9
16460.5
16501.7
16529.4
16468.6
16150.9
15284.6
13497
10531.2
6602.61
2654.65
11.1532
-697.335
-259.066
45.092
14585.7
14585.7
14585.7
14585.7
14585.7
14585.7
14585.7
14585.7
14585.7
14585.9
14586.5
14588.1
14591.7
14598.9
14611.5
14629.5
14645.5
14633.5
14528.5
14201.2
13442.7
11993.5
9663.52
6547.69
3217.21
611.099
-554.678
-463.112
-51.5028
38.7822
12553
12553
12553
12553
12553
12553
12553
12553.1
12553.4
12554
12555.4
12558.3
12563.2
12570.5
12577.9
12576.4
12542.1
12422.8
12123.1
11496.3
10363.5
8585.65
6192.77
3514.8
1171.13
-220.468
-513.77
-210.381
26.9036
19.7578
10494.9
10494.9
10494.9
10494.9
10494.9
10494.9
10495
10495.3
10495.9
10496.9
10498.8
10501.6
10504.6
10504.7
10493.3
10450.3
10336.1
10082.3
9587.4
8728.98
7406.43
5617.99
3546.14
1578.78
178.51
-396.769
-317.9
-59.9892
37.3094
6.5692
8552.94
8552.94
8552.95
8552.96
8553.01
8553.11
8553.31
8553.71
8554.39
8555.41
8556.53
8556.67
8552.7
8537.15
8494.42
8395.49
8192.4
7815.88
7182.74
6220.92
4915.25
3361.8
1794.14
530.389
-177.949
-319.555
-152.514
2.98378
26.1041
0.554031
6814.04
6814.05
6814.06
6814.1
6814.18
6814.32
6814.56
6814.91
6815.3
6815.33
6813.88
6808.19
6792.32
6754.64
6674.56
6519.08
6241.48
5785.62
5100.44
4167
3032.51
1832.79
774.652
59.1073
-230.636
-195.355
-55.3603
18.9437
13.8418
-1.23365
5319.47
5319.48
5319.51
5319.56
5319.64
5319.76
5319.88
5319.87
5319.31
5317.21
5311.33
5297.19
5266.45
5204.82
5090.01
4890.86
4569.72
4090.86
3436.26
2626.53
1737.86
899.076
255.019
-99.2165
-177.093
-99.0046
-10.7234
16.7919
5.90454
-1.27846
4077.12
4077.14
4077.16
4077.2
4077.24
4077.22
4077
4076.21
4074.04
4068.79
4057.22
4033.5
3987.95
3905.72
3766.24
3544.5
3215.8
2764.9
2198.75
1558.3
920.885
384.125
29.8
-117.716
-109.239
-41.7131
4.67583
10.7036
1.90477
-0.867666
3073.06
3073.07
3073.08
3073.07
3072.98
3072.69
3071.89
3069.95
3065.66
3056.74
3039.22
3006.65
2949.29
2853.7
2703.41
2481.58
2176.19
1787.75
1337.08
868.968
445.991
129.842
-44.8577
-89.7121
-58.0056
-13.4054
7.2454
5.68298
0.27593
-0.484152
2281
2280.99
2280.96
2280.85
2280.55
2279.85
2278.28
2274.98
2268.41
2255.92
2233.28
2194.19
2129.95
2029.84
1882.5
1678.96
1417.07
1106.63
772.605
453.453
192.098
20.6771
-54.3033
-56.3804
-26.8953
-1.80555
5.64091
2.60474
-0.21638
-0.235449
1669.3
1669.26
1669.15
1668.89
1668.33
1667.13
1664.71
1660.04
1651.4
1636.05
1609.95
1567.56
1501.94
1405.56
1271.93
1098.24
888.495
656.014
423.552
219.269
68.4281
-16.5299
-42.1426
-31.1516
-10.6346
1.76506
3.48122
1.01833
-0.26773
-0.100958
1205.72
1205.62
1205.41
1204.99
1204.11
1202.4
1199.19
1193.36
1183.17
1166.08
1138.57
1096.21
1034.06
947.596
834.162
694.934
536.659
372.295
219.462
96.1978
14.9177
-22.7874
-27.1678
-15.4387
-3.22331
2.14568
1.86602
0.311251
-0.195653
-0.0372716
860.291
860.122
859.812
859.2
858.031
855.874
852.026
845.4
834.396
816.815
789.861
750.339
695.151
622.139
531.228
425.587
312.313
201.986
106.649
36.3985
-4.27386
-18.4612
-15.5594
-6.84437
-0.356068
1.59365
0.89406
0.0437499
-0.117206
-0.0106892
606.828
606.588
606.173
605.394
603.98
601.493
597.258
590.287
579.216
562.296
537.489
502.724
456.373
397.913
328.663
252.339
175.054
104.446
47.8611
10.0638
-8.57636
-12.3014
-8.11246
-2.63279
0.479077
0.97569
0.383618
-0.0334602
-0.0622293
-0.00120808
423.441
423.136
422.63
421.722
420.144
417.482
413.131
406.254
395.771
380.394
358.768
329.727
292.67
248.021
197.619
144.866
94.3951
51.1766
19.1788
0.0524743
-7.51868
-7.29631
-3.87519
-0.790516
0.547057
0.529979
0.14372
-0.0412085
-0.0301249
0.00133345
292.462
292.105
291.535
290.55
288.901
286.223
282.008
275.592
266.175
252.884
234.915
211.742
183.394
150.712
115.513
80.5004
48.8546
23.5025
6.26891
-2.75138
-5.23807
-3.96834
-1.68279
-0.094798
0.401944
0.26227
0.0429225
-0.0302367
-0.0134126
0.00149202
200.031
199.641
199.037
198.031
196.405
193.853
189.973
184.272
176.199
165.213
150.908
133.166
112.325
89.3106
65.6412
43.2609
24.1656
9.89863
1.08036
-2.80726
-3.22519
-2.00251
-0.644847
0.106718
0.247273
0.119112
0.00619934
-0.0183536
-0.00546327
0.00106287
135.533
135.13
134.526
133.55
132.023
129.704
126.292
121.442
114.803
106.081
95.1255
82.0397
67.2655
51.6234
36.2549
22.4443
11.3384
3.63692
-0.625021
-2.08693
-1.82299
-0.938932
-0.199092
0.1254
0.136438
0.0492912
-0.00419372
-0.00996991
-0.00198573
0.000636862
91.0005
90.6045
90.0283
89.1253
87.7539
85.7333
82.8516
78.8843
73.6278
66.9499
58.851
49.5247
39.3951
29.1074
19.4498
11.2077
4.97646
0.994928
-0.927782
-1.34303
-0.961701
-0.405578
-0.0309538
0.0933152
0.0693389
0.0180561
-0.00528468
-0.00499495
-0.000597559
0.000344975
60.5621
60.19
59.6634
58.8611
57.6771
55.9828
53.6374
50.5053
46.4841
41.5392
35.7426
29.3022
22.5688
16.0066
10.1223
5.35918
1.9862
0.0221073
-0.767862
-0.789117
-0.476626
-0.157357
0.0193923
0.0582154
0.0327891
0.005358
-0.00390752
-0.00233736
-0.000106912
0.000173915
39.9572
39.6213
39.1582
38.4715
37.4854
36.1132
34.2672
31.8738
28.8931
25.3422
21.3157
16.9965
12.6478
8.58104
5.09971
2.43213
0.672337
-0.245597
-0.524095
-0.433065
-0.221874
-0.0511387
0.0260747
0.0327127
0.0144303
0.00082266
-0.00239547
-0.00102473
3.30462e-05
8.27204e-05
26.1361
25.8435
25.4504
24.8822
24.0875
23.0111
21.6025
19.8277
17.6819
15.2036
12.4835
9.66517
6.93206
4.47987
2.47803
1.03018
0.147394
-0.253431
-0.321685
-0.224367
-0.0962716
-0.010466
0.0201402
0.0170334
0.00584907
-0.000456873
-0.00132049
-0.0004187
5.2844e-05
3.73459e-05
17.0024
16.7555
16.4316
15.975
15.3524
14.5306
13.4837
12.2007
10.6936
9.00473
7.20941
5.41181
3.7323
2.28689
1.16288
0.398133
-0.0283427
-0.188851
-0.183735
-0.110579
-0.0384673
0.00228709
0.0128338
0.00833169
0.00213527
-0.000598676
-0.000674639
-0.000157296
4.02169e-05
1.60186e-05
10.1596
9.96471
9.71608
9.37476
8.92206
8.34144
7.62347
6.77046
5.80073
4.75117
3.67636
2.64325
1.72118
0.968681
0.420609
0.0797341
-0.0833097
-0.120682
-0.0913657
-0.0446203
-0.00950299
0.00592637
0.00719985
0.00341091
0.000409389
-0.000493151
-0.000304382
-3.70022e-05
2.68079e-05
5.60697e-06
)
;

boundaryField
{
    fixedWall_Bottom
    {
        type            greyDiffusiveRadiation;
        refValue        uniform 18049.5;
        refGradient     uniform 0;
        valueFraction   uniform 1;
        source          uniform 0;
        value           uniform 18049.5;
    }
    fixedWall_Right
    {
        type            greyDiffusiveRadiation;
        refValue        uniform 0;
        refGradient     uniform 0;
        valueFraction   uniform 1;
        source          uniform 0;
        value           uniform 0;
    }
    fixedWall_Left
    {
        type            greyDiffusiveRadiation;
        refValue        uniform 0;
        refGradient     uniform 0;
        valueFraction   uniform 0;
        source          uniform 0;
        value           nonuniform List<scalar> 
30
(
18033.5
17962.9
18157.7
18498.2
18473.4
17762.1
16398.2
14585.7
12553
10494.9
8552.94
6814.04
5319.47
4077.12
3073.06
2281
1669.3
1205.72
860.291
606.828
423.441
292.462
200.031
135.533
91.0005
60.5621
39.9572
26.1361
17.0024
10.1596
)
;
    }
    fixedWall_Top
    {
        type            greyDiffusiveRadiation;
        refValue        uniform 0;
        refGradient     uniform 0;
        valueFraction   uniform 0;
        source          uniform 0;
        value           nonuniform List<scalar> 
30
(
10.1596
9.96471
9.71608
9.37476
8.92206
8.34144
7.62347
6.77046
5.80073
4.75117
3.67636
2.64325
1.72118
0.968681
0.420609
0.0797341
-0.0833097
-0.120682
-0.0913657
-0.0446203
-0.00950299
0.00592637
0.00719985
0.00341091
0.000409389
-0.000493151
-0.000304382
-3.70022e-05
2.68079e-05
5.60697e-06
)
;
    }
    frontAndBack
    {
        type            empty;
    }
}


// ************************************************************************* //
