/*--------------------------------*- C++ -*----------------------------------*\
| =========                 |                                                 |
| \\      /  F ield         | OpenFOAM: The Open Source CFD Toolbox           |
|  \\    /   O peration     | Version:  2312                                  |
|   \\  /    A nd           | Website:  www.openfoam.com                      |
|    \\/     M anipulation  |                                                 |
\*---------------------------------------------------------------------------*/
FoamFile
{
    version     2.0;
    format      ascii;
    arch        "LSB;label=32;scalar=64";
    class       volScalarField;
    location    "0.015";
    object      ILambda_7_0;
}
// * * * * * * * * * * * * * * * * * * * * * * * * * * * * * * * * * * * * * //

dimensions      [1 0 -3 0 0 0 0];

internalField   nonuniform List<scalar> 
900
(
9547.67
17244.8
18749.9
18466.6
18114.5
17987.4
17984.5
18009.1
18026.3
18033.3
18034.9
18034.7
18034.2
18033.8
18033.6
18033.5
18033.5
18033.5
18033.5
18033.5
18033.5
18033.5
18033.5
18033.5
18033.5
18033.5
18033.5
18033.5
18033.5
18033.5
1666.23
10132.6
16307
18615.1
18755.4
18341.9
18042.3
17931.9
17920.4
17936.2
17950.7
17958.7
17962
17963
17963.2
17963.1
17963
17962.9
17962.9
17962.9
17962.9
17962.9
17962.9
17962.9
17962.9
17962.9
17962.9
17962.9
17962.9
17962.9
-523.773
3620.75
10566
16020.5
18537.7
19011.4
18724.2
18393.5
18210.7
18145.7
18135.6
18142
18149.4
18154.1
18156.4
18157.3
18157.6
18157.7
18157.7
18157.7
18157.6
18157.6
18157.6
18157.6
18157.6
18157.6
18157.6
18157.6
18157.6
18157.6
-572.261
227.344
4781.02
10995
15912.3
18435.9
19160.1
19074.4
18817.6
18627.9
18532.6
18497.6
18490.1
18491.5
18494.4
18496.5
18497.7
18498.2
18498.5
18498.5
18498.5
18498.5
18498.5
18498.5
18498.5
18498.5
18498.5
18498.5
18498.5
18498.5
-228.574
-715.24
1061.09
5687.85
11232
15553.2
17928.1
18803.3
18914.2
18778.4
18632.1
18538.9
18493.3
18475.8
18471
18470.8
18471.7
18472.5
18472.9
18473.2
18473.3
18473.4
18473.4
18473.4
18473.4
18473.4
18473.4
18473.4
18473.4
18473.4
-16.1868
-583.103
-472.291
1898.91
6314.08
11081.8
14731
16843.3
17759.7
18009.5
17988.6
17904.4
17834.2
17792.3
17771.8
17763.5
17760.9
17760.4
17760.6
17760.9
17761
17761.1
17761.2
17761.2
17761.2
17761.2
17761.2
17761.2
17761.2
17761.2
45.0931
-259.067
-697.358
11.1895
2654.76
6602.55
10530.8
13496.4
15284
16150.3
16468.1
16528.9
16501.2
16460
16429.3
16411.5
16402.8
16399.1
16397.8
16397.4
16397.4
16397.5
16397.5
16397.6
16397.6
16397.6
16397.6
16397.6
16397.6
16397.6
38.7836
-51.5036
-463.135
-554.634
611.193
3217.08
6547.29
9663.19
11993.5
13443.1
14201.9
14529.3
14634.4
14646.5
14630.6
14612.6
14600
14592.8
14589.2
14587.6
14587
14586.8
14586.8
14586.8
14586.8
14586.8
14586.9
14586.9
14586.9
14586.9
19.7593
26.9024
-210.404
-513.729
-220.385
1170.99
3514.5
6192.77
8586.26
10364.7
11497.8
12124.8
12424.5
12543.8
12578.2
12579.8
12572.4
12565.2
12560.2
12557.4
12556
12555.3
12555.1
12555
12554.9
12554.9
12554.9
12555
12555
12555
6.57058
37.3082
-60.0084
-317.866
-396.695
178.385
1578.54
3546.25
5618.74
7407.64
8730.31
9588.62
10083.4
10337.1
10451.2
10494.1
10505.5
10505.4
10502.4
10499.6
10497.8
10496.7
10496.1
10495.9
10495.8
10495.7
10495.7
10495.7
10495.7
10495.7
0.555182
26.1032
2.96896
-152.49
-319.492
-178.056
530.177
1794.24
3362.42
4916.12
6221.63
7183.03
7815.72
8191.88
8394.71
8493.46
8536.08
8551.56
8555.49
8555.32
8554.19
8553.17
8552.49
8552.09
8551.89
8551.79
8551.74
8551.73
8551.72
8551.72
-1.23278
13.8413
18.9333
-55.3451
-195.302
-230.717
58.9256
774.713
1833.24
3033.05
4167.18
5100.01
5784.59
6239.98
6517.25
6672.51
6752.43
6789.99
6805.77
6811.4
6812.8
6812.75
6812.35
6811.99
6811.74
6811.6
6811.52
6811.49
6811.47
6811.46
-1.27786
5.90437
16.785
-10.7157
-98.9624
-177.148
-99.3604
255.052
899.397
1738.19
2626.44
3435.54
4089.59
4568.09
4889.06
5088.15
5202.92
5264.5
5295.19
5309.26
5315.09
5317.15
5317.68
5317.67
5317.54
5317.41
5317.33
5317.28
5317.25
5317.24
-0.867282
1.90484
10.6993
4.67853
-41.6811
-109.272
-117.822
29.8162
384.358
921.098
1558.13
2198.05
2763.81
3214.63
3543.51
3765.54
3905.32
3987.75
4033.42
4057.18
4068.75
4073.97
4076.12
4076.88
4077.09
4077.09
4077.05
4077.01
4076.98
4076.96
-0.483922
0.276105
5.68042
7.24531
-13.3826
-58.0226
-89.787
-44.8506
130.012
446.142
868.807
1336.51
1786.98
2175.63
2481.59
2704.19
2855.23
2951.45
3009.25
3042.09
3059.75
3068.73
3073.03
3074.96
3075.75
3076.03
3076.11
3076.12
3076.11
3076.09
-0.235321
-0.216184
2.60327
5.63965
-1.7902
-26.903
-56.4312
-54.3018
20.7994
192.209
453.32
772.162
1106.13
1416.97
1679.74
1884.47
2033.04
2134.25
2199.34
2239.04
2262.05
2274.76
2281.44
2284.79
2286.37
2287.08
2287.37
2287.47
2287.51
2287.51
-0.100891
-0.26756
1.01751
3.47974
1.77483
-10.6371
-31.185
-42.1445
-16.4438
68.5122
219.167
423.207
655.661
888.623
1099.4
1274.53
1409.75
1507.64
1574.54
1617.9
1644.67
1660.46
1669.36
1674.17
1676.66
1677.89
1678.47
1678.72
1678.83
1678.87
-0.0372388
-0.195524
0.310813
1.86476
2.15161
-3.22348
-15.4602
-27.1714
-22.7283
14.9817
96.1224
219.188
372.012
536.819
696.103
836.827
952.028
1040.28
1104.03
1147.69
1176.18
1193.95
1204.58
1210.68
1214.04
1215.83
1216.74
1217.19
1217.4
1217.5
-0.0106745
-0.117118
0.0435221
0.893148
1.59709
-0.35533
-6.85777
-15.5636
-18.4217
-4.22484
36.3476
106.434
201.737
312.405
426.548
533.575
626.229
701.112
758.079
799.137
827.312
845.796
857.426
864.461
868.561
870.866
872.116
872.771
873.101
873.282
-0.00120214
-0.0621724
-0.033575
0.38302
0.977604
0.480001
-2.64098
-8.11649
-12.2758
-8.53886
10.0335
47.6983
104.225
175.056
253.013
330.503
401.32
461.563
509.707
546.106
572.284
590.274
602.131
609.645
614.237
616.947
618.494
619.348
619.804
620.069
0.00133543
-0.0300904
-0.0412646
0.143356
0.531004
0.54787
-0.795402
-3.87869
-7.2803
-7.49043
0.0379649
19.0625
50.9886
94.3278
145.271
198.928
250.631
296.851
335.576
366.217
389.254
405.789
417.165
424.691
429.491
432.45
434.214
435.235
435.806
436.154
0.00149241
-0.0133926
-0.0302632
0.0427135
0.2628
0.402565
-0.0976414
-1.6856
-3.95876
-5.21736
-2.75529
6.19127
23.3532
48.7524
80.7001
116.363
152.571
186.547
216.345
240.978
260.298
274.75
285.103
292.232
296.963
299.997
301.881
303.016
303.677
304.097
0.00106272
-0.00545212
-0.0183657
0.00608533
0.119376
0.247709
0.105108
-0.646976
-1.99707
-3.21057
-2.80516
1.03233
9.7881
24.0579
43.3275
66.1444
90.5495
114.568
136.595
155.592
171.112
183.188
192.179
198.609
203.039
205.987
207.887
209.074
209.792
210.266
0.000636614
-0.00197973
-0.00997526
-0.00425331
0.0494178
0.136727
0.124517
-0.200624
-0.936054
-1.8131
-2.08224
-0.652254
3.56053
11.2433
22.4379
36.5224
52.3974
68.7775
84.472
98.5796
110.569
120.26
127.748
133.299
137.262
139.993
141.815
142.994
143.732
144.237
0.000344764
-0.000594423
-0.00499721
-0.00531472
0.0181143
0.0695231
0.0928469
-0.0320074
-0.404188
-0.955313
-1.3379
-0.941646
0.945504
4.90178
11.17
19.5721
29.5599
40.3639
51.174
61.2932
70.2305
77.7265
83.7286
88.3358
91.7385
94.1634
95.8352
96.9529
97.6755
98.186
0.000173769
-0.000105317
-0.00233827
-0.00392219
0.00538341
0.0329025
0.0579775
0.0186981
-0.156777
-0.47269
-0.78464
-0.773887
-0.00787071
1.93245
5.31456
10.164
16.2525
23.1593
30.3742
37.4034
43.8503
49.4559
54.1026
57.7914
60.6064
62.6779
64.1518
65.1683
65.8459
66.34
8.26293e-05
3.38381e-05
-0.00102508
-0.00240245
0.000833009
0.0144982
0.0325981
0.0256351
-0.0509632
-0.219563
-0.429626
-0.525983
-0.26262
0.636314
2.39257
5.10214
8.70301
12.99
17.6653
22.4046
26.9157
30.9789
34.4629
37.3206
39.5715
41.28
42.5331
43.4234
44.0346
44.4939
3.72928e-05
5.32291e-05
-0.00041882
-0.00132375
-0.000453098
0.0058887
0.016982
0.0198721
-0.0104672
-0.0949813
-0.221947
-0.321673
-0.262425
0.1247
0.999711
2.46497
4.53273
7.11941
10.0657
13.1725
16.2404
19.1012
21.6368
23.7838
25.5281
26.8923
27.9226
28.6761
29.2081
29.6197
1.59894e-05
4.04007e-05
-0.000157332
-0.000676129
-0.000597571
0.00215767
0.00831085
0.0126774
0.0022292
-0.0377837
-0.109004
-0.18309
-0.193285
-0.0419006
0.376851
1.14703
2.30564
3.83066
5.64542
7.63586
9.67404
11.6406
13.4411
15.0138
16.3304
17.3906
18.2144
18.8338
19.2831
19.6408
5.59068e-06
2.68844e-05
-3.69757e-05
-0.000305009
-0.000493672
0.000422095
0.00340958
0.00711389
0.00583069
-0.00923296
-0.0436651
-0.0903617
-0.121876
-0.089834
0.0665241
0.405106
0.964661
1.7533
2.7454
3.88715
5.10787
6.33347
7.4981
8.55195
9.46446
10.2236
10.8323
11.3043
11.657
11.9468
)
;

boundaryField
{
    fixedWall_Bottom
    {
        type            greyDiffusiveRadiation;
        refValue        uniform 18049.5;
        refGradient     uniform 0;
        valueFraction   uniform 1;
        source          uniform 0;
        value           uniform 18049.5;
    }
    fixedWall_Right
    {
        type            greyDiffusiveRadiation;
        refValue        uniform 0;
        refGradient     uniform 0;
        valueFraction   uniform 0;
        source          uniform 0;
        value           nonuniform List<scalar> 
30
(
18033.5
17962.9
18157.6
18498.5
18473.4
17761.2
16397.6
14586.9
12555
10495.7
8551.72
6811.46
5317.24
4076.96
3076.09
2287.51
1678.87
1217.5
873.282
620.069
436.154
304.097
210.266
144.237
98.186
66.34
44.4939
29.6197
19.6408
11.9468
)
;
    }
    fixedWall_Left
    {
        type            greyDiffusiveRadiation;
        refValue        uniform 0;
        refGradient     uniform 0;
        valueFraction   uniform 1;
        source          uniform 0;
        value           uniform 0;
    }
    fixedWall_Top
    {
        type            greyDiffusiveRadiation;
        refValue        uniform 0;
        refGradient     uniform 0;
        valueFraction   uniform 0;
        source          uniform 0;
        value           nonuniform List<scalar> 
30
(
5.59068e-06
2.68844e-05
-3.69757e-05
-0.000305009
-0.000493672
0.000422095
0.00340958
0.00711389
0.00583069
-0.00923296
-0.0436651
-0.0903617
-0.121876
-0.089834
0.0665241
0.405106
0.964661
1.7533
2.7454
3.88715
5.10787
6.33347
7.4981
8.55195
9.46446
10.2236
10.8323
11.3043
11.657
11.9468
)
;
    }
    frontAndBack
    {
        type            empty;
    }
}


// ************************************************************************* //
