/*--------------------------------*- C++ -*----------------------------------*\
| =========                 |                                                 |
| \\      /  F ield         | OpenFOAM: The Open Source CFD Toolbox           |
|  \\    /   O peration     | Version:  2312                                  |
|   \\  /    A nd           | Website:  www.openfoam.com                      |
|    \\/     M anipulation  |                                                 |
\*---------------------------------------------------------------------------*/
FoamFile
{
    version     2.0;
    format      ascii;
    arch        "LSB;label=32;scalar=64";
    class       volScalarField;
    location    "0.015";
    object      ILambda_62_0;
}
// * * * * * * * * * * * * * * * * * * * * * * * * * * * * * * * * * * * * * //

dimensions      [1 0 -3 0 0 0 0];

internalField   nonuniform List<scalar> 
900
(
18062
18062
18062
18062
18062
18062
18062
18062
18062
18062
18062
18062
18062
18062
18062
18062
18062
18062
18062
18062
18062
18062
18061.9
18061.9
18062.1
18061.7
18057.3
18124.2
18567.6
16150.7
18047.6
18047.6
18047.6
18047.6
18047.6
18047.6
18047.6
18047.6
18047.6
18047.6
18047.6
18047.6
18047.6
18047.6
18047.6
18047.6
18047.6
18047.6
18047.6
18047.6
18047.6
18047.5
18047.6
18048
18047.9
18039.5
18047.5
18365.6
18928
12823.3
17980.6
17980.6
17980.6
17980.6
17980.6
17980.6
17980.6
17980.6
17980.6
17980.6
17980.6
17980.6
17980.6
17980.6
17980.6
17980.6
17980.6
17980.6
17980.6
17980.6
17980.6
17980.6
17981
17981.6
17976.4
17956.7
18036.1
18634
18630.1
10011.3
17991.2
17991.2
17991.2
17991.2
17991.2
17991.2
17991.2
17991.2
17991.2
17991.2
17991.2
17991.2
17991.2
17991.2
17991.2
17991.2
17991.2
17991.2
17991.2
17991.2
17991.2
17991.4
17992.1
17990.7
17975.1
17959.6
18186.6
18972.6
17907.4
7689.19
18123.9
18123.9
18123.9
18123.9
18123.9
18123.9
18123.9
18123.9
18123.9
18123.9
18123.9
18123.9
18123.9
18123.9
18123.9
18123.9
18123.9
18123.9
18123.9
18123.9
18123.9
18124.3
18124.7
18118.5
18093
18117
18539.1
19302.5
16876.3
5799.39
18280.3
18280.3
18280.3
18280.3
18280.3
18280.3
18280.3
18280.3
18280.3
18280.3
18280.3
18280.3
18280.3
18280.3
18280.3
18280.3
18280.3
18280.3
18280.3
18280.4
18280.5
18281
18279.9
18267.1
18241.7
18344.7
18944.9
19415.2
15550.2
4270.68
18346.9
18346.9
18346.9
18346.9
18346.9
18346.9
18346.9
18346.9
18346.9
18346.9
18346.9
18346.9
18346.9
18346.9
18346.9
18346.9
18346.9
18346.9
18346.9
18346.9
18347.2
18347.4
18343.7
18325.6
18316.5
18523.3
19220.5
19152.3
13984.1
3051.52
18250.6
18250.6
18250.6
18250.6
18250.6
18250.6
18250.6
18250.6
18250.6
18250.6
18250.6
18250.6
18250.6
18250.6
18250.6
18250.6
18250.6
18250.6
18250.6
18250.7
18250.9
18250.4
18243.8
18224.7
18248.6
18558.8
19233.4
18466.8
12282.7
2104
17950.1
17950.1
17950.1
17950.1
17950.1
17950.1
17950.1
17950.1
17950.1
17950.1
17950.1
17950.1
17950.1
17950.1
17950.1
17950.1
17950.1
17950.1
17950.1
17950.2
17950.3
17948.7
17939.7
17926
17994.2
18381.6
18909
17390.8
10552.5
1388.52
17429.7
17429.7
17429.7
17429.7
17429.7
17429.7
17429.7
17429.7
17429.7
17429.7
17429.7
17429.7
17429.7
17429.7
17429.7
17429.7
17429.7
17429.7
17429.8
17429.9
17429.7
17427
17417.2
17415
17530.2
17951.2
18228.3
16003.7
8880.89
864.003
16698.1
16698.1
16698.1
16698.1
16698.1
16698.1
16698.1
16698.1
16698.1
16698.1
16698.1
16698.1
16698.1
16698.1
16698.1
16698.1
16698.1
16698.1
16698.1
16698.2
16697.6
16694
16685.6
16699.6
16855.4
17258.7
17220.4
14407.8
7331.94
491.852
15781.8
15781.8
15781.8
15781.8
15781.8
15781.8
15781.8
15781.8
15781.8
15781.8
15781.8
15781.8
15781.8
15781.8
15781.8
15781.8
15781.8
15781.8
15781.9
15781.8
15780.8
15776.8
15772
15804.2
15986.9
16324.4
15947.7
12708.2
5946.16
237.655
14719.2
14719.2
14719.2
14719.2
14719.2
14719.2
14719.2
14719.2
14719.2
14719.2
14719.2
14719.2
14719.2
14719.2
14719.2
14719.2
14719.2
14719.2
14719.2
14719
14717.8
14714
14714.5
14763.9
14955.7
15189.6
14489.9
10998.6
4742.98
71.9516
13553.9
13553.9
13553.9
13553.9
13553.9
13553.9
13553.9
13553.9
13553.9
13553.9
13553.9
13553.9
13553.9
13553.9
13553.9
13553.9
13553.9
13553.9
13553.9
13553.6
13552.1
13549.4
13556.1
13619
13801.3
13908.3
12930
9354.3
3725.18
-29.4918
12330
12330
12330
12330
12330
12330
12330
12330
12330
12330
12330
12330
12330
12330
12330
12330
12330
12330
12329.9
12329.5
12328.1
12327
12340
12410.9
12567.2
12539.1
11344.9
7828.93
2883.7
-85.892
11088.4
11088.4
11088.4
11088.4
11088.4
11088.4
11088.4
11088.4
11088.4
11088.4
11088.4
11088.4
11088.4
11088.4
11088.4
11088.4
11088.4
11088.4
11088.3
11087.8
11086.6
11087.5
11105.9
11178.6
11296.6
11138.4
9798.67
6456.01
2202.05
-111.97
9864.41
9864.41
9864.41
9864.41
9864.41
9864.41
9864.41
9864.41
9864.41
9864.41
9864.41
9864.41
9864.41
9864.41
9864.41
9864.41
9864.41
9864.4
9864.26
9863.78
9863.1
9866.03
9888.41
9956.91
10029
9756.1
8340.24
5251.64
1659.94
-118.628
8686.81
8686.81
8686.81
8686.81
8686.81
8686.81
8686.81
8686.81
8686.81
8686.81
8686.81
8686.81
8686.81
8686.81
8686.81
8686.81
8686.81
8686.78
8686.62
8686.21
8686.12
8690.97
8715.44
8774.61
8798.1
8432.62
7002.99
4218.34
1235.97
-113.667
7577.18
7577.18
7577.18
7577.18
7577.18
7577.18
7577.18
7577.18
7577.18
7577.18
7577.18
7577.18
7577.18
7577.18
7577.18
7577.19
7577.18
7577.14
7576.98
7576.69
7577.24
7583.66
7608.27
7654.36
7630.97
7198.04
5806.3
3348.94
909.454
-102.466
6550.47
6550.47
6550.47
6550.47
6550.47
6550.47
6550.47
6550.47
6550.47
6550.47
6550.47
6550.47
6550.47
6550.47
6550.47
6550.47
6550.46
6550.41
6550.27
6550.15
6551.33
6558.79
6581.74
6612.53
6547.25
6072.28
4757.81
2629.97
661.569
-88.5767
5615.58
5615.58
5615.58
5615.58
5615.58
5615.58
5615.58
5615.58
5615.58
5615.58
5615.58
5615.58
5615.58
5615.58
5615.58
5615.58
5615.56
5615.51
5615.41
5615.47
5617.2
5625.13
5644.94
5659.72
5559.73
5066.16
3856.16
2044.53
475.886
-74.2246
4776.37
4776.37
4776.37
4776.37
4776.37
4776.37
4776.37
4776.37
4776.37
4776.37
4776.37
4776.37
4776.37
4776.37
4776.37
4776.37
4776.35
4776.31
4776.24
4776.5
4778.64
4786.48
4802.09
4801.44
4675.01
4182.91
3093.56
1574.43
338.551
-60.7011
4032.65
4032.65
4032.65
4032.65
4032.65
4032.65
4032.65
4032.65
4032.65
4032.65
4032.65
4032.65
4032.65
4032.65
4032.64
4032.64
4032.63
4032.59
4032.58
4033.01
4035.4
4042.63
4053.47
4038.94
3894.53
3419.93
2458.15
1201.7
238.202
-48.667
3381.13
3381.13
3381.13
3381.13
3381.13
3381.13
3381.13
3381.13
3381.13
3381.13
3381.13
3381.13
3381.13
3381.13
3381.13
3381.12
3381.11
3381.08
3381.13
3381.71
3384.18
3390.4
3396.3
3370.09
3215.65
2770.39
1935.82
909.599
165.733
-38.3759
2816.37
2816.37
2816.37
2816.37
2816.37
2816.37
2816.37
2816.37
2816.37
2816.37
2816.37
2816.37
2816.37
2816.37
2816.36
2816.36
2816.35
2816.34
2816.43
2817.11
2819.51
2824.45
2825.6
2790.28
2632.78
2224.74
1511.7
683.107
113.995
-29.8332
2331.49
2331.49
2331.49
2331.49
2331.49
2331.49
2331.49
2331.49
2331.49
2331.49
2331.49
2331.49
2331.49
2331.49
2331.49
2331.49
2331.48
2331.48
2331.63
2332.36
2334.55
2338.06
2334.94
2293.13
2138.31
1771.91
1171.19
509.215
77.4744
-22.906
1918.92
1918.92
1918.92
1918.92
1918.92
1918.92
1918.92
1918.92
1918.92
1918.92
1918.92
1918.92
1918.92
1918.92
1918.92
1918.92
1918.91
1918.93
1919.11
1919.85
1921.73
1923.78
1917.04
1871.24
1723.51
1400.35
900.666
376.94
51.9905
-17.395
1570.04
1570.04
1570.04
1570.04
1570.04
1570.04
1570.04
1570.04
1570.04
1570.04
1570.04
1570.04
1570.04
1570.04
1570.04
1570.03
1570.03
1570.07
1570.27
1570.98
1572.48
1573.13
1563.53
1515.97
1378.53
1098.12
687.454
277.014
34.3713
-13.0787
1284.96
1284.96
1284.96
1284.96
1284.96
1284.96
1284.96
1284.96
1284.96
1284.96
1284.96
1284.96
1284.96
1284.96
1284.96
1284.96
1284.96
1285.01
1285.22
1285.87
1286.96
1286.36
1274.62
1226.97
1101.24
860.283
524.674
203.885
22.7127
-9.78713
979.943
979.943
979.943
979.943
979.943
979.943
979.943
979.943
979.943
979.943
979.943
979.943
979.942
979.942
979.941
979.94
979.948
980.001
980.207
980.725
981.311
979.519
966.502
921.656
813.558
619.878
365.169
134.629
12.1926
-6.73933
)
;

boundaryField
{
    fixedWall_Bottom
    {
        type            greyDiffusiveRadiation;
        refValue        uniform 18049.5;
        refGradient     uniform 0;
        valueFraction   uniform 1;
        source          uniform 0;
        value           uniform 18049.5;
    }
    fixedWall_Right
    {
        type            greyDiffusiveRadiation;
        refValue        uniform 0;
        refGradient     uniform 0;
        valueFraction   uniform 1;
        source          uniform 0;
        value           uniform 0;
    }
    fixedWall_Left
    {
        type            greyDiffusiveRadiation;
        refValue        uniform 0;
        refGradient     uniform 0;
        valueFraction   uniform 0;
        source          uniform 0;
        value           nonuniform List<scalar> 
30
(
18062
18047.6
17980.6
17991.2
18123.9
18280.3
18346.9
18250.6
17950.1
17429.7
16698.1
15781.8
14719.2
13553.9
12330
11088.4
9864.41
8686.81
7577.18
6550.47
5615.58
4776.37
4032.65
3381.13
2816.37
2331.49
1918.92
1570.04
1284.96
979.943
)
;
    }
    fixedWall_Top
    {
        type            greyDiffusiveRadiation;
        refValue        uniform 0;
        refGradient     uniform 0;
        valueFraction   uniform 0;
        source          uniform 0;
        value           nonuniform List<scalar> 
30
(
979.943
979.943
979.943
979.943
979.943
979.943
979.943
979.943
979.943
979.943
979.943
979.943
979.942
979.942
979.941
979.94
979.948
980.001
980.207
980.725
981.311
979.519
966.502
921.656
813.558
619.878
365.169
134.629
12.1926
-6.73933
)
;
    }
    frontAndBack
    {
        type            empty;
    }
}


// ************************************************************************* //
