   2.4625348006354523E-002
   2.4127581922926206E-002
   2.3530602352759920E-002
   2.2755360631813309E-002
   2.1674947901093932E-002
   2.1123056981451550E-002
   2.0836218851665131E-002
   2.0565967175520439E-002
   2.0312291098146359E-002
   2.0075189480339192E-002
   1.9854673079413004E-002
   1.9650770537079438E-002
   1.9463525293558010E-002
   1.9292996818657451E-002
   1.9139265638040467E-002
   1.9002434690393023E-002
   1.8882628755166695E-002
   1.8780003266074704E-002
   1.8694739732050610E-002
   1.8627053898509459E-002
   1.8577197417839055E-002
   1.8545462952594578E-002
   1.8532187401350344E-002
   1.8537753717588583E-002
   1.8562600908813277E-002
   1.8607222666654991E-002
   1.8672173971131613E-002
   1.9342145965221023E-002
   2.0541944389128104E-002
   2.1249635609957598E-002
   2.1705491025371886E-002
   2.2051342446618629E-002
   2.2667972560871181E-002
   2.3261209512052530E-002
   2.3847572549558192E-002
   2.4436481437275195E-002
   2.5033343480070459E-002
   2.5641272970576941E-002
   2.6262064844873551E-002
   2.6896752979167042E-002
   2.7545932331705790E-002
   2.8209946922123669E-002
   2.8888994394010489E-002
   2.9584689414203631E-002
   3.0295831149629634E-002
   3.1022044459577684E-002
   3.1763385270599499E-002
   3.2519908015521952E-002
   3.3248538181175839E-002
   3.3776947872237929E-002
   3.4309568353207309E-002
   3.4846397330750324E-002
   3.5387432945882660E-002
   3.5932675427497660E-002
   3.6482120612002969E-002
   3.7035771368093100E-002
   3.7593622740314719E-002
   3.8155676952881808E-002
   3.8721931603071351E-002
   3.9292384654291357E-002
   3.9867038105452585E-002
   4.0445887168914049E-002
   4.1028936670727684E-002
   4.1616180743038717E-002
   4.2207623344341111E-002
   4.2803261252545369E-002
   4.3403097512196329E-002
   4.4007127669370968E-002
   4.4615355689783212E-002
   4.5227779926003561E-002
   4.5844399050846883E-002
   4.6465218529235866E-002
   4.7090233627569221E-002
   4.7719446366443347E-002
   4.8352859273278308E-002
   4.8990473108877719E-002
   4.9632286733342315E-002
   5.0278303975216064E-002
   5.0928524481212739E-002
   5.1582948208548564E-002
   5.2241580323422278E-002
   5.2904421645385093E-002
   5.3571470847894202E-002
   5.4242734443625935E-002
   5.4918211877641385E-002
   5.5597908055090017E-002
   5.6281820499540308E-002
   5.6969957566645572E-002
   5.7662320182899060E-002
   5.8358909569325046E-002
   5.9059730032790650E-002
   5.9764786332517819E-002
   6.0474080847206256E-002
   6.1187619175861553E-002
   6.1905401561348751E-002
   6.2627434376186578E-002
   6.3353721510832878E-002
   6.4084267224052721E-002
   6.4819076162757464E-002
   6.5558156475795645E-002
   6.6301507433901882E-002
   6.7049141144703367E-002
   6.7801054348745990E-002
   6.8557263301514335E-002
   6.9317765391976802E-002
   7.0082567995198589E-002
   7.0851682326751056E-002
   7.1625113396643847E-002
   7.2402863087900601E-002
   7.3184943925531459E-002
   7.3970374177489515E-002
   7.4760176888735541E-002
   7.5554357257303931E-002
   7.6352924587820892E-002
   7.7155881411968316E-002
   7.7963238026644066E-002
   7.8775005357582334E-002
   7.9591183496456039E-002
   8.0411788123153222E-002
   8.1236820102963972E-002
   8.2066296242286466E-002
   8.2900218186674368E-002
   8.3738599847261855E-002
   8.4581447626198472E-002
   8.5428776509314588E-002
   8.6280593809701864E-002
   8.7136911390808203E-002
   8.7997737360902731E-002
   8.8863084477018947E-002
   8.9732966020494603E-002
   9.0607395799733065E-002
   9.1486379257789130E-002
   9.2369935500957373E-002
   9.3258075278843056E-002
   9.4150814299412744E-002
   9.5048164189839773E-002
   9.5950136947875644E-002
   9.6856749695449343E-002
   9.7768015339891087E-002
   9.8683952022183219E-002
   9.9604568687886252E-002
  0.10052988931808707     
  0.10145992871256318     
  0.10239469702707525     
  0.10333421993957752     
  0.10427850849630582     
  0.10522757916885961     
  0.10618145412663128     
  0.10714015087028390     
  0.10810368734608942     
  0.10907208738015739     
  0.11004535901347584     
  0.11102353247473908     
  0.11200662770965644     
  0.11299465947607801     
  0.11398765421514089     
  0.11498562753109424     
  0.11598860695317878     
  0.11699660895222623     
  0.11800966217470404     
  0.11902806101719263     
  0.12005155118339034     
  0.12108015704780307     
  0.12211390970667477     
  0.12315282849898311     
  0.12419693937310830     
  0.12524626881426265     
  0.12630084385100865     
  0.12736069206177045     
  0.12842583498680277     
  0.12949630778391211     
  0.13057212625853357     
  0.13165333343792235     
  0.13273995287482124     
  0.13383200843108337     
  0.13492953128685770     
  0.13603255321715924     
  0.13714111375243679     
  0.13825522441647572     
  0.13937493297007250     
  0.14050026625775472     
  0.14163125145079242     
  0.14276793110177094     
  0.14391032589016511     
  0.14505848724876941     
  0.14621242907295273     
  0.14737220416952365     
  0.14853783495037010     
  0.14970935985117992     
  0.15088682605869147     
  0.15207024908282332     
  0.15325968537816645     
  0.15445515939484411     
  0.15565672086348004     
  0.15686439500926344     
  0.15807823285678957     
  0.15929826909919048     
  0.16052453877507994     
  0.16175708613814074     
  0.16299595614975912     
  0.16424117636673741     
  0.16549281092534499     
  0.16675087919275233     
  0.16801544684032521     
  0.16922694463867965     
  0.17043626215800919     
  0.17165131906772843     
  0.17287214596252273     
  0.17409877364624762     
  0.17533123312769477     
  0.17656955561612855     
  0.17781377251663258     
  0.17906391542520694     
  0.18032001612368712     
  0.18158210657439194     
  0.18285021891457112     
  0.18412438545058915     
  0.18540463865187978     
  0.18669101114462341     
  0.18798353570519860     
  0.18928224525333212     
  0.19058717284500287     
  0.19189835166504784     
  0.19321581501948340     
  0.19453959632754705     
  0.19586972911341635     
  0.19720624699762906     
  0.19854918368818369     
  0.19989857297132282     
  0.20125444870196835     
  0.20261684479382863     
  0.20398579520915955     
  0.20536133394814970     
  0.20674349503796452     
  0.20813231252140238     
  0.20952782044516882     
  0.21093005284776473     
  0.21233904374697313     
  0.21375482712693866     
  0.21517743692482505     
  0.21660690701704860     
  0.21804327120507530     
  0.21948656320077858     
  0.22093681661133291     
  0.22239406492364683     
  0.22385834148832032     
  0.22532967950313187     
  0.22680811199600781     
  0.22829367180751345     
  0.22978639157281791     
  0.23128630370313757     
  0.23279344036664518     
  0.23430783346885237     
  0.23582951463241311     
  0.23735851517638629     
  0.23889486609491514     
  0.24043859803532969     
  0.24198974127564973     
  0.24354832570149149     
  0.24511438078235917     
  0.24668793554731705     
  0.24826901856001868     
  0.24985765789311137     
  0.25145388110197531     
  0.25305771519780190     
  0.25466918662001475     
  0.25628832120799028     
  0.25791514417211248     
  0.25954968006410872     
  0.26119195274669282     
  0.26284198536248737     
  0.26449980030222647     
  0.26616541917221981     
  0.26783886276109159     
  0.26952015100575877     
  0.27120930295666434     
  0.27290633674225095     
  0.27461126953266723     
  0.27632411750270164     
  0.27804489579394198     
  0.27977361847615217     
  0.28151029850786341     
  0.28325494769617676     
  0.28500757665577459     
  0.28676819476712745     
  0.28853681013392768     
  0.29031342953969452     
  0.29209805840360953     
  0.29389070073553669     
  0.29569135909025529     
  0.29750003452089846     
  0.29931672653160013     
  0.30114143302935198     
  0.30297415027509211     
  0.30481487283400716     
  0.30666359352507266     
  0.30852030336983433     
  0.31038499154044485     
  0.31225764530695521     
  0.31413824998389295     
  0.31602678887611740     
  0.31792324322399074     
  0.31982759214786011     
  0.32173981259189310     
  0.32365987926726025     
  0.32558776459470229     
  0.32752343864651623     
  0.32946686908794925     
  0.33141802111806645     
  0.33337685741010781     
  0.33534333805134647     
  0.33731742048251634     
  0.33929905943681554     
  0.34128820687853395     
  0.34328481194135196     
  0.34528882086633284     
  0.34730017693967347     
  0.34931882043024703     
  0.35134468852699180     
  0.35337771527619444     
  0.35541783151872769     
  0.35746496482729451     
  0.35951903944373048     
  0.36157997621644666     
  0.36364769253806445     
  0.36572210228329532     
  0.36780311574717672     
  0.36989063958368895     
  0.37198457674486612     
  0.37408482642046148     
  0.37619128397825141     
  0.37830384090506941     
  0.38042238474864504     
  0.38254679906035832     
  0.38467696333897405     
  0.38681275297548751     
  0.38895403919914001     
  0.39110068902475209     
  0.39325256520143642     
  0.39540952616282488     
  0.39757142597891032     
  0.39973811430961764     
  0.40190943636021792     
  0.40408523283870856     
  0.40626533991527092     
  0.40844958918393715     
  0.41063780762658825     
  0.41282981757940679     
  0.41502543670191666     
  0.41722447794874090     
  0.41942674954421266     
  0.42163205495995715     
  0.42384019289560920     
  0.42605095726277314     
  0.42826413717237932     
  0.43047951692556913     
  0.43269687600825302     
  0.43491598908946855     
  0.43713662602368586     
  0.43935855185719686     
  0.44158152683872964     
  0.44380530643441146     
  0.44602964134722900     
  0.44825427754111324     
  0.45047895626978823     
  0.45270341411049758     
  0.45492738300275093     
  0.45715059029221178     
  0.45937275877983447     
  0.46159360677639300     
  0.46381284816247642     
  0.46603019245410088     
  0.46824534487401015     
  0.47045800642877467     
  0.47266787399178151     
  0.47487464039219618     
  0.47707799450997812     
  0.47927762137701824     
  0.48147320228446872     
  0.48366441489631473     
  0.48585093336922952     
  0.48803242847877576     
  0.49020856775194782     
  0.49237901560609942     
  0.49454343349425911     
  0.49670148005682579     
  0.49885281127963776     
  0.50099708065838955     
  0.50313393936935769     
  0.50526303644639858     
  0.50738401896413488     
  0.50949653222728830     
  0.51160021996604088     
  0.51369472453735276     
  0.51577968713210309     
  0.51785474798793774     
  0.51991954660768380     
  0.52197372198316971     
  0.52401691282428942     
  0.52604875779312199     
  0.52806889574291471     
  0.53007696596171816     
  0.53207260842044124     
  0.53405546402509929     
  0.53602517487299495     
  0.53798138451255761     
  0.53992373820658834     
  0.54185188319858235     
  0.54376546898184952     
  0.54566414757111026     
  0.54754757377622165     
  0.54941540547771983     
  0.55126730390379952     
  0.55310293390838627     
  0.55492196424992279     
  0.55672406787048589     
  0.55850892217485759     
  0.56027620930913080     
  0.56202561643847160     
  0.56375683602360782     
  0.56546956609564591     
  0.56716351052878355     
  0.56883837931050607     
  0.57049388880883856     
  0.57212976203623112     
  0.57374572890964737     
  0.57534152650643877     
  0.57691689931557377     
  0.57847159948381355     
  0.58000538705640825     
  0.58151803021190607     
  0.58300930549068408     
  0.58447899801677650     
  0.58592690171265005     
  0.58735281950651153     
  0.58875656353180161     
  0.59013795531851787     
  0.59149682597600906     
  0.59283301636692920     
  0.59414637727201935     
  0.59543676954543123     
  0.59670406426029954     
  0.59794814284429698     
  0.59916889720493371     
  0.60036622984435428     
  0.60154005396344135     
  0.60269029355501713     
  0.60381688348598761     
  0.60491976956827231     
  0.60599890861839167     
  0.60705426850561894     
  0.60808582818859247     
  0.60909357774034811     
  0.61007751836172108     
  0.61103766238310664     
  0.61197403325458533     
  0.61288666552444204     
  0.61377560480613447     
  0.61464090773378055     
  0.61548264190626401     
  0.61630088582008125     
  0.61709572879106100     
  0.61786727086512017     
  0.61861562271824211     
  0.61934090554587140     
  0.62004325094195234     
  0.62072280076783481     
  0.62137970701132927     
  0.62201413163615715     
  0.62262624642210407     
  0.62321623279616778     
  0.62378428165503474     
  0.62433059317920103     
  0.62485537663909274     
  0.62535885019353610     
  0.62584124068095193     
  0.62630278340363632     
  0.62674372190552541     
  0.62716430774382270     
  0.62756480025490147     
  0.62794546631486525     
  0.62830658009519003     
  0.62864842281385003     
  0.62897128248233303     
  0.62927545364896931     
  0.62956123713897827     
  0.62982893979164156     
  0.63007887419502262     
  0.63031135841862318     
  0.63052671574439445     
  0.63072527439648995     
  0.63090736727015062     
  0.63107333166011914     
  0.63122350898894952     
  0.63135824453558631     
  0.63147788716457998     
  0.63158278905627918     
  0.63167330543836198     
  0.63174979431901357     
  0.63181261622209539     
  0.63186213392460344     
  0.63189871219671512     
  0.63192271754471541     
  0.63193451795707589     
  0.63193448265394225     
  0.63192298184029094     
  0.63190038646297664     
  0.63186706797190517     
  0.63182339808553289     
  0.63176974856089463     
  0.63170649096833498     
  0.63163399647112028     
  0.63155263561008346     
  0.63146277809344009     
  0.63136479259191469     
  0.63125904653928311     
  0.63114590593844155     
  0.63102573517309368     
  0.63089889682512634     
  0.63076575149775127     
  0.63062665764446146     
  0.63048197140384243     
  0.63033204644027951     
  0.63017723379057222     
  0.63001788171647444     
  0.62985433556315507     
  0.62968693762357231     
  0.62951602700873999     
  0.62934193952386386     
  0.62916500755030458     
  0.62898555993332439     
  0.62880392187556833     
  0.62862041483621400     
  0.62843535643572412     
  0.62824906036613715     
  0.62806183630679624     
  0.62787398984544873     
  0.62768582240461890     
  0.62749763117315160     
  0.62730970904283134     
  0.62712234454997218     
  0.62693582182186425     
  0.62675042052796470     
  0.62656641583572059     
  0.62638407837089816     
  0.62620367418230494     
  0.62602546471076537     
  0.62584970676224738     
  0.62567665248498372     
  0.62550654935048611     
  0.62533964013829968     
  0.62517616292438150     
  0.62501635107296794     
  0.62486043323178642     
  0.62470863333050619     
  0.62456117058226590     
  0.62441825948816776     
  0.62428010984460103     
  0.62414692675325611     
  0.62401891063371517     
  0.62389625723847764     
  0.62377915767029979     
  0.62366779840172093     
  0.62356236129664999     
  0.62346302363389627     
  0.62336995813251017     
  0.62328333297882987     
  0.62320331185510525     
  0.62313005396959087     
  0.62306371408798633     
  0.62300444256612020     
  0.62295238538376929     
  0.62290768417949516     
  0.62287047628640946     
  0.62284089476875393     
  0.62281906845919743     
  0.62280512199675742     
  0.62279917586524947     
  0.62280134643216412     
  0.62281174598789779     
  0.62283048278523134     
  0.62285766107898799     
  0.62289338116577819     
  0.62293773942375374     
  0.62299082835229758     
  0.62305273661156979     
  0.62312354906184086     
  0.62320334680254375     
  0.62329220721097078     
  0.62339020398056189     
  0.62349740715871083     
  0.62361388318404165     
  0.62373969492308690     
  0.62387490170632121     
  0.62401955936349740     
  0.62417372025823181     
  0.62433743332179759     
  0.62451074408607654     
  0.62469369471563108     
  0.62488632403885602     
  0.62508866757817338     
  0.62530075757923698     
  0.62552262303910899     
  0.62575428973339375     
  0.62599578024228342     
  0.62624711397550192     
  0.62650830719613004     
  0.62677937304327891     
  0.62706032155360458     
  0.62735115968165112     
  0.62765189131900212     
  0.62796251731224062     
  0.62828303547970477     
  0.62861344062703939     
  0.62895372456154408     
  0.62930387610530714     
  0.62966388110715399     
  0.63003372245338718     
  0.63041338007735748     
  0.63080283096785406     
  0.63120204917634459     
  0.63161100582308005     
  0.63202966910208203     
  0.63245800428504206     
  0.63289597372415607     
  0.63334353685392664     
  0.63380065019196696     
  0.63426726733883809     
  0.63474333897696744     
  0.63522881286868171     
  0.63572363385340902     
  0.63622774384409031     
  0.63674108182286060     
  0.63726358383605042     
  0.63779518298856663     
  0.63833580943771406     
  0.63888539038653047     
  0.63944385007668847     
  0.64001110978105302     
  0.64058708779595330     
  0.64117169943326469     
  0.64176485701236574     
  0.64236646985206125     
  0.64297644426256739     
  0.64359468353763505     
  0.64422108794691513     
  0.64485555472866352     
  0.64549797808287268     
  0.64614824916495772     
  0.64680625608006981     
  0.64747188387817511     
  0.64814501454998974     
  0.64882552702389296     
  0.64951329716393025     
  0.65020819776902417     
  0.65091009857351367     
  0.65161886624913745     
  0.65233436440859116     
  0.65305645361077280     
  0.65378499136784640     
  0.65451983215424980     
  0.65526082741776437     
  0.65600782559278226     
  0.65676067211588707     
  0.65751920944387909     
  0.65828327707436796     
  0.65905271156904999     
  0.65982734657980002     
  0.66060701287769208     
  0.66139153838506159     
  0.66218074821073480     
  0.66297446468852117     
  0.66377250741909088     
  0.66457469331532759     
  0.66538083665126480     
  0.66619074911469156     
  0.66700423986352109     
  0.66782111558599899     
  0.66864118056483235     
  0.66946423674529998     
  0.67029008380741728     
  0.67111851924219001     
  0.67194933843202076     
  0.67278233473529181     
  0.67361729957515148     
  0.67445402253252640     
  0.67529229144335801     
  0.67613189250006467     
  0.67697261035720768     
  0.67781422824134296     
  0.67865652806500798     
  0.67949929054480196     
  0.68034229532349066     
  0.68118532109606067     
  0.68202814573963588     
  0.68287054644714862     
  0.68371229986465742     
  0.68455318223217465     
  0.68539296952786954     
  0.68623143761548033     
  0.68706836239478064     
  0.68790351995490540     
  0.68873668673034882     
  0.68956763965942258     
  0.69039615634495599     
  0.69122201521700533     
  0.69204499569732636     
  0.69286487836535893     
  0.69368144512544694     
  0.69449447937503384     
  0.69530376617353085     
  0.69610909241157148     
  0.69691024698035098     
  0.69770702094073345     
  0.69849920769181739     
  0.69928660313862911     
  0.70006900585862930     
  0.70084621726668594     
  0.70161804177819787     
  0.70238428697002320     
  0.70314476373888113     
  0.70389928645689337     
  0.70464767312393639     
  0.70538974551646894     
  0.70612532933251848     
  0.70685425433249804     
  0.70757635447555112     
  0.70829146805111332     
  0.70899943780539465     
  0.70970011106250119     
  0.71039333983992148     
  0.71107898095810929     
  0.71175689614392090     
  0.71242695212767071     
  0.71308902073358016     
  0.71374297896342720     
  0.71438870907320318     
  0.71502609864260669     
  0.71565504063722896     
  0.71627543346330458     
  0.71688718101489834     
  0.71749019271345948     
  0.71808438353965620     
  0.71866967405744620     
  0.71924599043035309     
  0.71981326442994398     
  0.72037143343651278     
  0.72092044043201309     
  0.72146023398528902     
  0.72199076822968034     
  0.72251200283310280     
  0.72302390296071084     
  0.72352643923028614     
  0.72401958766050400     
  0.72450332961224573     
  0.72497765172315287     
  0.72544254583562995     
  0.72589800891851275     
  0.72634404298264643     
  0.72678065499062472     
  0.72720785676095101     
  0.72762566486690483     
  0.72803410053039574     
  0.72843318951110980     
  0.72882296199124907     
  0.72920345245618412     
  0.72957469957133747     
  0.72993674605562664     
  0.73028963855179352     
  0.73063342749396254     
  0.73096816697275224     
  0.73129391459828397     
  0.73161073136142207     
  0.73191868149357830     
  0.73221783232541537     
  0.73250825414477250     
  0.73279002005414628     
  0.73306320582803375     
  0.73332788977045982     
  0.73358415257298581     
  0.73383207717350096     
  0.73407174861608437     
  0.73430325391221307     
  0.73452668190358450     
  0.73474212312681808     
  0.73494966968027031     
  0.73514941509321174     
  0.73534145419757169     
  0.73552588300248334     
  0.73570279857180376     
  0.73587229890480466     
  0.73603448282021144     
  0.73618944984373136     
  0.73633730009923304     
  0.73647813420369379     
  0.73661205316604439     
  0.73673915829000791     
  0.73685955108102774     
  0.73697333315736013     
  0.73708060616539861     
  0.73718147169928383     
  0.73727603122483576     
  0.73736438600783583     
  0.73744663704668190     
  0.73752288500941321     
  0.73759323017510237     
  0.73765777237959640     
  0.73771661096558239     
  0.73776984473693707     
  0.73781757191731379     
  0.73785989011291431     
  0.73789689627938115     
  0.73792868669273204     
  0.73795535692426739     
  0.73797700181935422     
  0.73799371547999937     
  0.73800559125110943     
  0.73801272171033327     
  0.73801519866137588     
  0.73801311313066986     
  0.73800655536728388     
  0.73799561484594223     
  0.73798038027303570     
  0.73796093959548603     
  0.73793738001233589     
  0.73790978798893048     
  0.73787824927355106     
  0.73784284891636498     
  0.73780367129055446     
  0.73776080011548073     
  0.73771431848174973     
  0.73766430887803169     
  0.73761085321950548     
  0.73755403287777599     
  0.73749392871213915     
  0.73743062110204882     
  0.73736418998065256     
  0.73729471486926534     
  0.73722227491264403     
  0.73714694891493526     
  0.73706881537616920     
  0.73698795252917204     
  0.73690443837677511     
  0.73681835072919910     
  0.73672976724150008     
  0.73663876545095464     
  0.73654542281428270     
  0.73644981674458909     
  0.73635202464792937     
  0.73625212395938811     
  0.73615019217858002     
  0.73604630690446848     
  0.73594054586942403     
  0.73583298697241784     
  0.73572370831128087     
  0.73561278821393561     
  0.73550030526852972     
  0.73538633835239731     
  0.73527096665976921     
  0.73515426972817721     
  0.73503632746347713     
  0.73491722016343775     
  0.73479702853983264     
  0.73467583373898715     
  0.73455371736072428     
  0.73443076147566422     
  0.73430704864083585     
  0.73418266191355230     
  0.73405768486351963     
  0.73393220158313743     
  0.73380629669596276     
  0.73368005536330405     
  0.73355356328892063     
  0.73342690672180300     
  0.73330017245700718     
  0.73317344783453320     
  0.73304682073621730     
  0.73292037958063627     
  0.73279421331599814     
  0.73266841141102212     
  0.73254306384378209     
  0.73241826108852603     
  0.73229409410044932     
  0.73217065429842842     
  0.73204803354571124     
  0.73192632412856318     
  0.73180561873287109     
  0.73168601041870851     
  0.73156759259286930     
  0.73145045897936845     
  0.73133470358792951     
  0.73122042068045645     
  0.73110770473550490     
  0.73099665041076956     
  0.73088735250358783     
  0.73077990590949116     
  0.73067440557880270     
  0.73057094647131215     
  0.73046962350903855     
  0.73037053152710230     
  0.73027376522273002     
  0.73017941910241424     
  0.73008758742724977     
  0.72999836415647612     
  0.72991184288925504     
  0.72982811680470561     
  0.72974727860023858     
  0.72966942042821503     
  0.72959463383097145     
  0.72952300962264094     
  0.72945336984666953     
  0.72938706597050240     
  0.72932418639282970     
  0.72926481856456871     
  0.72920904891511773     
  0.72915696269724639     
  0.72910864412317600     
  0.72906417607493534     
  0.72902364010484788     
  0.72898711635580071     
  0.72895468353537918     
  0.72892641872541819     
  0.72890239738122042     
  0.72888269319333931     
  0.72886737805902324     
  0.72885652197036677     
  0.72885019292943765     
  0.72884845683457411     
  0.72885137745144757     
  0.72885901627067706     
  0.72887143253725806     
  0.72888868296380716     
  0.72891082184705347     
  0.72893790083844767     
  0.72896996894710209     
  0.72900707242741458     
  0.72904925469650739     
  0.72909655628267156     
  0.72914901465546322     
  0.72920666420585489     
  0.72926953626008117     
  0.72933765882299473     
  0.72941105662501693     
  0.72948975105136582     
  0.72957375998078533     
  0.72966309781085359     
  0.72975777539485776     
  0.72985779991893684     
  0.72996317484377038     
  0.73007389997608696     
  0.73018997122958973     
  0.73031138073549429     
  0.73043811667312641     
  0.73057016339063618     
  0.73070750114730409     
  0.73085010637269787     
  0.73099795132072320     
  0.73115100430770708     
  0.73130922960195166     
  0.73147258738224830     
  0.73164103376710221     
  0.73181452081743770     
  0.73199299657828931     
  0.73217640506086257     
  0.73236468623022710     
  0.73255777603214245     
  0.73275560659338279     
  0.73295810596229027     
  0.73316519845564243     
  0.73337680451188991     
  0.73359284085167675     
  0.73381322046061492     
  0.73403785278075484     
  0.73426664367277250     
  0.73449949557021366     
  0.73473630757297248     
  0.73497697551311436     
  0.73522139206081460     
  0.73546944688772942     
  0.73572102675127127     
  0.73597601558442938     
  0.73623429469378898     
  0.73649574284329533     
  0.73676023642864219     
  0.73702764957079359     
  0.73729785433409989     
  0.73757072084573072     
  0.73784611743603989     
  0.73812391081680984     
  0.73840396627986360     
  0.73868614776081687     
  0.73897031814594150     
  0.73925633935735136     
  0.73954407252566745     
  0.73983337818093342     
  0.74012411644411080     
  0.74041614718432214     
  0.74070933019299101     
  0.74100352532292590     
  0.74129859274626397     
